# This file was generated by Animated Java via MC-Build. It is not recommended to edit this file directly.
$data merge entity $(crown) {transformation: [-0.9758f,0.0143f,0.2183f,0.0513f,0.0218f,0.9992f,0.0321f,1.9811f,-0.2177f,0.0361f,-0.9753f,-0.068f,0f,0f,0f,1f],start_interpolation: 0,interpolation_duration: 0}
$data merge entity $(head) {transformation: [-0.9758f,0.0143f,0.2183f,0.0441f,0.0218f,0.9992f,0.0321f,1.4815f,-0.2177f,0.0361f,-0.9753f,-0.0861f,0f,0f,0f,1f],start_interpolation: 0,interpolation_duration: 0}
$data merge entity $(rwide) {transformation: [-0.5105f,0.8372f,0.1962f,-0.0463f,-0.1619f,0.1305f,-0.9781f,1.2893f,-0.8445f,-0.5311f,0.069f,-0.3887f,0f,0f,0f,1f],start_interpolation: 0,interpolation_duration: 0}
$data merge entity $(rslim) {transformation: [0f,0f,0f,-0.0463f,0f,0f,0f,1.2893f,0f,0f,0f,-0.3887f,0f,0f,0f,1f],start_interpolation: 0,interpolation_duration: 0}
$data merge entity $(right_item) {transformation: [0f,0f,0f,-0.5766f,0f,0f,0f,1.1886f,0f,0f,0f,-0.3079f,0f,0f,0f,1f],start_interpolation: 0,interpolation_duration: 0}
$data merge entity $(right_item2) {transformation: [0f,0f,0f,-0.5937f,0f,0f,0f,1.2934f,0f,0f,0f,-0.1326f,0f,0f,0f,1f],start_interpolation: 0,interpolation_duration: 0}
$data merge entity $(binding_blade) {transformation: [0f,0f,0f,-0.6137f,0f,0f,0f,1.2588f,0f,0f,0f,-0.1139f,0f,0f,0f,1f],start_interpolation: 0,interpolation_duration: 0}
$data merge entity $(heros_shield_toon) {transformation: [0f,0f,0f,-0.6169f,0f,0f,0f,1.1843f,0f,0f,0f,-0.2549f,0f,0f,0f,1f],start_interpolation: 0,interpolation_duration: 0}
$data merge entity $(blaster) {transformation: [0f,0f,0f,-0.5953f,0f,0f,0f,1.1671f,0f,0f,0f,-0.1074f,0f,0f,0f,1f],start_interpolation: 0,interpolation_duration: 0}
$data merge entity $(mr_baseball_bat) {transformation: [0f,0f,0f,-0.523f,0f,0f,0f,1.2099f,0f,0f,0f,-0.1594f,0f,0f,0f,1f],start_interpolation: 0,interpolation_duration: 0}
$data merge entity $(sword_of_light) {transformation: [0f,0f,0f,-0.5853f,0f,0f,0f,1.1844f,0f,0f,0f,-0.1168f,0f,0f,0f,1f],start_interpolation: 0,interpolation_duration: 0}
$data merge entity $(lwide) {transformation: [-0.0042f,-0.3474f,0.9377f,0.1721f,-0.9956f,-0.0866f,-0.0365f,1.2636f,0.0939f,-0.9337f,-0.3455f,0.2335f,0f,0f,0f,1f],start_interpolation: 0,interpolation_duration: 0}
$data merge entity $(lslim) {transformation: [0f,0f,0f,0.1721f,0f,0f,0f,1.2636f,0f,0f,0f,0.2335f,0f,0f,0f,1f],start_interpolation: 0,interpolation_duration: 0}
$data merge entity $(left_item) {transformation: [0f,0f,0f,0.2908f,0f,0f,0f,1.3806f,0f,0f,0f,0.8144f,0f,0f,0f,1f],start_interpolation: 0,interpolation_duration: 0}
$data merge entity $(left_item2) {transformation: [0f,0f,0f,0.3468f,0f,0f,0f,1.5247f,0f,0f,0f,0.6798f,0f,0f,0f,1f],start_interpolation: 0,interpolation_duration: 0}
$data merge entity $(mega_buster) {transformation: [0f,0f,0f,0.3895f,0f,0f,0f,1.3799f,0f,0f,0f,0.8112f,0f,0f,0f,1f],start_interpolation: 0,interpolation_duration: 0}
$data merge entity $(master_sword) {transformation: [0f,0f,0f,0.3749f,0f,0f,0f,1.3961f,0f,0f,0f,0.8152f,0f,0f,0f,1f],start_interpolation: 0,interpolation_duration: 0}
$data merge entity $(heros_shield) {transformation: [0f,0f,0f,0.2888f,0f,0f,0f,1.5015f,0f,0f,0f,0.5377f,0f,0f,0f,1f],start_interpolation: 0,interpolation_duration: 0}
$data merge entity $(body) {transformation: [-0.4226f,0.079f,0.9029f,-0.0151f,0f,0.9962f,-0.0872f,0.7344f,-0.9063f,-0.0368f,-0.421f,-0.0585f,0f,0f,0f,1f],start_interpolation: 0,interpolation_duration: 0}
$data merge entity $(right_leg) {transformation: [-0.2588f,0f,0.9659f,-0.0307f,0f,1f,0f,0.75f,-0.9659f,0f,-0.2588f,-0.1772f,0f,0f,0f,1f],start_interpolation: 0,interpolation_duration: 0}
$data merge entity $(left_leg) {transformation: [-0.3829f,-0.0098f,0.9237f,-0.1725f,-0.1304f,0.9905f,-0.0436f,0.9375f,-0.9145f,-0.1372f,-0.3806f,0.139f,0f,0f,0f,1f],start_interpolation: 0,interpolation_duration: 0}
execute unless entity @s[tag=aj.transforms_only] run function ssbrc:booth/fighter_select/rig/variants/lucario/apply