# This file was generated by Animated Java via MC-Build. It is not recommended to edit this file directly.
$data merge entity $(crown) {transformation: [-0.9706f,-0.2402f,0.0161f,-0.2044f,-0.2361f,0.9629f,0.1308f,1.9507f,-0.0469f,0.1231f,-0.9913f,0.2566f,0f,0f,0f,1f],start_interpolation: 0,interpolation_duration: 0}
$data merge entity $(head) {transformation: [-0.9706f,-0.2402f,0.0161f,-0.0843f,-0.2361f,0.9629f,0.1308f,1.4693f,-0.0469f,0.1231f,-0.9913f,0.195f,0f,0f,0f,1f],start_interpolation: 0,interpolation_duration: 0}
$data merge entity $(rwide) {transformation: [-0.6345f,-0.6528f,0.4139f,-0.2689f,0.165f,0.4088f,0.8976f,1.3641f,-0.7551f,0.6378f,-0.1516f,-0.0978f,0f,0f,0f,1f],start_interpolation: 0,interpolation_duration: 0}
$data merge entity $(rslim) {transformation: [0f,0f,0f,-0.2689f,0f,0f,0f,1.3641f,0f,0f,0f,-0.0978f,0f,0f,0f,1f],start_interpolation: 0,interpolation_duration: 0}
$data merge entity $(right_item) {transformation: [0f,0f,0f,-0.0813f,0f,0f,0f,1.1958f,0f,0f,0f,-0.5818f,0f,0f,0f,1f],start_interpolation: 0,interpolation_duration: 0}
$data merge entity $(right_item2) {transformation: [0f,0f,0f,0.0403f,0f,0f,0f,1.0476f,0f,0f,0f,-0.5094f,0f,0f,0f,1f],start_interpolation: 0,interpolation_duration: 0}
$data merge entity $(binding_blade) {transformation: [0f,0f,0f,0.0736f,0f,0f,0f,1.0628f,0f,0f,0f,-0.5341f,0f,0f,0f,1f],start_interpolation: 0,interpolation_duration: 0}
$data merge entity $(heros_shield_toon) {transformation: [0.7473f,0.3851f,0.5416f,-0.0063f,-0.3876f,0.9146f,-0.1154f,1.1689f,-0.5397f,-0.1237f,0.8327f,-0.5369f,0f,0f,0f,1f],start_interpolation: 0,interpolation_duration: 0}
$data merge entity $(blaster) {transformation: [0f,0f,0f,0.1124f,0f,0f,0f,1.147f,0f,0f,0f,-0.5483f,0f,0f,0f,1f],start_interpolation: 0,interpolation_duration: 0}
$data merge entity $(mr_baseball_bat) {transformation: [0f,0f,0f,0.0383f,0f,0f,0f,1.1573f,0f,0f,0f,-0.4838f,0f,0f,0f,1f],start_interpolation: 0,interpolation_duration: 0}
$data merge entity $(sword_of_light) {transformation: [0f,0f,0f,0.0957f,0f,0f,0f,1.1394f,0f,0f,0f,-0.536f,0f,0f,0f,1f],start_interpolation: 0,interpolation_duration: 0}
$data merge entity $(lwide) {transformation: [-0.5141f,0.5961f,0.6167f,0.1213f,0.0571f,0.7412f,-0.6689f,1.2361f,-0.8558f,-0.3087f,-0.4151f,0.4227f,0f,0f,0f,1f],start_interpolation: 0,interpolation_duration: 0}
$data merge entity $(lslim) {transformation: [0f,0f,0f,0.1213f,0f,0f,0f,1.2361f,0f,0f,0f,0.4227f,0f,0f,0f,1f],start_interpolation: 0,interpolation_duration: 0}
$data merge entity $(left_item) {transformation: [0f,0f,0f,-0.2584f,0f,0f,0f,0.8552f,0f,0f,0f,0.6984f,0f,0f,0f,1f],start_interpolation: 0,interpolation_duration: 0}
$data merge entity $(left_item2) {transformation: [0f,0f,0f,-0.0643f,0f,0f,0f,0.853f,0f,0f,0f,0.7642f,0f,0f,0f,1f],start_interpolation: 0,interpolation_duration: 0}
$data merge entity $(mega_buster) {transformation: [0f,0f,0f,-0.2192f,0f,0f,0f,0.7693f,0f,0f,0f,0.6691f,0f,0f,0f,1f],start_interpolation: 0,interpolation_duration: 0}
$data merge entity $(master_sword) {transformation: [-0.8576f,-0.0146f,-0.5141f,-0.2115f,-0.0512f,0.9971f,0.0571f,0.7904f,0.5117f,0.0752f,-0.8558f,0.6841f,0f,0f,0f,1f],start_interpolation: 0,interpolation_duration: 0}
$data merge entity $(heros_shield) {transformation: [0f,0f,0f,0.0202f,0f,0f,0f,0.9713f,0f,0f,0f,0.7097f,0f,0f,0f,1f],start_interpolation: 0,interpolation_duration: 0}
$data merge entity $(body) {transformation: [-0.8167f,-0.1124f,0.566f,0f,0.0599f,0.959f,0.2769f,0.75f,-0.5739f,0.26f,-0.7765f,0f,0f,0f,0f,1f],start_interpolation: 0,interpolation_duration: 0}
$data merge entity $(right_leg) {transformation: [-0.9145f,0.2293f,0.3332f,-0.1187f,0.1455f,0.9552f,-0.2578f,0.75f,-0.3774f,-0.1873f,-0.9069f,-0.0313f,0f,0f,0f,1f],start_interpolation: 0,interpolation_duration: 0}
$data merge entity $(left_leg) {transformation: [-0.9853f,-0.163f,-0.0517f,0.1187f,-0.1035f,0.3277f,0.9391f,0.6875f,-0.1362f,0.9306f,-0.3397f,0.1875f,0f,0f,0f,1f],start_interpolation: 0,interpolation_duration: 0}
execute unless entity @s[tag=aj.transforms_only] run function ssbrc:booth/fighter_select/rig/variants/toon_link/apply