# This file was generated by Animated Java via MC-Build. It is not recommended to edit this file directly.
$data merge entity $(crown) {transformation: [-0.9096f,-0.142f,-0.3905f,-0.1339f,-0.1923f,0.9769f,0.0927f,1.8138f,0.3683f,0.1594f,-0.9159f,0.1326f,0f,0f,0f,1f],start_interpolation: 0,interpolation_duration: 0}
$data merge entity $(head) {transformation: [-0.9096f,-0.142f,-0.3905f,-0.0629f,-0.1923f,0.9769f,0.0927f,1.3254f,0.3683f,0.1594f,-0.9159f,0.0528f,0f,0f,0f,1f],start_interpolation: 0,interpolation_duration: 0}
$data merge entity $(rwide) {transformation: [-0.8673f,0.3477f,0.3563f,-0.2904f,-0.2769f,0.2578f,-0.9257f,1.0799f,-0.4137f,-0.9015f,-0.1273f,-0.1771f,0f,0f,0f,1f],start_interpolation: 0,interpolation_duration: 0}
$data merge entity $(rslim) {transformation: [0f,0f,0f,-0.2957f,0f,0f,0f,1.0873f,0f,0f,0f,-0.2464f,0f,0f,0f,1f],start_interpolation: 0,interpolation_duration: 0}
$data merge entity $(right_item) {transformation: [0f,0f,0f,-0.6593f,0f,0f,0f,0.8979f,0f,0f,0f,0.1138f,0f,0f,0f,1f],start_interpolation: 0,interpolation_duration: 0}
$data merge entity $(right_item2) {transformation: [0f,0f,0f,-0.5898f,0f,0f,0f,1.0038f,0f,0f,0f,0.2749f,0f,0f,0f,1f],start_interpolation: 0,interpolation_duration: 0}
$data merge entity $(binding_blade) {transformation: [0f,0f,0f,-0.5896f,0f,0f,0f,0.9668f,0f,0f,0f,0.2991f,0f,0f,0f,1f],start_interpolation: 0,interpolation_duration: 0}
$data merge entity $(heros_shield_toon) {transformation: [0f,0f,0f,-0.6607f,0f,0f,0f,0.8883f,0f,0f,0f,0.1799f,0f,0f,0f,1f],start_interpolation: 0,interpolation_duration: 0}
$data merge entity $(blaster) {transformation: [0f,0f,0f,-0.5562f,0f,0f,0f,0.88f,0f,0f,0f,0.2872f,0f,0f,0f,1f],start_interpolation: 0,interpolation_duration: 0}
$data merge entity $(mr_baseball_bat) {transformation: [0f,0f,0f,-0.5347f,0f,0f,0f,0.9331f,0f,0f,0f,0.2066f,0f,0f,0f,1f],start_interpolation: 0,interpolation_duration: 0}
$data merge entity $(sword_of_light) {transformation: [0f,0f,0f,-0.5563f,0f,0f,0f,0.8985f,0f,0f,0f,0.2751f,0f,0f,0f,1f],start_interpolation: 0,interpolation_duration: 0}
$data merge entity $(lwide) {transformation: [-0.4206f,-0.9072f,0.0112f,0.1558f,-0.0429f,0.0075f,-0.9991f,1.1946f,0.9062f,-0.4207f,-0.0421f,0.1051f,0f,0f,0f,1f],start_interpolation: 0,interpolation_duration: 0}
$data merge entity $(lslim) {transformation: [0f,0f,0f,0.1558f,0f,0f,0f,1.1946f,0f,0f,0f,0.1051f,0f,0f,0f,1f],start_interpolation: 0,interpolation_duration: 0}
$data merge entity $(left_item) {transformation: [0f,0f,0f,0.7196f,0f,0f,0f,1.2864f,0f,0f,0f,0.3022f,0f,0f,0f,1f],start_interpolation: 0,interpolation_duration: 0}
$data merge entity $(left_item2) {transformation: [0f,0f,0f,0.7013f,0f,0f,0f,1.2002f,0f,0f,0f,0.1172f,0f,0f,0f,1f],start_interpolation: 0,interpolation_duration: 0}
$data merge entity $(mega_buster) {transformation: [-0.4206f,-0.9072f,0.0112f,0.749f,-0.0429f,0.0075f,-0.9991f,1.1925f,0.9062f,-0.4207f,-0.0421f,0.3114f,0f,0f,0f,1f],start_interpolation: 0,interpolation_duration: 0}
$data merge entity $(master_sword) {transformation: [0f,0f,0f,0.7554f,0f,0f,0f,1.2088f,0f,0f,0f,0.2979f,0f,0f,0f,1f],start_interpolation: 0,interpolation_duration: 0}
$data merge entity $(heros_shield) {transformation: [0f,0f,0f,0.5566f,0f,0f,0f,1.2053f,0f,0f,0f,0.0612f,0f,0f,0f,1f],start_interpolation: 0,interpolation_duration: 0}
$data merge entity $(body) {transformation: [-0.965f,-0.0534f,0.2567f,-0.0156f,-0.0436f,0.9981f,0.0436f,0.5938f,-0.2586f,0.0309f,-0.9655f,0f,0f,0f,0f,1f],start_interpolation: 0,interpolation_duration: 0}
$data merge entity $(right_leg) {transformation: [-0.9226f,-0.052f,0.3822f,-0.2332f,-0.0353f,0.9981f,0.0505f,0.75f,-0.3841f,0.0331f,-0.9227f,0.1438f,0f,0f,0f,1f],start_interpolation: 0,interpolation_duration: 0}
$data merge entity $(left_leg) {transformation: [-0.8129f,-0.571f,-0.1144f,0.1088f,-0.5529f,0.8185f,-0.1563f,0.6563f,0.1829f,-0.0638f,-0.9811f,0.0596f,0f,0f,0f,1f],start_interpolation: 0,interpolation_duration: 0}
execute unless entity @s[tag=aj.transforms_only] run function ssbrc:booth/fighter_select/rig/variants/mega_man/apply