# This file was generated by Animated Java via MC-Build. It is not recommended to edit this file directly.
$data merge entity $(crown) {transformation: [-0.9812f,-0.1928f,0.0029f,-0.1765f,-0.1922f,0.9768f,-0.0943f,1.9813f,0.0153f,-0.0931f,-0.9955f,0.0135f,0f,0f,0f,1f],start_interpolation: 0,interpolation_duration: 0}
$data merge entity $(head) {transformation: [-0.9812f,-0.1928f,0.0029f,-0.0801f,-0.1922f,0.9768f,-0.0943f,1.4929f,0.0153f,-0.0931f,-0.9955f,0.0601f,0f,0f,0f,1f],start_interpolation: 0,interpolation_duration: 0}
$data merge entity $(rwide) {transformation: [0f,0f,0f,-0.3462f,0f,0f,0f,1.2828f,0f,0f,0f,0.1502f,0f,0f,0f,1f],start_interpolation: 0,interpolation_duration: 0}
$data merge entity $(rslim) {transformation: [-0.9204f,-0.3273f,0.214f,-0.3462f,-0.3289f,0.3517f,-0.8764f,1.2828f,0.2116f,-0.877f,-0.4314f,0.1502f,0f,0f,0f,1f],start_interpolation: 0,interpolation_duration: 0}
$data merge entity $(right_item) {transformation: [0f,0f,0f,-0.3838f,0f,0f,0f,1.0349f,0f,0f,0f,0.635f,0f,0f,0f,1f],start_interpolation: 0,interpolation_duration: 0}
$data merge entity $(right_item2) {transformation: [-0.945f,-0.2415f,-0.2205f,-0.2007f,-0.2453f,0.9694f,-0.0104f,1.1458f,0.2162f,0.0442f,-0.9753f,0.718f,0f,0f,0f,1f],start_interpolation: 0,interpolation_duration: 0}
$data merge entity $(binding_blade) {transformation: [0f,0f,0f,-0.2125f,0f,0f,0f,1.0971f,0f,0f,0f,0.7386f,0f,0f,0f,1f],start_interpolation: 0,interpolation_duration: 0}
$data merge entity $(heros_shield_toon) {transformation: [0f,0f,0f,-0.3418f,0f,0f,0f,1.0207f,0f,0f,0f,0.6849f,0f,0f,0f,1f],start_interpolation: 0,interpolation_duration: 0}
$data merge entity $(blaster) {transformation: [0f,0f,0f,-0.1924f,0f,0f,0f,1.015f,0f,0f,0f,0.6981f,0f,0f,0f,1f],start_interpolation: 0,interpolation_duration: 0}
$data merge entity $(mr_baseball_bat) {transformation: [0f,0f,0f,-0.2298f,0f,0f,0f,1.0753f,0f,0f,0f,0.6294f,0f,0f,0f,1f],start_interpolation: 0,interpolation_duration: 0}
$data merge entity $(sword_of_light) {transformation: [0f,0f,0f,-0.2009f,0f,0f,0f,1.0342f,0f,0f,0f,0.6912f,0f,0f,0f,1f],start_interpolation: 0,interpolation_duration: 0}
$data merge entity $(lwide) {transformation: [0f,0f,0f,0.2222f,0f,0f,0f,1.2938f,0f,0f,0f,-0.0641f,0f,0f,0f,1f],start_interpolation: 0,interpolation_duration: 0}
$data merge entity $(lslim) {transformation: [-0.1729f,-0.9071f,-0.3838f,0.2222f,-0.1696f,0.4112f,-0.8956f,1.2938f,0.9702f,-0.0898f,-0.2249f,-0.0641f,0f,0f,0f,1f],start_interpolation: 0,interpolation_duration: 0}
$data merge entity $(left_item) {transformation: [0f,0f,0f,0.8076f,0f,0f,0f,1.1442f,0f,0f,0f,-0.0503f,0f,0f,0f,1f],start_interpolation: 0,interpolation_duration: 0}
$data merge entity $(left_item2) {transformation: [0f,0f,0f,0.7136f,0f,0f,0f,1.1253f,0f,0f,0f,-0.2314f,0f,0f,0f,1f],start_interpolation: 0,interpolation_duration: 0}
$data merge entity $(mega_buster) {transformation: [0f,0f,0f,0.8f,0f,0f,0f,1.0474f,0f,0f,0f,-0.0686f,0f,0f,0f,1f],start_interpolation: 0,interpolation_duration: 0}
$data merge entity $(master_sword) {transformation: [0f,0f,0f,0.8087f,0f,0f,0f,1.064f,0f,0f,0f,-0.0803f,0f,0f,0f,1f],start_interpolation: 0,interpolation_duration: 0}
$data merge entity $(heros_shield) {transformation: [0f,0f,0f,0.5731f,0f,0f,0f,1.1912f,0f,0f,0f,-0.2347f,0f,0f,0f,1f],start_interpolation: 0,interpolation_duration: 0}
$data merge entity $(body) {transformation: [-0.8395f,-0.1069f,-0.5327f,0f,-0.0432f,0.9905f,-0.1305f,0.75f,0.5416f,-0.0865f,-0.8362f,0.125f,0f,0f,0f,1f],start_interpolation: 0,interpolation_duration: 0}
$data merge entity $(right_leg) {transformation: [-0.9685f,0.1907f,0.1604f,-0.1187f,0.2391f,0.8924f,0.3827f,0.75f,-0.0702f,0.409f,-0.9098f,0.125f,0f,0f,0f,1f],start_interpolation: 0,interpolation_duration: 0}
$data merge entity $(left_leg) {transformation: [-0.9905f,-0.0489f,-0.1285f,0.1187f,-0.0436f,0.9981f,-0.0436f,0.75f,0.1304f,-0.0376f,-0.9907f,0.0938f,0f,0f,0f,1f],start_interpolation: 0,interpolation_duration: 0}
execute unless entity @s[tag=aj.transforms_only] run function ssbrc:booth/fighter_select/rig/variants/peach/apply