# This file was generated by Animated Java via MC-Build. It is not recommended to edit this file directly.
$data merge entity $(crown) {transformation: [-0.8967f,-0.1439f,0.4186f,-0.2704f,-0.1165f,0.9891f,0.0904f,1.8745f,-0.4271f,0.0323f,-0.9036f,0.0736f,0f,0f,0f,1f],start_interpolation: 0,interpolation_duration: 0}
$data merge entity $(head) {transformation: [-0.8967f,-0.1439f,0.4186f,-0.1985f,-0.1165f,0.9891f,0.0904f,1.38f,-0.4271f,0.0323f,-0.9036f,0.0575f,0f,0f,0f,1f],start_interpolation: 0,interpolation_duration: 0}
$data merge entity $(rwide) {transformation: [-0.6971f,-0.6905f,0.1933f,-0.4581f,-0.1141f,-0.1593f,-0.9806f,1.0987f,0.7079f,-0.7056f,0.0322f,0.0082f,0f,0f,0f,1f],start_interpolation: 0,interpolation_duration: 0}
$data merge entity $(rslim) {transformation: [0f,0f,0f,-0.4365f,0f,0f,0f,1.1036f,0f,0f,0f,0.0302f,0f,0f,0f,1f],start_interpolation: 0,interpolation_duration: 0}
$data merge entity $(right_item) {transformation: [0f,0f,0f,-0.2438f,0f,0f,0f,1.1583f,0f,0f,0f,0.5379f,0f,0f,0f,1f],start_interpolation: 0,interpolation_duration: 0}
$data merge entity $(right_item2) {transformation: [0f,0f,0f,-0.052f,0f,0f,0f,1.0991f,0f,0f,0f,0.4965f,0f,0f,0f,1f],start_interpolation: 0,interpolation_duration: 0}
$data merge entity $(binding_blade) {transformation: [-0.3381f,0.6377f,-0.6921f,-0.0574f,-0.8316f,-0.5468f,-0.0975f,1.0979f,-0.4406f,0.5426f,0.7152f,0.4909f,0f,0f,0f,1f],start_interpolation: 0,interpolation_duration: 0}
$data merge entity $(heros_shield_toon) {transformation: [0f,0f,0f,-0.1843f,0f,0f,0f,1.1709f,0f,0f,0f,0.5654f,0f,0f,0f,1f],start_interpolation: 0,interpolation_duration: 0}
$data merge entity $(blaster) {transformation: [0f,0f,0f,-0.0425f,0f,0f,0f,1.1654f,0f,0f,0f,0.5165f,0f,0f,0f,1f],start_interpolation: 0,interpolation_duration: 0}
$data merge entity $(mr_baseball_bat) {transformation: [0f,0f,0f,-0.1133f,0f,0f,0f,1.1811f,0f,0f,0f,0.4493f,0f,0f,0f,1f],start_interpolation: 0,interpolation_duration: 0}
$data merge entity $(sword_of_light) {transformation: [0f,0f,0f,-0.0563f,0f,0f,0f,1.1782f,0f,0f,0f,0.505f,0f,0f,0f,1f],start_interpolation: 0,interpolation_duration: 0}
$data merge entity $(lwide) {transformation: [-0.5208f,-0.8532f,0.028f,0.1097f,-0.3552f,0.1868f,-0.9159f,1.1973f,0.7763f,-0.487f,-0.4004f,0.0071f,0f,0f,0f,1f],start_interpolation: 0,interpolation_duration: 0}
$data merge entity $(lslim) {transformation: [0f,0f,0f,0.1097f,0f,0f,0f,1.1973f,0f,0f,0f,0.0071f,0f,0f,0f,1f],start_interpolation: 0,interpolation_duration: 0}
$data merge entity $(left_item) {transformation: [0f,0f,0f,0.6462f,0f,0f,0f,1.1945f,0f,0f,0f,0.2852f,0f,0f,0f,1f],start_interpolation: 0,interpolation_duration: 0}
$data merge entity $(left_item2) {transformation: [0f,0f,0f,0.6502f,0f,0f,0f,1.1816f,0f,0f,0f,0.0807f,0f,0f,0f,1f],start_interpolation: 0,interpolation_duration: 0}
$data merge entity $(mega_buster) {transformation: [0f,0f,0f,0.6755f,0f,0f,0f,1.1028f,0f,0f,0f,0.2629f,0f,0f,0f,1f],start_interpolation: 0,interpolation_duration: 0}
$data merge entity $(master_sword) {transformation: [0f,0f,0f,0.6832f,0f,0f,0f,1.1226f,0f,0f,0f,0.257f,0f,0f,0f,1f],start_interpolation: 0,interpolation_duration: 0}
$data merge entity $(heros_shield) {transformation: [0f,0f,0f,0.5128f,0f,0f,0f,1.211f,0f,0f,0f,0.0148f,0f,0f,0f,1f],start_interpolation: 0,interpolation_duration: 0}
$data merge entity $(body) {transformation: [-0.9745f,-0.0979f,0.2017f,-0.125f,-0.0435f,0.965f,0.2587f,0.6563f,-0.2199f,0.2433f,-0.9447f,-0.125f,0f,0f,0f,1f],start_interpolation: 0,interpolation_duration: 0}
$data merge entity $(right_leg) {transformation: [-0.8853f,0.0588f,0.4613f,-0.3375f,0.0436f,0.9981f,-0.0436f,0.75f,-0.463f,-0.0185f,-0.8862f,0.0312f,0f,0f,0f,1f],start_interpolation: 0,interpolation_duration: 0}
$data merge entity $(left_leg) {transformation: [-0.9799f,-0.1944f,-0.0456f,0.025f,-0.1986f,0.9258f,0.3216f,0.6875f,-0.0203f,0.3242f,-0.9458f,-0.0937f,0f,0f,0f,1f],start_interpolation: 0,interpolation_duration: 0}
execute unless entity @s[tag=aj.transforms_only] run function ssbrc:booth/fighter_select/rig/variants/roy/apply