# This file was generated by Animated Java via MC-Build. It is not recommended to edit this file directly.
$data merge entity $(crown) {transformation: [-0.8396f,-0.1931f,0.5077f,-0.0076f,-0.1921f,0.9798f,0.055f,1.8429f,-0.5081f,-0.0514f,-0.8597f,-0.1302f,0f,0f,0f,1f],start_interpolation: 0,interpolation_duration: 0}
$data merge entity $(head) {transformation: [-0.8396f,-0.1931f,0.5077f,0.0889f,-0.1921f,0.9798f,0.055f,1.353f,-0.5081f,-0.0514f,-0.8597f,-0.1045f,0f,0f,0f,1f],start_interpolation: 0,interpolation_duration: 0}
$data merge entity $(rwide) {transformation: [-0.9833f,0.1714f,0.0616f,-0.1422f,-0.05f,0.0714f,-0.9962f,1.2209f,-0.1752f,-0.9826f,-0.0616f,-0.2711f,0f,0f,0f,1f],start_interpolation: 0,interpolation_duration: 0}
$data merge entity $(rslim) {transformation: [0f,0f,0f,-0.1422f,0f,0f,0f,1.2209f,0f,0f,0f,-0.2711f,0f,0f,0f,1f],start_interpolation: 0,interpolation_duration: 0}
$data merge entity $(right_item) {transformation: [0f,0f,0f,-0.443f,0f,0f,0f,1.1742f,0f,0f,0f,0.1818f,0f,0f,0f,1f],start_interpolation: 0,interpolation_duration: 0}
$data merge entity $(right_item2) {transformation: [0f,0f,0f,-0.3113f,0f,0f,0f,1.2687f,0f,0f,0f,0.3071f,0f,0f,0f,1f],start_interpolation: 0,interpolation_duration: 0}
$data merge entity $(binding_blade) {transformation: [0f,0f,0f,-0.3147f,0f,0f,0f,1.2354f,0f,0f,0f,0.3359f,0f,0f,0f,1f],start_interpolation: 0,interpolation_duration: 0}
$data merge entity $(heros_shield_toon) {transformation: [0f,0f,0f,-0.4307f,0f,0f,0f,1.1709f,0f,0f,0f,0.2474f,0f,0f,0f,1f],start_interpolation: 0,interpolation_duration: 0}
$data merge entity $(blaster) {transformation: [0.1051f,-0.1488f,0.9833f,-0.3009f,0.6299f,0.7751f,0.05f,1.1453f,-0.7696f,0.6141f,0.1752f,0.284f,0f,0f,0f,1f],start_interpolation: 0,interpolation_duration: 0}
$data merge entity $(mr_baseball_bat) {transformation: [0f,0f,0f,-0.2948f,0f,0f,0f,1.1798f,0f,0f,0f,0.2399f,0f,0f,0f,1f],start_interpolation: 0,interpolation_duration: 0}
$data merge entity $(sword_of_light) {transformation: [0f,0f,0f,-0.3072f,0f,0f,0f,1.1587f,0f,0f,0f,0.3157f,0f,0f,0f,1f],start_interpolation: 0,interpolation_duration: 0}
$data merge entity $(lwide) {transformation: [-0.2648f,0.9633f,-0.0446f,0.2433f,0.2664f,0.0286f,-0.9634f,1.1165f,-0.9268f,-0.267f,-0.2642f,0.0504f,0f,0f,0f,1f],start_interpolation: 0,interpolation_duration: 0}
$data merge entity $(lslim) {transformation: [0f,0f,0f,0.2433f,0f,0f,0f,1.1165f,0f,0f,0f,0.0504f,0f,0f,0f,1f],start_interpolation: 0,interpolation_duration: 0}
$data merge entity $(left_item) {transformation: [0f,0f,0f,-0.3079f,0f,0f,0f,1.1732f,0f,0f,0f,0.2916f,0f,0f,0f,1f],start_interpolation: 0,interpolation_duration: 0}
$data merge entity $(left_item2) {transformation: [0f,0f,0f,-0.1804f,0f,0f,0f,1.0439f,0f,0f,0f,0.3867f,0f,0f,0f,1f],start_interpolation: 0,interpolation_duration: 0}
$data merge entity $(mega_buster) {transformation: [0f,0f,0f,-0.3422f,0f,0f,0f,1.082f,0f,0f,0f,0.2752f,0f,0f,0f,1f],start_interpolation: 0,interpolation_duration: 0}
$data merge entity $(master_sword) {transformation: [0f,0f,0f,-0.3373f,0f,0f,0f,1.0928f,0f,0f,0f,0.2938f,0f,0f,0f,1f],start_interpolation: 0,interpolation_duration: 0}
$data merge entity $(heros_shield) {transformation: [0f,0f,0f,-0.0337f,0f,0f,0f,1.0552f,0f,0f,0f,0.3372f,0f,0f,0f,1f],start_interpolation: 0,interpolation_duration: 0}
$data merge entity $(body) {transformation: [-0.7071f,-0.0923f,0.7011f,0.1581f,0f,0.9914f,0.1305f,0.6094f,-0.7071f,0.0923f,-0.7011f,-0.1738f,0f,0f,0f,1f],start_interpolation: 0,interpolation_duration: 0}
$data merge entity $(right_leg) {transformation: [-0.5234f,-0.3907f,0.7572f,-0.1357f,-0.0082f,0.8909f,0.4541f,0.8281f,-0.8521f,0.2315f,-0.4695f,-0.092f,0f,0f,0f,1f],start_interpolation: 0,interpolation_duration: 0}
$data merge entity $(left_leg) {transformation: [-0.7375f,0.3169f,0.5964f,0.2421f,-0.0735f,0.8402f,-0.5373f,0.6719f,-0.6713f,-0.4401f,-0.5964f,-0.0677f,0f,0f,0f,1f],start_interpolation: 0,interpolation_duration: 0}
execute unless entity @s[tag=aj.transforms_only] run function ssbrc:booth/fighter_select/rig/variants/fox/apply