# This file was generated by Animated Java via MC-Build. It is not recommended to edit this file directly.
$data merge entity $(bone5) { transformation: [-0.886f,-0.2215f,-0.4073f,0.4058f,-0.3413f,0.9062f,0.2496f,2.6007f,0.3138f,0.3602f,-0.8785f,0.1682f,0f,0f,0f,1f], start_interpolation: -1 }
$data merge entity $(bone6) { transformation: [0.4432f,-0.3201f,-0.8373f,0.5393f,-0.3358f,0.8068f,-0.4862f,2.3997f,0.8312f,0.4966f,0.2501f,0.0584f,0f,0f,0f,1f], start_interpolation: -1 }
$data merge entity $(bone8) { transformation: [0.1416f,-0.1991f,0.9697f,0.7383f,-0.4129f,0.8784f,0.2406f,1.7838f,-0.8997f,-0.4345f,0.0422f,0.01f,0f,0f,0f,1f], start_interpolation: -1 }
$data merge entity $(bone9) { transformation: [0.1416f,-0.1991f,0.9697f,0.8806f,-0.4129f,0.8784f,0.2406f,1.9707f,-0.8997f,-0.4345f,0.0422f,-0.0614f,0f,0f,0f,1f], start_interpolation: -1 }
$data merge entity $(bone10) { transformation: [0.1949f,-0.1473f,0.9697f,0.7324f,-0.6579f,0.7136f,0.2406f,1.7638f,-0.7274f,-0.6849f,0.0422f,-0.0131f,0f,0f,0f,1f], start_interpolation: -1 }
$data merge entity $(bone12) { transformation: [-0.9682f,-0.2146f,0.1283f,0.82f,-0.25f,0.8357f,-0.4891f,1.2718f,-0.0023f,-0.5056f,-0.8628f,0.3125f,0f,0f,0f,1f], start_interpolation: -1 }
$data merge entity $(bone15) { transformation: [0.3694f,-0.9207f,-0.1257f,0.7203f,0.8212f,0.2601f,0.508f,1.3354f,-0.435f,-0.2909f,0.8521f,0.5858f,0f,0f,0f,1f], start_interpolation: -1 }
$data merge entity $(bone14) { transformation: [0.3501f,-0.9207f,0.1723f,0.7646f,0.2214f,0.2601f,0.9399f,1.3656f,-0.9102f,-0.2909f,0.2949f,0.4684f,0f,0f,0f,1f], start_interpolation: -1 }
$data merge entity $(bone13) { transformation: [0.3879f,-0.9207f,0.0422f,0.8118f,0.5295f,0.2601f,0.8074f,1.4337f,-0.7544f,-0.2909f,0.5884f,0.3687f,0f,0f,0f,1f], start_interpolation: -1 }
$data merge entity $(bone18) { transformation: [0.4647f,-0.2083f,0.8606f,0.9711f,0.6489f,0.7414f,-0.1709f,1.0491f,-0.6024f,0.6379f,0.4797f,0.7041f,0f,0f,0f,1f], start_interpolation: -1 }
$data merge entity $(bone17) { transformation: [-0.3606f,-0.2083f,0.9092f,0.9f,0.5481f,0.7414f,0.3873f,1.157f,-0.7547f,0.6379f,-0.1532f,0.5554f,0f,0f,0f,1f], start_interpolation: -1 }
$data merge entity $(bone16) { transformation: [-0.1972f,-0.2083f,0.958f,0.8686f,0.607f,0.7414f,0.2862f,1.2488f,-0.7698f,0.6379f,-0.0198f,0.4452f,0f,0f,0f,1f], start_interpolation: -1 }
$data merge entity $(bone27) { transformation: [0.3158f,0.1001f,0.9435f,1.0347f,0.8905f,0.312f,-0.3311f,0.8708f,-0.3276f,0.9448f,0.0094f,0.3415f,0f,0f,0f,1f], start_interpolation: -1 }
$data merge entity $(bone26) { transformation: [-0.5554f,0.1019f,0.8253f,0.9503f,0.8026f,0.3254f,0.5f,0.9978f,-0.2176f,0.9401f,-0.2625f,0.3136f,0f,0f,0f,1f], start_interpolation: -1 }
$data merge entity $(bone25) { transformation: [-0.3229f,0.1019f,0.9409f,0.8907f,0.9046f,0.3254f,0.2752f,1.1624f,-0.2781f,0.9401f,-0.1973f,0.2676f,0f,0f,0f,1f], start_interpolation: -1 }
$data merge entity $(bone30) { transformation: [0.3393f,-0.1283f,0.9319f,1.0877f,0.8391f,0.4891f,-0.2382f,0.9146f,-0.4252f,0.8628f,0.2736f,0.5516f,0f,0f,0f,1f], start_interpolation: -1 }
$data merge entity $(bone29) { transformation: [-0.6037f,-0.1283f,0.7869f,0.9694f,0.6517f,0.4891f,0.5797f,1.0409f,-0.4592f,0.8628f,-0.2116f,0.4574f,0f,0f,0f,1f], start_interpolation: -1 }
$data merge entity $(bone28) { transformation: [-0.419f,-0.1283f,0.8989f,0.8825f,0.7617f,0.4891f,0.4249f,1.1965f,-0.4941f,0.8628f,-0.1072f,0.3613f,0f,0f,0f,1f], start_interpolation: -1 }
$data merge entity $(bone7) { transformation: [0.9697f,-0.1927f,-0.1502f,0.6642f,0.2406f,0.8596f,0.4508f,2.0704f,0.0422f,-0.4733f,0.8799f,-0.157f,0f,0f,0f,1f], start_interpolation: -1 }
$data merge entity $(bone4) { transformation: [-0.8373f,-0.3647f,-0.4073f,0.3501f,-0.4862f,0.8375f,0.2496f,2.6951f,0.2501f,0.407f,-0.8785f,0.1913f,0f,0f,0f,1f], start_interpolation: -1 }
$data merge entity $(bone62) { transformation: [-0.886f,0.2215f,0.4073f,-0.4058f,0.3413f,0.9062f,0.2496f,2.6007f,-0.3138f,0.3602f,-0.8785f,0.1682f,0f,0f,0f,1f], start_interpolation: -1 }
$data merge entity $(bone63) { transformation: [0.4432f,0.3201f,0.8373f,-0.5393f,0.3358f,0.8068f,-0.4862f,2.3997f,-0.8312f,0.4966f,0.2501f,0.0584f,0f,0f,0f,1f], start_interpolation: -1 }
$data merge entity $(bone65) { transformation: [0.1416f,0.1991f,-0.9697f,-0.7383f,0.4129f,0.8784f,0.2406f,1.7838f,0.8997f,-0.4345f,0.0422f,0.01f,0f,0f,0f,1f], start_interpolation: -1 }
$data merge entity $(bone66) { transformation: [0.1416f,0.1991f,-0.9697f,-0.8806f,0.4129f,0.8784f,0.2406f,1.9707f,0.8997f,-0.4345f,0.0422f,-0.0614f,0f,0f,0f,1f], start_interpolation: -1 }
$data merge entity $(bone67) { transformation: [0.1949f,0.1473f,-0.9697f,-0.7324f,0.6579f,0.7136f,0.2406f,1.7638f,0.7274f,-0.6849f,0.0422f,-0.0131f,0f,0f,0f,1f], start_interpolation: -1 }
$data merge entity $(bone69) { transformation: [-0.9682f,0.2146f,-0.1283f,-0.82f,0.25f,0.8357f,-0.4891f,1.2718f,0.0023f,-0.5056f,-0.8628f,0.3125f,0f,0f,0f,1f], start_interpolation: -1 }
$data merge entity $(bone72) { transformation: [0.3694f,0.9207f,0.1257f,-0.7203f,-0.8212f,0.2601f,0.508f,1.3354f,0.435f,-0.2909f,0.8521f,0.5858f,0f,0f,0f,1f], start_interpolation: -1 }
$data merge entity $(bone71) { transformation: [0.3501f,0.9207f,-0.1723f,-0.7646f,-0.2214f,0.2601f,0.9399f,1.3656f,0.9102f,-0.2909f,0.2949f,0.4684f,0f,0f,0f,1f], start_interpolation: -1 }
$data merge entity $(bone70) { transformation: [0.3879f,0.9207f,-0.0422f,-0.8118f,-0.5295f,0.2601f,0.8074f,1.4337f,0.7544f,-0.2909f,0.5884f,0.3687f,0f,0f,0f,1f], start_interpolation: -1 }
$data merge entity $(bone81) { transformation: [0.4647f,0.2083f,-0.8606f,-0.9711f,-0.6489f,0.7414f,-0.1709f,1.0491f,0.6024f,0.6379f,0.4797f,0.7041f,0f,0f,0f,1f], start_interpolation: -1 }
$data merge entity $(bone80) { transformation: [-0.3606f,0.2083f,-0.9092f,-0.9f,-0.5481f,0.7414f,0.3873f,1.157f,0.7547f,0.6379f,-0.1532f,0.5554f,0f,0f,0f,1f], start_interpolation: -1 }
$data merge entity $(bone73) { transformation: [-0.1972f,0.2083f,-0.958f,-0.8686f,-0.607f,0.7414f,0.2862f,1.2488f,0.7698f,0.6379f,-0.0198f,0.4452f,0f,0f,0f,1f], start_interpolation: -1 }
$data merge entity $(bone84) { transformation: [0.3158f,-0.1001f,-0.9435f,-1.0347f,-0.8905f,0.312f,-0.3311f,0.8708f,0.3276f,0.9448f,0.0094f,0.3415f,0f,0f,0f,1f], start_interpolation: -1 }
$data merge entity $(bone83) { transformation: [-0.5554f,-0.1019f,-0.8253f,-0.9503f,-0.8026f,0.3254f,0.5f,0.9978f,0.2176f,0.9401f,-0.2625f,0.3136f,0f,0f,0f,1f], start_interpolation: -1 }
$data merge entity $(bone82) { transformation: [-0.3229f,-0.1019f,-0.9409f,-0.8907f,-0.9046f,0.3254f,0.2752f,1.1624f,0.2781f,0.9401f,-0.1973f,0.2676f,0f,0f,0f,1f], start_interpolation: -1 }
$data merge entity $(bone103) { transformation: [0.3393f,0.1283f,-0.9319f,-1.0877f,-0.8391f,0.4891f,-0.2382f,0.9146f,0.4252f,0.8628f,0.2736f,0.5516f,0f,0f,0f,1f], start_interpolation: -1 }
$data merge entity $(bone102) { transformation: [-0.6037f,0.1283f,-0.7869f,-0.9694f,-0.6517f,0.4891f,0.5797f,1.0409f,0.4592f,0.8628f,-0.2116f,0.4574f,0f,0f,0f,1f], start_interpolation: -1 }
$data merge entity $(bone85) { transformation: [-0.419f,0.1283f,-0.8989f,-0.8825f,-0.7617f,0.4891f,0.4249f,1.1965f,0.4941f,0.8628f,-0.1072f,0.3613f,0f,0f,0f,1f], start_interpolation: -1 }
$data merge entity $(bone64) { transformation: [0.9697f,0.1927f,0.1502f,-0.6642f,-0.2406f,0.8596f,0.4508f,2.0704f,-0.0422f,-0.4733f,0.8799f,-0.157f,0f,0f,0f,1f], start_interpolation: -1 }
$data merge entity $(bone61) { transformation: [-0.8373f,0.3647f,0.4073f,-0.3501f,0.4862f,0.8375f,0.2496f,2.6951f,-0.2501f,0.407f,-0.8785f,0.1913f,0f,0f,0f,1f], start_interpolation: -1 }
$data merge entity $(bone23) { transformation: [-0.7934f,-0.6088f,0f,0.1071f,-0.5756f,0.7501f,0.3256f,2.6562f,-0.1982f,0.2583f,-0.9455f,0.2813f,0f,0f,0f,1f], start_interpolation: -1 }
$data merge entity $(bone22) { transformation: [-0.7934f,0.6088f,0f,-0.1071f,0.5756f,0.7501f,0.3256f,2.6562f,0.1982f,0.2583f,-0.9455f,0.2813f,0f,0f,0f,1f], start_interpolation: -1 }
$data merge entity $(bone89) { transformation: [-1f,0.0072f,0.0007f,0.002f,0.0057f,0.7316f,0.6817f,3.6874f,0.0044f,0.6817f,-0.7316f,0.2838f,0f,0f,0f,1f], start_interpolation: -1 }
$data merge entity $(bone90) { transformation: [-1f,0.0069f,0.0019f,0.0013f,0.0057f,0.6021f,0.7984f,3.6204f,0.0044f,0.7984f,-0.6021f,0.2095f,0f,0f,0f,1f], start_interpolation: -1 }
$data merge entity $(bone88) { transformation: [-1f,0.0071f,0.0013f,0.0312f,0.0057f,0.6694f,0.7429f,3.4732f,0.0044f,0.7429f,-0.6694f,0.1022f,0f,0f,0f,1f], start_interpolation: -1 }
$data merge entity $(bone42) { transformation: [-1f,0f,0f,0f,0f,0.788f,0.6157f,3.2034f,0f,0.6157f,-0.788f,0.5245f,0f,0f,0f,1f], start_interpolation: -1 }
$data merge entity $(bone87) { transformation: [-0.9998f,0.0157f,-0.0096f,-0.0044f,0.0041f,0.6956f,0.7185f,2.7871f,0.0179f,0.7183f,-0.6955f,1.1068f,0f,0f,0f,1f], start_interpolation: -1 }
$data merge entity $(bone86) { transformation: [-1f,0f,0f,0f,0f,0.7716f,0.6361f,2.9285f,0f,0.6361f,-0.7716f,0.9276f,0f,0f,0f,1f], start_interpolation: -1 }
$data merge entity $(bone92) { transformation: [-0.8818f,0.2593f,-0.3939f,0.1194f,-0.036f,0.7958f,0.6045f,3.2786f,0.4702f,0.5472f,-0.6924f,0.5598f,0f,0f,0f,1f], start_interpolation: -1 }
$data merge entity $(bone3) { transformation: [-0.8818f,-0.2593f,0.3939f,-0.1194f,0.036f,0.7958f,0.6045f,3.2786f,-0.4702f,0.5472f,-0.6924f,0.5598f,0f,0f,0f,1f], start_interpolation: -1 }
$data merge entity $(head) { transformation: [-1f,0f,0f,0f,0f,0.8039f,0.5948f,3.1872f,0f,0.5948f,-0.8039f,0.3415f,0f,0f,0f,1f], start_interpolation: -1 }
$data merge entity $(neck) { transformation: [-1f,0f,0f,0f,0f,0.9981f,-0.061f,3.0188f,0f,-0.061f,-0.9981f,0.3518f,0f,0f,0f,1f], start_interpolation: -1 }
$data merge entity $(bone2) { transformation: [-1f,0f,0f,0f,0f,0.9455f,0.3256f,2.712f,0f,0.3256f,-0.9455f,0.2683f,0f,0f,0f,1f], start_interpolation: -1 }
$data merge entity $(bone136) { transformation: [-1f,0f,0f,0f,0f,0.809f,0.5878f,2.5639f,0f,0.5878f,-0.809f,0.1388f,0f,0f,0f,1f], start_interpolation: -1 }
$data merge entity $(bone118) { transformation: [-0.3181f,-0.6125f,-0.7236f,0.2847f,0.8414f,0.1693f,-0.5132f,2.6274f,0.4368f,-0.7721f,0.4616f,-0.1476f,0f,0f,0f,1f], start_interpolation: -1 }
$data merge entity $(bone119) { transformation: [-0.4039f,-0.6125f,-0.6794f,0.9326f,0.7726f,0.1693f,-0.6119f,3.1743f,0.4898f,-0.7721f,0.4049f,-0.5495f,0f,0f,0f,1f], start_interpolation: -1 }
$data merge entity $(bone120) { transformation: [-0.6756f,-0.6125f,-0.4103f,1.0274f,0.3949f,0.1693f,-0.903f,2.3352f,0.6226f,-0.7721f,0.1275f,0.4975f,0f,0f,0f,1f], start_interpolation: -1 }
$data merge entity $(bone121) { transformation: [-0.4321f,-0.8319f,-0.9828f,1.2684f,1.1428f,0.2299f,-0.697f,2.9616f,0.5933f,-1.0486f,0.6269f,-0.8547f,0f,0f,0f,1f], start_interpolation: -1 }
$data merge entity $(bone123) { transformation: [-0.1046f,-1.2446f,-1.6027f,0.9644f,1.9633f,0.3439f,-0.3952f,1.7623f,0.5133f,-1.5689f,1.1849f,0.8946f,0f,0f,0f,1f], start_interpolation: -1 }
$data merge entity $(bone124) { transformation: [-0.2538f,-0.6125f,-0.7486f,1.4769f,0.8829f,0.1693f,-0.4379f,4.2353f,0.3949f,-0.7721f,0.4979f,-0.7568f,0f,0f,0f,1f], start_interpolation: -1 }
$data merge entity $(bone122) { transformation: [-0.6763f,-0.9438f,-1.0129f,1.2199f,1.1394f,0.2608f,-1.0038f,4.0935f,0.7863f,-1.1897f,0.5835f,-0.5851f,0f,0f,0f,1f], start_interpolation: -1 }
$data merge entity $(bone126) { transformation: [0.3498f,-0.6125f,-0.7088f,2.1301f,0.934f,0.1693f,0.3147f,3.8065f,-0.0728f,-0.7721f,0.6313f,-1.3683f,0f,0f,0f,1f], start_interpolation: -1 }
$data merge entity $(bone127) { transformation: [0.1544f,-0.6125f,-0.7752f,1.5927f,0.9836f,0.1693f,0.0622f,3.9529f,0.0931f,-0.7721f,0.6286f,-0.9106f,0f,0f,0f,1f], start_interpolation: -1 }
$data merge entity $(bone125) { transformation: [-0.0721f,-0.8587f,-1.1058f,1.3316f,1.3545f,0.2373f,-0.2726f,3.9874f,0.3541f,-1.0824f,0.8175f,-0.691f,0f,0f,0f,1f], start_interpolation: -1 }
$data merge entity $(bone129) { transformation: [1.4483f,-1.1423f,-0.2745f,0.2998f,0.5795f,0.3156f,1.7442f,4.1501f,-1.0219f,-1.4399f,0.6001f,1.9453f,0f,0f,0f,1f], start_interpolation: -1 }
$data merge entity $(bone130) { transformation: [0.7486f,-0.6125f,-0.2538f,1.6277f,0.4379f,0.1693f,0.8829f,3.1694f,-0.4979f,-0.7721f,0.3949f,-1.1101f,0f,0f,0f,1f], start_interpolation: -1 }
$data merge entity $(bone131) { transformation: [0.6416f,-0.6125f,-0.4616f,1.4289f,0.6769f,0.1693f,0.7163f,3.6326f,-0.3606f,-0.7721f,0.5232f,-0.8509f,0f,0f,0f,1f], start_interpolation: -1 }
$data merge entity $(bone128) { transformation: [0.5274f,-0.6458f,-0.6452f,1.2839f,0.8848f,0.1784f,0.5448f,3.8634f,-0.2245f,-0.814f,0.6312f,-0.6923f,0f,0f,0f,1f], start_interpolation: -1 }
$data merge entity $(bone132) { transformation: [-0.3181f,-0.6125f,-0.7236f,1.0915f,0.8414f,0.1693f,-0.5132f,3.9247f,0.4368f,-0.7721f,0.4616f,-0.511f,0f,0f,0f,1f], start_interpolation: -1 }
$data merge entity $(bone133) { transformation: [-0.5401f,-1.0399f,-1.2284f,1.1721f,1.4285f,0.2873f,-0.8712f,4.0093f,0.7416f,-1.3108f,0.7836f,-0.5486f,0f,0f,0f,1f], start_interpolation: -1 }
$data merge entity $(w5) { transformation: [-0.3181f,-0.6125f,-0.7236f,1.1935f,0.8414f,0.1693f,-0.5132f,3.9057f,0.4368f,-0.7721f,0.4616f,-0.5797f,0f,0f,0f,1f], start_interpolation: -1 }
$data merge entity $(w2) { transformation: [-0.3181f,-0.6125f,-0.7236f,0.8993f,0.8414f,0.1693f,-0.5132f,3.1752f,0.4368f,-0.7721f,0.4616f,-0.5385f,0f,0f,0f,1f], start_interpolation: -1 }
$data merge entity $(wing3) { transformation: [-0.3181f,-0.6125f,-0.7236f,0.2175f,0.8414f,0.1693f,-0.5132f,2.7027f,0.4368f,-0.7721f,0.4616f,-0.1011f,0f,0f,0f,1f], start_interpolation: -1 }
$data merge entity $(bone104) { transformation: [-0.3181f,0.6125f,0.7236f,-0.2847f,-0.8414f,0.1693f,-0.5132f,2.6274f,-0.4368f,-0.7721f,0.4616f,-0.1476f,0f,0f,0f,1f], start_interpolation: -1 }
$data merge entity $(bone105) { transformation: [-0.4039f,0.6125f,0.6794f,-0.9326f,-0.7726f,0.1693f,-0.6119f,3.1743f,-0.4898f,-0.7721f,0.4049f,-0.5495f,0f,0f,0f,1f], start_interpolation: -1 }
$data merge entity $(bone106) { transformation: [-0.6756f,0.6125f,0.4103f,-1.0274f,-0.3949f,0.1693f,-0.903f,2.3352f,-0.6226f,-0.7721f,0.1275f,0.4975f,0f,0f,0f,1f], start_interpolation: -1 }
$data merge entity $(bone107) { transformation: [-0.4321f,0.8319f,0.9828f,-1.2684f,-1.1428f,0.2299f,-0.697f,2.9616f,-0.5933f,-1.0486f,0.6269f,-0.8547f,0f,0f,0f,1f], start_interpolation: -1 }
$data merge entity $(bone109) { transformation: [-0.1046f,1.2446f,1.6027f,-0.9644f,-1.9633f,0.3439f,-0.3952f,1.7623f,-0.5133f,-1.5689f,1.1849f,0.8946f,0f,0f,0f,1f], start_interpolation: -1 }
$data merge entity $(bone110) { transformation: [-0.2538f,0.6125f,0.7486f,-1.4769f,-0.8829f,0.1693f,-0.4379f,4.2353f,-0.3949f,-0.7721f,0.4979f,-0.7568f,0f,0f,0f,1f], start_interpolation: -1 }
$data merge entity $(bone108) { transformation: [-0.6763f,0.9438f,1.0129f,-1.2199f,-1.1394f,0.2608f,-1.0038f,4.0935f,-0.7863f,-1.1897f,0.5835f,-0.5851f,0f,0f,0f,1f], start_interpolation: -1 }
$data merge entity $(bone112) { transformation: [0.3498f,0.6125f,0.7088f,-2.1301f,-0.934f,0.1693f,0.3147f,3.8065f,0.0728f,-0.7721f,0.6313f,-1.3683f,0f,0f,0f,1f], start_interpolation: -1 }
$data merge entity $(bone113) { transformation: [0.1544f,0.6125f,0.7752f,-1.5927f,-0.9836f,0.1693f,0.0622f,3.9529f,-0.0931f,-0.7721f,0.6286f,-0.9106f,0f,0f,0f,1f], start_interpolation: -1 }
$data merge entity $(bone111) { transformation: [-0.0721f,0.8587f,1.1058f,-1.3316f,-1.3545f,0.2373f,-0.2726f,3.9874f,-0.3541f,-1.0824f,0.8175f,-0.691f,0f,0f,0f,1f], start_interpolation: -1 }
$data merge entity $(bone115) { transformation: [1.4483f,1.1423f,0.2745f,-0.2998f,-0.5795f,0.3156f,1.7442f,4.1501f,1.0219f,-1.4399f,0.6001f,1.9453f,0f,0f,0f,1f], start_interpolation: -1 }
$data merge entity $(bone116) { transformation: [0.7486f,0.6125f,0.2538f,-1.6277f,-0.4379f,0.1693f,0.8829f,3.1694f,0.4979f,-0.7721f,0.3949f,-1.1101f,0f,0f,0f,1f], start_interpolation: -1 }
$data merge entity $(bone117) { transformation: [0.6416f,0.6125f,0.4616f,-1.4289f,-0.6769f,0.1693f,0.7163f,3.6326f,0.3606f,-0.7721f,0.5232f,-0.8509f,0f,0f,0f,1f], start_interpolation: -1 }
$data merge entity $(bone114) { transformation: [0.5274f,0.6458f,0.6452f,-1.2839f,-0.8848f,0.1784f,0.5448f,3.8634f,0.2245f,-0.814f,0.6312f,-0.6923f,0f,0f,0f,1f], start_interpolation: -1 }
$data merge entity $(bone134) { transformation: [-0.3181f,0.6125f,0.7236f,-1.0915f,-0.8414f,0.1693f,-0.5132f,3.9247f,-0.4368f,-0.7721f,0.4616f,-0.511f,0f,0f,0f,1f], start_interpolation: -1 }
$data merge entity $(bone135) { transformation: [-0.5401f,1.0399f,1.2284f,-1.1721f,-1.4285f,0.2873f,-0.8712f,4.0093f,-0.7416f,-1.3108f,0.7836f,-0.5486f,0f,0f,0f,1f], start_interpolation: -1 }
$data merge entity $(w4) { transformation: [-0.3181f,0.6125f,0.7236f,-1.1935f,-0.8414f,0.1693f,-0.5132f,3.9057f,-0.4368f,-0.7721f,0.4616f,-0.5797f,0f,0f,0f,1f], start_interpolation: -1 }
$data merge entity $(w3) { transformation: [-0.3181f,0.6125f,0.7236f,-0.8993f,-0.8414f,0.1693f,-0.5132f,3.1752f,-0.4368f,-0.7721f,0.4616f,-0.5385f,0f,0f,0f,1f], start_interpolation: -1 }
$data merge entity $(wing2) { transformation: [-0.3181f,0.6125f,0.7236f,-0.2175f,-0.8414f,0.1693f,-0.5132f,2.7027f,-0.4368f,-0.7721f,0.4616f,-0.1011f,0f,0f,0f,1f], start_interpolation: -1 }
$data merge entity $(bone20) { transformation: [-1f,0f,0f,-0.1563f,0f,0.9588f,0.284f,2.0464f,0f,0.284f,-0.9588f,-0.044f,0f,0f,0f,1f], start_interpolation: -1 }
$data merge entity $(bone101) { transformation: [-1f,0f,0f,0f,0f,0.8434f,0.5373f,1.008f,0f,0.5373f,-0.8434f,-2.9285f,0f,0f,0f,1f], start_interpolation: -1 }
$data merge entity $(bone100) { transformation: [-1f,0f,0f,0f,0f,0.7373f,0.6756f,0.7065f,0f,0.6756f,-0.7373f,-2.5902f,0f,0f,0f,1f], start_interpolation: -1 }
$data merge entity $(bone99) { transformation: [-1f,0f,0f,0f,0f,0.5f,0.866f,0.2681f,0f,0.866f,-0.5f,-2.337f,0f,0f,0f,1f], start_interpolation: -1 }
$data merge entity $(bone98) { transformation: [-1f,0f,0f,0f,0f,0.9063f,0.4226f,0.0594f,0f,0.4226f,-0.9063f,-1.8896f,0f,0f,0f,1f], start_interpolation: -1 }
$data merge entity $(bone97) { transformation: [-1f,0f,0f,0f,0f,0.9659f,-0.2588f,0.192f,0f,-0.2588f,-0.9659f,-1.3945f,0f,0f,0f,1f], start_interpolation: -1 }
$data merge entity $(bone96) { transformation: [-1f,0f,0f,0f,0f,0.7934f,-0.6088f,0.4964f,0f,-0.6088f,-0.7934f,-0.9978f,0f,0f,0f,1f], start_interpolation: -1 }
$data merge entity $(bone95) { transformation: [-1f,0f,0f,0f,0f,0.5736f,-0.8192f,0.9009f,0f,-0.8192f,-0.5736f,-0.7146f,0f,0f,0f,1f], start_interpolation: -1 }
$data merge entity $(bone94) { transformation: [-1f,0f,0f,0f,0f,0.5f,-0.866f,1.3285f,0f,-0.866f,-0.5f,-0.4678f,0f,0f,0f,1f], start_interpolation: -1 }
$data merge entity $(bone93) { transformation: [-1f,0f,0f,0f,0f,0.6428f,-0.766f,1.6181f,0f,-0.766f,-0.6428f,-0.2247f,0f,0f,0f,1f], start_interpolation: -1 }
$data merge entity $(bone) { transformation: [-1f,0f,0f,0f,0f,0.999f,-0.0436f,1.6264f,0f,-0.0436f,-0.999f,-0.0343f,0f,0f,0f,1f], start_interpolation: -1 }
$data merge entity $(bone24) { transformation: [-0.9746f,-0.2227f,-0.022f,0.1029f,-0.1825f,0.848f,-0.4976f,1.571f,0.1295f,-0.481f,-0.8671f,-0.0312f,0f,0f,0f,1f], start_interpolation: -1 }
$data merge entity $(bone32) { transformation: [-0.9994f,-0.0217f,-0.0279f,0.2018f,-0.0314f,0.9077f,0.4185f,0.8157f,0.0163f,0.4191f,-0.9078f,0.1311f,0f,0f,0f,1f], start_interpolation: -1 }
$data merge entity $(bone36) { transformation: [-0.999f,-0.002f,-0.0436f,0.2983f,-0.0018f,1f,-0.0044f,0.1857f,0.0436f,-0.0043f,-0.999f,-0.3972f,0f,0f,0f,1f], start_interpolation: -1 }
$data merge entity $(bone35) { transformation: [-0.999f,0.0201f,-0.0388f,0.2627f,-0.0018f,0.8682f,0.4962f,0.3128f,0.0436f,0.4958f,-0.8673f,-0.3183f,0f,0f,0f,1f], start_interpolation: -1 }
$data merge entity $(bone34) { transformation: [-0.999f,0.025f,-0.0358f,0.2663f,-0.0018f,0.796f,0.6053f,0.3905f,0.0436f,0.6048f,-0.7952f,-0.2619f,0f,0f,0f,1f], start_interpolation: -1 }
$data merge entity $(bone77) { transformation: [-0.9501f,0.3111f,-0.0243f,0.0983f,0.0232f,-0.0074f,-0.9997f,0.0571f,-0.3111f,-0.9504f,-0.0002f,0.4287f,0f,0f,0f,1f], start_interpolation: -1 }
$data merge entity $(bone75) { transformation: [-0.9501f,0.3111f,-0.0243f,0.1525f,0.0232f,-0.0074f,-0.9997f,0.0578f,-0.3111f,-0.9504f,-0.0002f,0.2506f,0f,0f,0f,1f], start_interpolation: -1 }
$data merge entity $(bone39) { transformation: [-0.9501f,0.3111f,-0.0243f,0.2068f,0.0232f,-0.0074f,-0.9997f,0.0544f,-0.3111f,-0.9504f,-0.0002f,0.0887f,0f,0f,0f,1f], start_interpolation: -1 }
$data merge entity $(bone76) { transformation: [-0.9384f,-0.3451f,-0.0174f,0.4993f,0.0085f,0.0274f,-0.9996f,0.047f,0.3455f,-0.9382f,-0.0228f,0.4367f,0f,0f,0f,1f], start_interpolation: -1 }
$data merge entity $(bone74) { transformation: [-0.9384f,-0.3451f,-0.0174f,0.4693f,0.0085f,0.0274f,-0.9996f,0.0611f,0.3455f,-0.9382f,-0.0228f,0.2425f,0f,0f,0f,1f], start_interpolation: -1 }
$data merge entity $(bone40) { transformation: [-0.9384f,-0.3451f,-0.0174f,0.409f,0.0085f,0.0274f,-0.9996f,0.0637f,0.3455f,-0.9382f,-0.0228f,0.0827f,0f,0f,0f,1f], start_interpolation: -1 }
$data merge entity $(bone79) { transformation: [-0.9998f,-0.02f,-0.0038f,0.3069f,0.0033f,0.0218f,-0.9998f,0.0517f,0.0201f,-0.9996f,-0.0217f,0.4843f,0f,0f,0f,1f], start_interpolation: -1 }
$data merge entity $(bone78) { transformation: [-0.9998f,-0.02f,-0.0038f,0.3069f,0.0033f,0.0218f,-0.9998f,0.058f,0.0201f,-0.9996f,-0.0217f,0.2836f,0f,0f,0f,1f], start_interpolation: -1 }
$data merge entity $(bone41) { transformation: [-0.9998f,-0.02f,-0.0038f,0.3016f,0.0033f,0.0218f,-0.9998f,0.0603f,0.0201f,-0.9996f,-0.0217f,0.0845f,0f,0f,0f,1f], start_interpolation: -1 }
$data merge entity $(bone38) { transformation: [-0.9994f,-0.034f,0.0096f,0.3033f,-0.0314f,0.728f,-0.6848f,0.2754f,0.0163f,-0.6847f,-0.7286f,-0.0876f,0f,0f,0f,1f], start_interpolation: -1 }
$data merge entity $(bone33) { transformation: [-0.9994f,-0.0307f,-0.0175f,0.2849f,-0.0314f,0.9987f,0.0393f,0.5404f,0.0163f,0.0398f,-0.9991f,-0.0765f,0f,0f,0f,1f], start_interpolation: -1 }
$data merge entity $(bone31) { transformation: [-0.9994f,-0.0168f,-0.0311f,0.2632f,-0.0314f,0.8262f,0.5625f,1.1738f,0.0163f,0.5632f,-0.8262f,0.5126f,0f,0f,0f,1f], start_interpolation: -1 }
$data merge entity $(bone19) { transformation: [-0.9903f,-0.1383f,0.0093f,0.1713f,-0.1079f,0.7267f,-0.6784f,1.5753f,0.0871f,-0.6729f,-0.7346f,-0.0343f,0f,0f,0f,1f], start_interpolation: -1 }
$data merge entity $(bone44) { transformation: [-0.9746f,0.2227f,0.022f,-0.1029f,0.1825f,0.848f,-0.4976f,1.571f,-0.1295f,-0.481f,-0.8671f,-0.0312f,0f,0f,0f,1f], start_interpolation: -1 }
$data merge entity $(bone46) { transformation: [-0.9994f,0.0217f,0.0279f,-0.2018f,0.0314f,0.9077f,0.4185f,0.8157f,-0.0163f,0.4191f,-0.9078f,0.1311f,0f,0f,0f,1f], start_interpolation: -1 }
$data merge entity $(bone50) { transformation: [-0.999f,0.002f,0.0436f,-0.2983f,0.0018f,1f,-0.0044f,0.1857f,-0.0436f,-0.0043f,-0.999f,-0.3972f,0f,0f,0f,1f], start_interpolation: -1 }
$data merge entity $(bone49) { transformation: [-0.999f,-0.0201f,0.0388f,-0.2627f,0.0018f,0.8682f,0.4962f,0.3128f,-0.0436f,0.4958f,-0.8673f,-0.3183f,0f,0f,0f,1f], start_interpolation: -1 }
$data merge entity $(bone48) { transformation: [-0.999f,-0.025f,0.0358f,-0.2663f,0.0018f,0.796f,0.6053f,0.3905f,-0.0436f,0.6048f,-0.7952f,-0.2619f,0f,0f,0f,1f], start_interpolation: -1 }
$data merge entity $(bone54) { transformation: [-0.9501f,-0.3111f,0.0243f,-0.0983f,-0.0232f,-0.0074f,-0.9997f,0.0571f,0.3111f,-0.9504f,-0.0002f,0.4287f,0f,0f,0f,1f], start_interpolation: -1 }
$data merge entity $(bone53) { transformation: [-0.9501f,-0.3111f,0.0243f,-0.1525f,-0.0232f,-0.0074f,-0.9997f,0.0578f,0.3111f,-0.9504f,-0.0002f,0.2506f,0f,0f,0f,1f], start_interpolation: -1 }
$data merge entity $(bone52) { transformation: [-0.9501f,-0.3111f,0.0243f,-0.2068f,-0.0232f,-0.0074f,-0.9997f,0.0544f,0.3111f,-0.9504f,-0.0002f,0.0887f,0f,0f,0f,1f], start_interpolation: -1 }
$data merge entity $(bone57) { transformation: [-0.9384f,0.3451f,0.0174f,-0.4993f,-0.0085f,0.0274f,-0.9996f,0.047f,-0.3455f,-0.9382f,-0.0228f,0.4367f,0f,0f,0f,1f], start_interpolation: -1 }
$data merge entity $(bone56) { transformation: [-0.9384f,0.3451f,0.0174f,-0.4693f,-0.0085f,0.0274f,-0.9996f,0.0611f,-0.3455f,-0.9382f,-0.0228f,0.2425f,0f,0f,0f,1f], start_interpolation: -1 }
$data merge entity $(bone55) { transformation: [-0.9384f,0.3451f,0.0174f,-0.409f,-0.0085f,0.0274f,-0.9996f,0.0637f,-0.3455f,-0.9382f,-0.0228f,0.0827f,0f,0f,0f,1f], start_interpolation: -1 }
$data merge entity $(bone60) { transformation: [-0.9998f,0.02f,0.0038f,-0.3069f,-0.0033f,0.0218f,-0.9998f,0.0517f,-0.0201f,-0.9996f,-0.0217f,0.4843f,0f,0f,0f,1f], start_interpolation: -1 }
$data merge entity $(bone59) { transformation: [-0.9998f,0.02f,0.0038f,-0.3069f,-0.0033f,0.0218f,-0.9998f,0.058f,-0.0201f,-0.9996f,-0.0217f,0.2836f,0f,0f,0f,1f], start_interpolation: -1 }
$data merge entity $(bone58) { transformation: [-0.9998f,0.02f,0.0038f,-0.3016f,-0.0033f,0.0218f,-0.9998f,0.0603f,-0.0201f,-0.9996f,-0.0217f,0.0845f,0f,0f,0f,1f], start_interpolation: -1 }
$data merge entity $(bone51) { transformation: [-0.9994f,0.034f,-0.0096f,-0.3033f,0.0314f,0.728f,-0.6848f,0.2754f,-0.0163f,-0.6847f,-0.7286f,-0.0876f,0f,0f,0f,1f], start_interpolation: -1 }
$data merge entity $(bone47) { transformation: [-0.9994f,0.0307f,0.0175f,-0.2849f,0.0314f,0.9987f,0.0393f,0.5404f,-0.0163f,0.0398f,-0.9991f,-0.0765f,0f,0f,0f,1f], start_interpolation: -1 }
$data merge entity $(bone45) { transformation: [-0.9994f,0.0168f,0.0311f,-0.2632f,0.0314f,0.8262f,0.5625f,1.1738f,-0.0163f,0.5632f,-0.8262f,0.5126f,0f,0f,0f,1f], start_interpolation: -1 }
$data merge entity $(bone43) { transformation: [-0.9903f,0.1383f,-0.0093f,-0.1713f,0.1079f,0.7267f,-0.6784f,1.5753f,-0.0871f,-0.6729f,-0.7346f,-0.0343f,0f,0f,0f,1f], start_interpolation: -1 }