# This file was generated by Animated Java via MC-Build. It is not recommended to edit this file directly.
$data merge entity $(bone5) {transformation: [-0.9947f,-0.1024f,-0.0002f,0.3853f,-0.095f,0.9218f,0.3758f,1.4469f,-0.0383f,0.3738f,-0.9267f,0.9725f,0f,0f,0f,1f],start_interpolation: 0,interpolation_duration: 0}
$data merge entity $(bone6) {transformation: [0.0279f,-0.2637f,-0.9642f,0.4947f,-0.4671f,0.8493f,-0.2458f,1.2202f,0.8838f,0.4572f,-0.0995f,0.8893f,0f,0f,0f,1f],start_interpolation: 0,interpolation_duration: 0}
$data merge entity $(bone8) {transformation: [-0.264f,-0.0672f,0.9622f,0.6396f,-0.1095f,0.9932f,0.0393f,0.5415f,-0.9583f,-0.095f,-0.2695f,0.739f,0f,0f,0f,1f],start_interpolation: 0,interpolation_duration: 0}
$data merge entity $(bone9) {transformation: [-0.264f,-0.0672f,0.9622f,0.7995f,-0.1095f,0.9932f,0.0393f,0.7135f,-0.9583f,-0.095f,-0.2695f,0.6677f,0f,0f,0f,1f],start_interpolation: 0,interpolation_duration: 0}
$data merge entity $(bone10) {transformation: [-0.2315f,-0.1435f,0.9622f,0.6214f,-0.4031f,0.9143f,0.0393f,0.5316f,-0.8854f,-0.3787f,-0.2695f,0.7156f,0f,0f,0f,1f],start_interpolation: 0,interpolation_duration: 0}
$data merge entity $(bone12) {transformation: [-0.1651f,-0.5282f,0.8329f,0.7695f,-0.9168f,0.3936f,0.0679f,0.0374f,-0.3637f,-0.7524f,-0.5492f,0.9434f,0f,0f,0f,1f],start_interpolation: 0,interpolation_duration: 0}
$data merge entity $(bone15) {transformation: [0.9837f,-0.0994f,0.1496f,0.3676f,-0.1696f,-0.2414f,0.9555f,0.0368f,-0.0589f,-0.9653f,-0.2543f,0.99f,0f,0f,0f,1f],start_interpolation: 0,interpolation_duration: 0}
$data merge entity $(bone14) {transformation: [0.9879f,-0.0994f,-0.1188f,0.4949f,0.0919f,-0.2414f,0.9661f,0.0496f,-0.1247f,-0.9653f,-0.2293f,0.9724f,0f,0f,0f,1f],start_interpolation: 0,interpolation_duration: 0}
$data merge entity $(bone13) {transformation: [0.8877f,-0.0994f,-0.4495f,0.6103f,0.4167f,-0.2414f,0.8764f,0.1013f,-0.1956f,-0.9653f,-0.1729f,0.9442f,0f,0f,0f,1f],start_interpolation: 0,interpolation_duration: 0}
$data merge entity $(bone18) {transformation: [-0.0544f,-0.9978f,-0.0387f,0.7492f,0.5159f,0.0051f,-0.8566f,-0.2859f,0.8549f,-0.0665f,0.5145f,1.0879f,0f,0f,0f,1f],start_interpolation: 0,interpolation_duration: 0}
$data merge entity $(bone17) {transformation: [-0.0168f,-0.9978f,-0.0646f,0.7458f,0.9459f,0.0051f,-0.3246f,-0.0996f,0.3242f,-0.0665f,0.9437f,1.1518f,0f,0f,0f,1f],start_interpolation: 0,interpolation_duration: 0}
$data merge entity $(bone16) {transformation: [0.0343f,-0.9978f,-0.0572f,0.7467f,0.8944f,0.0051f,0.4471f,0.0309f,-0.4459f,-0.0665f,0.8926f,1.0846f,0f,0f,0f,1f],start_interpolation: 0,interpolation_duration: 0}
$data merge entity $(bone27) {transformation: [-0.8387f,-0.5366f,-0.0931f,1.1875f,-0.086f,-0.0383f,0.9956f,0.0303f,-0.5378f,0.843f,-0.0141f,1.1419f,0f,0f,0f,1f],start_interpolation: 0,interpolation_duration: 0}
$data merge entity $(bone26) {transformation: [-0.8263f,-0.5571f,-0.0827f,1.0559f,-0.083f,-0.0248f,0.9962f,0.0185f,-0.557f,0.8301f,-0.0257f,1.061f,0f,0f,0f,1f],start_interpolation: 0,interpolation_duration: 0}
$data merge entity $(bone25) {transformation: [-0.8196f,-0.5571f,0.134f,0.905f,0.1777f,-0.0248f,0.9838f,0.0489f,-0.5447f,0.8301f,0.1193f,0.9658f,0f,0f,0f,1f],start_interpolation: 0,interpolation_duration: 0}
$data merge entity $(bone30) {transformation: [0.2305f,-0.8767f,0.4221f,0.8975f,0.8381f,-0.0415f,-0.5439f,-0.3252f,0.4944f,0.4792f,0.7252f,1.1214f,0f,0f,0f,1f],start_interpolation: 0,interpolation_duration: 0}
$data merge entity $(bone29) {transformation: [-0.0156f,-0.8767f,0.4807f,0.8982f,0.9982f,-0.0415f,-0.0433f,-0.1283f,0.058f,0.4792f,0.8758f,1.1308f,0f,0f,0f,1f],start_interpolation: 0,interpolation_duration: 0}
$data merge entity $(bone28) {transformation: [-0.3051f,-0.8767f,0.3719f,0.8321f,0.8183f,-0.0415f,0.5733f,0.0361f,-0.4872f,0.4792f,0.7301f,1.0331f,0f,0f,0f,1f],start_interpolation: 0,interpolation_duration: 0}
$data merge entity $(bone7) {transformation: [0.9622f,-0.0787f,0.2608f,0.6016f,0.0393f,0.9875f,0.1527f,0.8755f,-0.2695f,-0.1367f,0.9532f,0.6889f,0f,0f,0f,1f],start_interpolation: 0,interpolation_duration: 0}
$data merge entity $(bone4) {transformation: [-0.9642f,-0.2652f,-0.0002f,0.3501f,-0.2458f,0.8935f,0.3758f,1.5523f,-0.0995f,0.3624f,-0.9267f,0.9873f,0f,0f,0f,1f],start_interpolation: 0,interpolation_duration: 0}
$data merge entity $(bone62) {transformation: [-0.9139f,0.3359f,0.2281f,-0.414f,0.4045f,0.705f,0.5825f,1.4721f,0.0349f,0.6246f,-0.7802f,0.942f,0f,0f,0f,1f],start_interpolation: 0,interpolation_duration: 0}
$data merge entity $(bone63) {transformation: [0.2772f,0.4557f,0.8459f,-0.5772f,0.645f,0.5642f,-0.5154f,1.3243f,-0.7121f,0.6885f,-0.1375f,0.7943f,0f,0f,0f,1f],start_interpolation: 0,interpolation_duration: 0}
$data merge entity $(bone65) {transformation: [-0.0713f,0.158f,-0.9849f,-0.825f,0.2176f,0.9661f,0.1392f,0.7776f,0.9734f,-0.2044f,-0.1033f,0.5898f,0f,0f,0f,1f],start_interpolation: 0,interpolation_duration: 0}
$data merge entity $(bone66) {transformation: [-0.0713f,0.158f,-0.9849f,-0.9753f,0.2176f,0.9661f,0.1392f,0.9623f,0.9734f,-0.2044f,-0.1033f,0.53f,0f,0f,0f,1f],start_interpolation: 0,interpolation_duration: 0}
$data merge entity $(bone67) {transformation: [-0.0205f,0.1721f,-0.9849f,-0.8127f,0.4981f,0.8559f,0.1392f,0.7637f,0.8669f,-0.4877f,-0.1033f,0.5648f,0f,0f,0f,1f],start_interpolation: 0,interpolation_duration: 0}
$data merge entity $(bone69) {transformation: [-0.2829f,0.1163f,-0.9521f,-0.9063f,0.4204f,0.9072f,-0.0141f,0.2077f,0.8621f,-0.4042f,-0.3056f,0.7626f,0f,0f,0f,1f],start_interpolation: 0,interpolation_duration: 0}
$data merge entity $(bone72) {transformation: [0.9381f,0.2941f,0.1828f,-0.6247f,-0.2374f,0.162f,0.9578f,0.1203f,0.2521f,-0.942f,0.2218f,0.8048f,0f,0f,0f,1f],start_interpolation: 0,interpolation_duration: 0}
$data merge entity $(bone71) {transformation: [0.7319f,0.2941f,0.6147f,-0.718f,-0.672f,0.162f,0.7226f,0.2083f,0.1129f,-0.942f,0.3162f,0.7895f,0f,0f,0f,1f],start_interpolation: 0,interpolation_duration: 0}
$data merge entity $(bone70) {transformation: [0.4775f,0.2941f,0.8279f,-0.7803f,-0.8786f,0.162f,0.4492f,0.3218f,-0.002f,-0.942f,0.3357f,0.7861f,0f,0f,0f,1f],start_interpolation: 0,interpolation_duration: 0}
$data merge entity $(bone81) {transformation: [-0.0117f,0.992f,0.1261f,-0.8218f,-0.9687f,0.02f,-0.2475f,-0.1854f,-0.248f,-0.125f,0.9606f,0.9705f,0f,0f,0f,1f],start_interpolation: 0,interpolation_duration: 0}
$data merge entity $(bone80) {transformation: [0.0437f,0.992f,0.1189f,-0.8304f,-0.9809f,0.02f,0.1936f,0.0079f,0.1897f,-0.125f,0.9739f,0.9331f,0f,0f,0f,1f],start_interpolation: 0,interpolation_duration: 0}
$data merge entity $(bone73) {transformation: [0.073f,0.992f,0.1035f,-0.837f,-0.8973f,0.02f,0.4409f,0.1388f,0.4353f,-0.125f,0.8916f,0.8672f,0f,0f,0f,1f],start_interpolation: 0,interpolation_duration: 0}
$data merge entity $(bone84) {transformation: [-0.7091f,0.6952f,0.1178f,-1.2502f,0.1435f,-0.0213f,0.9894f,0.0286f,0.6904f,0.7185f,-0.0847f,1.0152f,0f,0f,0f,1f],start_interpolation: 0,interpolation_duration: 0}
$data merge entity $(bone83) {transformation: [-0.6838f,0.7128f,-0.1559f,-1.1399f,-0.2232f,-0.0009f,0.9748f,0.0643f,0.6947f,0.7013f,0.1597f,0.9124f,0f,0f,0f,1f],start_interpolation: 0,interpolation_duration: 0}
$data merge entity $(bone82) {transformation: [-0.6201f,0.7128f,-0.3276f,-1.0241f,-0.4679f,-0.0009f,0.8838f,0.1474f,0.6297f,0.7013f,0.3341f,0.8009f,0f,0f,0f,1f],start_interpolation: 0,interpolation_duration: 0}
$data merge entity $(bone103) {transformation: [-0.0074f,0.9494f,-0.314f,-1.0039f,-1f,-0.0081f,-0.001f,-0.1972f,-0.0035f,0.314f,0.9494f,1.0458f,0f,0f,0f,1f],start_interpolation: 0,interpolation_duration: 0}
$data merge entity $(bone102) {transformation: [-0.1491f,0.9494f,-0.2765f,-0.9786f,-0.8914f,-0.0081f,0.4531f,-0.0215f,0.4279f,0.314f,0.8475f,0.9601f,0f,0f,0f,1f],start_interpolation: 0,interpolation_duration: 0}
$data merge entity $(bone85) {transformation: [-0.2054f,0.9494f,-0.2376f,-0.9325f,-0.7722f,-0.0081f,0.6353f,0.1336f,0.6012f,0.314f,0.7348f,0.8386f,0f,0f,0f,1f],start_interpolation: 0,interpolation_duration: 0}
$data merge entity $(bone64) {transformation: [0.9849f,0.1609f,-0.0644f,-0.7602f,-0.1392f,0.9556f,0.2596f,1.0991f,0.1033f,-0.2467f,0.9636f,0.5007f,0f,0f,0f,1f],start_interpolation: 0,interpolation_duration: 0}
$data merge entity $(bone61) {transformation: [-0.8459f,0.4821f,0.2281f,-0.3501f,0.5154f,0.6286f,0.5825f,1.5523f,0.1375f,0.6103f,-0.7802f,0.9873f,0f,0f,0f,1f],start_interpolation: 0,interpolation_duration: 0}
$data merge entity $(bone23) {transformation: [-0.7934f,-0.6088f,0f,0.1071f,-0.0854f,0.1112f,0.9901f,1.4752f,-0.6027f,0.7855f,-0.1402f,1.0113f,0f,0f,0f,1f],start_interpolation: 0,interpolation_duration: 0}
$data merge entity $(bone22) {transformation: [-0.7934f,0.6088f,0f,-0.1071f,0.0854f,0.1112f,0.9901f,1.4752f,0.6027f,0.7855f,-0.1402f,1.0113f,0f,0f,0f,1f],start_interpolation: 0,interpolation_duration: 0}
$data merge entity $(bone89) {transformation: [-1f,0.0072f,0.0007f,0.002f,0.0059f,0.7556f,0.655f,2.1848f,0.0042f,0.655f,-0.7556f,1.4188f,0f,0f,0f,1f],start_interpolation: 0,interpolation_duration: 0}
$data merge entity $(bone90) {transformation: [-1f,0.0069f,0.0019f,0.0013f,0.0059f,0.6304f,0.7762f,2.1153f,0.0042f,0.7762f,-0.6304f,1.347f,0f,0f,0f,1f],start_interpolation: 0,interpolation_duration: 0}
$data merge entity $(bone88) {transformation: [-1f,0.0071f,0.0013f,0.0312f,0.0059f,0.6957f,0.7183f,1.9642f,0.0042f,0.7183f,-0.6957f,1.245f,0f,0f,0f,1f],start_interpolation: 0,interpolation_duration: 0}
$data merge entity $(bone42) {transformation: [-1f,0f,0f,0f,0f,0.7261f,0.6876f,1.7098f,0f,0.6876f,-0.7261f,1.6768f,0f,0f,0f,1f],start_interpolation: 0,interpolation_duration: 0}
$data merge entity $(bone87) {transformation: [-0.9998f,0.0157f,-0.0096f,-0.0044f,0.0047f,0.7209f,0.693f,1.3148f,0.0178f,0.6928f,-0.7209f,2.2736f,0f,0f,0f,1f],start_interpolation: 0,interpolation_duration: 0}
$data merge entity $(bone86) {transformation: [-1f,0f,0f,0f,0f,0.794f,0.6079f,1.4496f,0f,0.6079f,-0.794f,2.0895f,0f,0f,0f,1f],start_interpolation: 0,interpolation_duration: 0}
$data merge entity $(bone92) {transformation: [-0.8818f,0.2593f,-0.3939f,0.1194f,-0.0191f,0.815f,0.5792f,1.7863f,0.4712f,0.5182f,-0.7137f,1.7093f,0f,0f,0f,1f],start_interpolation: 0,interpolation_duration: 0}
$data merge entity $(bone3) {transformation: [-0.8818f,-0.2593f,0.3939f,-0.1194f,0.0191f,0.815f,0.5792f,1.7863f,-0.4712f,0.5182f,-0.7137f,1.7093f,0f,0f,0f,1f],start_interpolation: 0,interpolation_duration: 0}
$data merge entity $(head) {transformation: [-1f,0f,0f,0f,0f,0.8247f,0.5655f,1.6871f,0f,0.5655f,-0.8247f,1.4945f,0f,0f,0f,1f],start_interpolation: 0,interpolation_duration: 0}
$data merge entity $(neck) {transformation: [-1f,0f,0f,0f,0f,0.6502f,0.7597f,1.5773f,0f,0.7597f,-0.6502f,1.3663f,0f,0f,0f,1f],start_interpolation: 0,interpolation_duration: 0}
$data merge entity $(bone2) {transformation: [-1f,0f,0f,0f,0f,0.1402f,0.9901f,1.5122f,0f,0.9901f,-0.1402f,1.055f,0f,0f,0f,1f],start_interpolation: 0,interpolation_duration: 0}
$data merge entity $(bone136) {transformation: [-1f,0f,0f,0f,0f,0.1918f,0.9814f,1.492f,0f,0.9814f,-0.1918f,0.8594f,0f,0f,0f,1f],start_interpolation: 0,interpolation_duration: 0}
$data merge entity $(bone118) {transformation: [-0.0751f,-0.849f,-0.523f,0.2571f,0.992f,-0.1168f,0.0472f,1.6534f,-0.1012f,-0.5153f,0.851f,0.7715f,0f,0f,0f,1f],start_interpolation: 0,interpolation_duration: 0}
$data merge entity $(bone119) {transformation: [-0.1383f,-0.849f,-0.51f,0.7352f,0.9904f,-0.1168f,-0.074f,1.6864f,0.0033f,-0.5153f,0.857f,-0.0352f,0f,0f,0f,1f],start_interpolation: 0,interpolation_duration: 0}
$data merge entity $(bone120) {transformation: [-0.4944f,-0.849f,0.1865f,1.6194f,-0.1686f,-0.1168f,-0.9787f,0.9631f,0.8527f,-0.5153f,-0.0854f,0.6291f,0f,0f,0f,1f],start_interpolation: 0,interpolation_duration: 0}
$data merge entity $(bone121) {transformation: [0f,0f,0f,0.9866f,0f,0f,0f,1.7929f,0f,0f,0f,-0.4618f,0f,0f,0f,1f],start_interpolation: 0,interpolation_duration: 0}
$data merge entity $(bone123) {transformation: [-0.0027f,-1.7315f,-1.0634f,0.9399f,1.9956f,-0.2026f,0.3248f,1.1844f,-0.3828f,-1.0439f,1.7007f,2.3685f,0f,0f,0f,1f],start_interpolation: 0,interpolation_duration: 0}
$data merge entity $(bone124) {transformation: [-0.1367f,-0.8521f,-0.5052f,0.7289f,0.99f,-0.0997f,-0.0998f,2.6624f,0.0347f,-0.5138f,0.8572f,-0.2538f,0f,0f,0f,1f],start_interpolation: 0,interpolation_duration: 0}
$data merge entity $(bone122) {transformation: [-0.405f,-1.3129f,-0.6973f,0.5553f,1.4336f,-0.1536f,-0.5433f,2.6362f,0.3934f,-0.7916f,1.262f,0.0375f,0f,0f,0f,1f],start_interpolation: 0,interpolation_duration: 0}
$data merge entity $(bone126) {transformation: [0.2565f,-0.8521f,-0.4562f,1.152f,0.7761f,-0.0997f,0.6227f,1.9657f,-0.5761f,-0.5138f,0.6357f,-0.8193f,0f,0f,0f,1f],start_interpolation: 0,interpolation_duration: 0}
$data merge entity $(bone127) {transformation: [0.1297f,-0.8521f,-0.507f,0.8033f,0.9108f,-0.0997f,0.4006f,2.3458f,-0.392f,-0.5138f,0.7632f,-0.3158f,0f,0f,0f,1f],start_interpolation: 0,interpolation_duration: 0}
$data merge entity $(bone125) {transformation: [-0.0083f,-1.1946f,-0.7336f,0.6346f,1.3787f,-0.1398f,0.2121f,2.4963f,-0.2539f,-0.7202f,1.1756f,-0.0578f,0f,0f,0f,1f],start_interpolation: 0,interpolation_duration: 0}
$data merge entity $(bone129) {transformation: [1.0243f,-1.5891f,-0.2487f,0.4495f,0.1487f,-0.186f,1.9985f,3.7025f,-1.7277f,-0.9581f,0.0246f,2.6932f,0f,0f,0f,1f],start_interpolation: 0,interpolation_duration: 0}
$data merge entity $(bone130) {transformation: [0.5254f,-0.8521f,-0.2085f,0.872f,0.2281f,-0.0997f,1.0501f,1.5102f,-0.9156f,-0.5138f,0.142f,-0.2675f,0f,0f,0f,1f],start_interpolation: 0,interpolation_duration: 0}
$data merge entity $(bone131) {transformation: [0.4414f,-0.8521f,-0.353f,0.7155f,0.5252f,-0.0997f,0.9375f,2.0831f,-0.8341f,-0.5138f,0.4035f,-0.1192f,0f,0f,0f,1f],start_interpolation: 0,interpolation_duration: 0}
$data merge entity $(bone128) {transformation: [0.3532f,-0.8983f,-0.4799f,0.6022f,0.7906f,-0.1051f,0.8114f,2.3813f,-0.7393f,-0.5416f,0.6385f,0.0003f,0f,0f,0f,1f],start_interpolation: 0,interpolation_duration: 0}
$data merge entity $(bone132) {transformation: [-0.2347f,-0.8521f,-0.4678f,0.4775f,0.9502f,-0.0997f,-0.2952f,2.5084f,0.2049f,-0.5138f,0.8331f,0.2051f,0f,0f,0f,1f],start_interpolation: 0,interpolation_duration: 0}
$data merge entity $(bone133) {transformation: [-0.4104f,-1.4466f,-0.6909f,0.5418f,1.6616f,-0.1693f,-0.4359f,2.5302f,0.3582f,-0.8722f,1.2305f,0.106f,0f,0f,0f,1f],start_interpolation: 0,interpolation_duration: 0}
$data merge entity $(w5) {transformation: [-0.2347f,-0.8521f,-0.4678f,0.5516f,0.9502f,-0.0997f,-0.2952f,2.4633f,0.2049f,-0.5138f,0.8331f,0.1159f,0f,0f,0f,1f],start_interpolation: 0,interpolation_duration: 0}
$data merge entity $(w2) {transformation: [-0.512f,-0.849f,-0.1308f,0.7088f,0.4233f,-0.1168f,-0.8984f,1.7024f,0.7475f,-0.5153f,0.4192f,-0.0186f,0f,0f,0f,1f],start_interpolation: 0,interpolation_duration: 0}
$data merge entity $(wing3) {transformation: [-0.0751f,-0.849f,-0.523f,0.2175f,0.992f,-0.1168f,0.0472f,1.757f,-0.1012f,-0.5153f,0.851f,0.7783f,0f,0f,0f,1f],start_interpolation: 0,interpolation_duration: 0}
$data merge entity $(bone104) {transformation: [-0.0751f,0.849f,0.523f,-0.2571f,-0.992f,-0.1168f,0.0472f,1.6534f,0.1012f,-0.5153f,0.851f,0.7715f,0f,0f,0f,1f],start_interpolation: 0,interpolation_duration: 0}
$data merge entity $(bone105) {transformation: [-0.1383f,0.849f,0.51f,-0.7352f,-0.9904f,-0.1168f,-0.074f,1.6864f,-0.0033f,-0.5153f,0.857f,-0.0352f,0f,0f,0f,1f],start_interpolation: 0,interpolation_duration: 0}
$data merge entity $(bone106) {transformation: [-0.4944f,0.849f,-0.1865f,-1.6194f,0.1686f,-0.1168f,-0.9787f,0.9631f,-0.8527f,-0.5153f,-0.0854f,0.6291f,0f,0f,0f,1f],start_interpolation: 0,interpolation_duration: 0}
$data merge entity $(bone107) {transformation: [0f,0f,0f,-0.9866f,0f,0f,0f,1.7929f,0f,0f,0f,-0.4618f,0f,0f,0f,1f],start_interpolation: 0,interpolation_duration: 0}
$data merge entity $(bone109) {transformation: [0.0159f,1.7315f,0.9996f,-0.9705f,-1.8303f,-0.2026f,0.2707f,1.2957f,0.3816f,-1.0439f,1.6053f,2.2962f,0f,0f,0f,1f],start_interpolation: 0,interpolation_duration: 0}
$data merge entity $(bone110) {transformation: [-0.1198f,0.8521f,0.4772f,-0.7192f,-0.9046f,-0.0997f,-0.1044f,2.6646f,-0.0231f,-0.5138f,0.8117f,-0.2382f,0f,0f,0f,1f],start_interpolation: 0,interpolation_duration: 0}
$data merge entity $(bone108) {transformation: [-0.3685f,1.3129f,0.6624f,-0.5553f,-1.3046f,-0.1536f,-0.5161f,2.6362f,-0.358f,-0.7916f,1.1989f,0.0375f,0f,0f,0f,1f],start_interpolation: 0,interpolation_duration: 0}
$data merge entity $(bone112) {transformation: [0.2565f,0.8521f,0.4562f,-1.152f,-0.7761f,-0.0997f,0.6227f,1.9657f,0.5761f,-0.5138f,0.6357f,-0.8193f,0f,0f,0f,1f],start_interpolation: 0,interpolation_duration: 0}
$data merge entity $(bone113) {transformation: [0.1297f,0.8521f,0.507f,-0.8033f,-0.9108f,-0.0997f,0.4006f,2.3458f,0.392f,-0.5138f,0.7632f,-0.3158f,0f,0f,0f,1f],start_interpolation: 0,interpolation_duration: 0}
$data merge entity $(bone111) {transformation: [-0.0083f,1.1946f,0.7336f,-0.6346f,-1.3787f,-0.1398f,0.2121f,2.4963f,0.2539f,-0.7202f,1.1756f,-0.0578f,0f,0f,0f,1f],start_interpolation: 0,interpolation_duration: 0}
$data merge entity $(bone115) {transformation: [1.0243f,1.5891f,0.2487f,-0.4495f,-0.1487f,-0.186f,1.9985f,3.7025f,1.7277f,-0.9581f,0.0246f,2.6932f,0f,0f,0f,1f],start_interpolation: 0,interpolation_duration: 0}
$data merge entity $(bone116) {transformation: [0.5254f,0.8521f,0.2085f,-0.872f,-0.2281f,-0.0997f,1.0501f,1.5102f,0.9156f,-0.5138f,0.142f,-0.2675f,0f,0f,0f,1f],start_interpolation: 0,interpolation_duration: 0}
$data merge entity $(bone117) {transformation: [0.4414f,0.8521f,0.353f,-0.7155f,-0.5252f,-0.0997f,0.9375f,2.0831f,0.8341f,-0.5138f,0.4035f,-0.1192f,0f,0f,0f,1f],start_interpolation: 0,interpolation_duration: 0}
$data merge entity $(bone114) {transformation: [0.3532f,0.8983f,0.4799f,-0.6022f,-0.7906f,-0.1051f,0.8114f,2.3813f,0.7393f,-0.5416f,0.6385f,0.0003f,0f,0f,0f,1f],start_interpolation: 0,interpolation_duration: 0}
$data merge entity $(bone134) {transformation: [-0.2347f,0.8521f,0.4678f,-0.4775f,-0.9502f,-0.0997f,-0.2952f,2.5084f,-0.2049f,-0.5138f,0.8331f,0.2051f,0f,0f,0f,1f],start_interpolation: 0,interpolation_duration: 0}
$data merge entity $(bone135) {transformation: [-0.4104f,1.4466f,0.6909f,-0.5418f,-1.6616f,-0.1693f,-0.4359f,2.5302f,-0.3582f,-0.8722f,1.2305f,0.106f,0f,0f,0f,1f],start_interpolation: 0,interpolation_duration: 0}
$data merge entity $(w4) {transformation: [-0.2347f,0.8521f,0.4678f,-0.5516f,-0.9502f,-0.0997f,-0.2952f,2.4633f,-0.2049f,-0.5138f,0.8331f,0.1159f,0f,0f,0f,1f],start_interpolation: 0,interpolation_duration: 0}
$data merge entity $(w3) {transformation: [-0.512f,0.849f,0.1308f,-0.7088f,-0.4233f,-0.1168f,-0.8984f,1.7024f,-0.7475f,-0.5153f,0.4192f,-0.0186f,0f,0f,0f,1f],start_interpolation: 0,interpolation_duration: 0}
$data merge entity $(wing2) {transformation: [-0.0751f,0.849f,0.523f,-0.2175f,-0.992f,-0.1168f,0.0472f,1.757f,0.1012f,-0.5153f,0.851f,0.7783f,0f,0f,0f,1f],start_interpolation: 0,interpolation_duration: 0}
$data merge entity $(bone20) {transformation: [-1f,0f,0f,-0.1563f,0f,-0.164f,0.9865f,1.5058f,0f,0.9865f,0.164f,0.3246f,0f,0f,0f,1f],start_interpolation: 0,interpolation_duration: 0}
$data merge entity $(bone101) {transformation: [-1f,0f,0f,0f,0f,-0.3546f,0.935f,1.207f,0f,0.935f,0.3546f,-2.6301f,0f,0f,0f,1f],start_interpolation: 0,interpolation_duration: 0}
$data merge entity $(bone100) {transformation: [-1f,0f,0f,0f,0f,0.0738f,0.9973f,0.7555f,0f,0.9973f,-0.0738f,-2.5905f,0f,0f,0f,1f],start_interpolation: 0,interpolation_duration: 0}
$data merge entity $(bone99) {transformation: [-1f,0f,0f,0f,0f,0.425f,0.9052f,0.2973f,0f,0.9052f,-0.425f,-2.3753f,0f,0f,0f,1f],start_interpolation: 0,interpolation_duration: 0}
$data merge entity $(bone98) {transformation: [-1f,0f,0f,0f,0f,0.8673f,0.4977f,0.0515f,0f,0.4977f,-0.8673f,-1.9471f,0f,0f,0f,1f],start_interpolation: 0,interpolation_duration: 0}
$data merge entity $(bone97) {transformation: [-1f,0f,0f,0f,0f,0.9914f,-0.1305f,0.1184f,0f,-0.1305f,-0.9914f,-1.439f,0f,0f,0f,1f],start_interpolation: 0,interpolation_duration: 0}
$data merge entity $(bone96) {transformation: [-1f,0f,0f,0f,0f,0.866f,-0.5f,0.3684f,0f,-0.5f,-0.866f,-1.006f,0f,0f,0f,1f],start_interpolation: 0,interpolation_duration: 0}
$data merge entity $(bone95) {transformation: [-1f,0f,0f,0f,0f,0.6756f,-0.7373f,0.7325f,0f,-0.7373f,-0.6756f,-0.6724f,0f,0f,0f,1f],start_interpolation: 0,interpolation_duration: 0}
$data merge entity $(bone94) {transformation: [-1f,0f,0f,0f,0f,0.6088f,-0.7934f,1.1242f,0f,-0.7934f,-0.6088f,-0.3718f,0f,0f,0f,1f],start_interpolation: 0,interpolation_duration: 0}
$data merge entity $(bone93) {transformation: [-1f,0f,0f,0f,0f,0.7373f,-0.6756f,1.3796f,0f,-0.6756f,-0.7373f,-0.093f,0f,0f,0f,1f],start_interpolation: 0,interpolation_duration: 0}
$data merge entity $(bone) {transformation: [-1f,0f,0f,0f,0f,0.5373f,0.8434f,1.2874f,0f,0.8434f,-0.5373f,-0.0343f,0f,0f,0f,1f],start_interpolation: 0,interpolation_duration: 0}
$data merge entity $(bone24) {transformation: [-0.9666f,-0.2559f,-0.0141f,0.1031f,-0.2557f,0.9593f,0.1196f,1.2287f,-0.0171f,0.1192f,-0.9927f,-0.0352f,0f,0f,0f,1f],start_interpolation: 0,interpolation_duration: 0}
$data merge entity $(bone32) {transformation: [-0.9975f,-0.0408f,-0.057f,0.2243f,-0.0678f,0.3567f,0.9317f,0.5983f,-0.0177f,0.9333f,-0.3586f,-0.3587f,0f,0f,0f,1f],start_interpolation: 0,interpolation_duration: 0}
$data merge entity $(bone36) {transformation: [-0.9987f,-0.043f,-0.0286f,0.3387f,-0.0401f,0.9945f,-0.0971f,0.2651f,0.0326f,-0.0958f,-0.9949f,-1.043f,0f,0f,0f,1f],start_interpolation: 0,interpolation_duration: 0}
$data merge entity $(bone35) {transformation: [-0.9987f,-0.023f,-0.0463f,0.2967f,-0.0401f,0.9098f,0.4131f,0.3973f,0.0326f,0.4144f,-0.9095f,-0.9765f,0f,0f,0f,1f],start_interpolation: 0,interpolation_duration: 0}
$data merge entity $(bone34) {transformation: [-0.9987f,-0.0167f,-0.0489f,0.2963f,-0.0401f,0.8481f,0.5284f,0.4798f,0.0326f,0.5296f,-0.8476f,-0.9274f,0f,0f,0f,1f],start_interpolation: 0,interpolation_duration: 0}
$data merge entity $(bone77) {transformation: [-0.9276f,0.3732f,0.0136f,0.1038f,-0.0324f,-0.0442f,-0.9985f,0.0699f,-0.3721f,-0.9267f,0.0531f,-0.3583f,0f,0f,0f,1f],start_interpolation: 0,interpolation_duration: 0}
$data merge entity $(bone75) {transformation: [-0.9276f,0.3732f,0.0136f,0.1695f,-0.0324f,-0.0442f,-0.9985f,0.0635f,-0.3721f,-0.9267f,0.0531f,-0.5324f,0f,0f,0f,1f],start_interpolation: 0,interpolation_duration: 0}
$data merge entity $(bone39) {transformation: [-0.9276f,0.3732f,0.0136f,0.2345f,-0.0324f,-0.0442f,-0.9985f,0.0539f,-0.3721f,-0.9267f,0.0531f,-0.6901f,0f,0f,0f,1f],start_interpolation: 0,interpolation_duration: 0}
$data merge entity $(bone76) {transformation: [-0.9663f,-0.2574f,-0.001f,0.4943f,0.0016f,-0.0018f,-1f,0.0554f,0.2574f,-0.9663f,0.0021f,-0.3292f,0f,0f,0f,1f],start_interpolation: 0,interpolation_duration: 0}
$data merge entity $(bone74) {transformation: [-0.9663f,-0.2574f,-0.001f,0.4821f,0.0016f,-0.0018f,-1f,0.0641f,0.2574f,-0.9663f,0.0021f,-0.5257f,0f,0f,0f,1f],start_interpolation: 0,interpolation_duration: 0}
$data merge entity $(bone40) {transformation: [-0.9663f,-0.2574f,-0.001f,0.4369f,0.0016f,-0.0018f,-1f,0.0618f,0.2574f,-0.9663f,0.0021f,-0.6904f,0f,0f,0f,1f],start_interpolation: 0,interpolation_duration: 0}
$data merge entity $(bone79) {transformation: [-0.9981f,0.0556f,0.0259f,0.3045f,-0.0262f,-0.0038f,-0.9997f,0.061f,-0.0555f,-0.9984f,0.0053f,-0.292f,0f,0f,0f,1f],start_interpolation: 0,interpolation_duration: 0}
$data merge entity $(bone78) {transformation: [-0.9981f,0.0556f,0.0259f,0.3196f,-0.0262f,-0.0038f,-0.9997f,0.0623f,-0.0555f,-0.9984f,0.0053f,-0.4923f,0f,0f,0f,1f],start_interpolation: 0,interpolation_duration: 0}
$data merge entity $(bone41) {transformation: [-0.9981f,0.0556f,0.0259f,0.3294f,-0.0262f,-0.0038f,-0.9997f,0.0594f,-0.0555f,-0.9984f,0.0053f,-0.6913f,0f,0f,0f,1f],start_interpolation: 0,interpolation_duration: 0}
$data merge entity $(bone38) {transformation: [-0.9997f,-0.0146f,0.018f,0.3362f,-0.0217f,0.866f,-0.4996f,0.3082f,-0.0083f,-0.4999f,-0.866f,-0.8093f,0f,0f,0f,1f],start_interpolation: 0,interpolation_duration: 0}
$data merge entity $(bone33) {transformation: [-0.9984f,-0.0536f,-0.0201f,0.3117f,-0.0571f,0.9085f,0.414f,0.5488f,-0.0039f,0.4145f,-0.91f,-0.6989f,0f,0f,0f,1f],start_interpolation: 0,interpolation_duration: 0}
$data merge entity $(bone31) {transformation: [-0.9975f,-0.0308f,-0.0629f,0.2821f,-0.0678f,0.1981f,0.9778f,0.5907f,-0.0177f,0.9797f,-0.1997f,0.1649f,0f,0f,0f,1f],start_interpolation: 0,interpolation_duration: 0}
$data merge entity $(bone19) {transformation: [-0.9852f,-0.1695f,0.0247f,0.1713f,-0.1711f,0.9798f,-0.1034f,1.2362f,-0.0066f,-0.1061f,-0.9943f,-0.0343f,0f,0f,0f,1f],start_interpolation: 0,interpolation_duration: 0}
$data merge entity $(bone44) {transformation: [-0.7966f,0.5414f,0.2689f,-0.1115f,0.1711f,0.6287f,-0.7586f,1.2303f,-0.5797f,-0.5583f,-0.5935f,-0.0011f,0f,0f,0f,1f],start_interpolation: 0,interpolation_duration: 0}
$data merge entity $(bone46) {transformation: [-0.8903f,-0.2282f,0.394f,-0.2924f,0.0676f,0.7895f,0.6101f,0.779f,-0.4502f,0.5698f,-0.6875f,0.1279f,0f,0f,0f,1f],start_interpolation: 0,interpolation_duration: 0}
$data merge entity $(bone50) {transformation: [-0.8721f,-0.1331f,0.4709f,-0.0815f,0.0326f,0.9444f,0.3273f,0.3325f,-0.4882f,0.3008f,-0.8193f,-0.5315f,0f,0f,0f,1f],start_interpolation: 0,interpolation_duration: 0}
$data merge entity $(bone49) {transformation: [-0.8721f,-0.3507f,0.3412f,-0.1011f,0.0326f,0.6542f,0.7556f,0.4256f,-0.4882f,0.6701f,-0.5591f,-0.4106f,0f,0f,0f,1f],start_interpolation: 0,interpolation_duration: 0}
$data merge entity $(bone48) {transformation: [-0.8721f,-0.3922f,0.2926f,-0.1393f,0.0326f,0.55f,0.8345f,0.4801f,-0.4882f,0.7373f,-0.4669f,-0.3415f,0f,0f,0f,1f],start_interpolation: 0,interpolation_duration: 0}
$data merge entity $(bone54) {transformation: [-0.9811f,0.1925f,-0.0219f,-0.2579f,0.0081f,-0.0723f,-0.9974f,0.0678f,-0.1935f,-0.9786f,0.0693f,0.2159f,0f,0f,0f,1f],start_interpolation: 0,interpolation_duration: 0}
$data merge entity $(bone53) {transformation: [-0.9811f,0.1925f,-0.0219f,-0.2182f,0.0081f,-0.0723f,-0.9974f,0.0563f,-0.1935f,-0.9786f,0.0693f,0.0343f,0f,0f,0f,1f],start_interpolation: 0,interpolation_duration: 0}
$data merge entity $(bone52) {transformation: [-0.9811f,0.1925f,-0.0219f,-0.1866f,0.0081f,-0.0723f,-0.9974f,0.0419f,-0.1935f,-0.9786f,0.0693f,-0.1329f,0f,0f,0f,1f],start_interpolation: 0,interpolation_duration: 0}
$data merge entity $(bone57) {transformation: [-0.7292f,0.6842f,-0.0133f,-0.5873f,-0.0018f,-0.0214f,-0.9998f,0.0568f,-0.6843f,-0.729f,0.0169f,0.0644f,0f,0f,0f,1f],start_interpolation: 0,interpolation_duration: 0}
$data merge entity $(bone56) {transformation: [-0.7292f,0.6842f,-0.0133f,-0.4835f,-0.0018f,-0.0214f,-0.9998f,0.0618f,-0.6843f,-0.729f,0.0169f,-0.103f,0f,0f,0f,1f],start_interpolation: 0,interpolation_duration: 0}
$data merge entity $(bone55) {transformation: [-0.7292f,0.6842f,-0.0133f,-0.3657f,-0.0018f,-0.0214f,-0.9998f,0.056f,-0.6843f,-0.729f,0.0169f,-0.2265f,0f,0f,0f,1f],start_interpolation: 0,interpolation_duration: 0}
$data merge entity $(bone60) {transformation: [-0.8816f,0.4697f,-0.0458f,-0.4557f,0.0206f,-0.0586f,-0.9981f,0.074f,-0.4715f,-0.8809f,0.042f,0.1762f,0f,0f,0f,1f],start_interpolation: 0,interpolation_duration: 0}
$data merge entity $(bone59) {transformation: [-0.8816f,0.4697f,-0.0458f,-0.3648f,0.0206f,-0.0586f,-0.9981f,0.0643f,-0.4715f,-0.8809f,0.042f,-0.0026f,0f,0f,0f,1f],start_interpolation: 0,interpolation_duration: 0}
$data merge entity $(bone58) {transformation: [-0.8816f,0.4697f,-0.0458f,-0.2701f,0.0206f,-0.0586f,-0.9981f,0.0505f,-0.4715f,-0.8809f,0.042f,-0.1774f,0f,0f,0f,1f],start_interpolation: 0,interpolation_duration: 0}
$data merge entity $(bone51) {transformation: [-0.8883f,0.2088f,0.4091f,-0.2319f,0.0514f,0.9303f,-0.3632f,0.3142f,-0.4564f,-0.3016f,-0.8371f,-0.247f,0f,0f,0f,1f],start_interpolation: 0,interpolation_duration: 0}
$data merge entity $(bone47) {transformation: [-0.8883f,-0.1263f,0.4416f,-0.2565f,0.0514f,0.9281f,0.3688f,0.5602f,-0.4564f,0.3503f,-0.8179f,-0.1489f,0f,0f,0f,1f],start_interpolation: 0,interpolation_duration: 0}
$data merge entity $(bone45) {transformation: [-0.8903f,-0.2901f,0.3509f,-0.54f,0.0676f,0.6779f,0.732f,1.0444f,-0.4502f,0.6755f,-0.584f,0.5098f,0f,0f,0f,1f],start_interpolation: 0,interpolation_duration: 0}
$data merge entity $(bone43) {transformation: [-0.8408f,0.5183f,0.1563f,-0.1713f,0.1157f,0.4541f,-0.8834f,1.2362f,-0.5289f,-0.7247f,-0.4418f,-0.0343f,0f,0f,0f,1f],start_interpolation: 0,interpolation_duration: 0}