# This file was generated by Animated Java via MC-Build. It is not recommended to edit this file directly.
$data merge entity $(bone5) {transformation: [-0.9947f,-0.1024f,-0.0001f,0.3853f,-0.0949f,0.9214f,0.3768f,1.4462f,-0.0385f,0.3749f,-0.9263f,0.9724f,0f,0f,0f,1f],start_interpolation: 0,interpolation_duration: 0}
$data merge entity $(bone6) {transformation: [0.0278f,-0.2637f,-0.9642f,0.4947f,-0.4681f,0.8488f,-0.2457f,1.2197f,0.8832f,0.4582f,-0.0998f,0.889f,0f,0f,0f,1f],start_interpolation: 0,interpolation_duration: 0}
$data merge entity $(bone8) {transformation: [-0.2638f,-0.0679f,0.9622f,0.6398f,-0.1103f,0.9931f,0.0398f,0.5412f,-0.9583f,-0.0956f,-0.2694f,0.7385f,0f,0f,0f,1f],start_interpolation: 0,interpolation_duration: 0}
$data merge entity $(bone9) {transformation: [-0.2638f,-0.0679f,0.9622f,0.7997f,-0.1103f,0.9931f,0.0398f,0.7133f,-0.9583f,-0.0956f,-0.2694f,0.6671f,0f,0f,0f,1f],start_interpolation: 0,interpolation_duration: 0}
$data merge entity $(bone10) {transformation: [-0.2311f,-0.1441f,0.9622f,0.6217f,-0.4038f,0.914f,0.0398f,0.5313f,-0.8852f,-0.3793f,-0.2694f,0.7151f,0f,0f,0f,1f],start_interpolation: 0,interpolation_duration: 0}
$data merge entity $(bone12) {transformation: [-0.1649f,-0.5282f,0.8329f,0.77f,-0.9168f,0.3935f,0.0681f,0.0372f,-0.3637f,-0.7524f,-0.5492f,0.9432f,0f,0f,0f,1f],start_interpolation: 0,interpolation_duration: 0}
$data merge entity $(bone15) {transformation: [0.9838f,-0.0993f,0.1491f,0.3682f,-0.1692f,-0.2415f,0.9555f,0.0362f,-0.0589f,-0.9653f,-0.2544f,0.9899f,0f,0f,0f,1f],start_interpolation: 0,interpolation_duration: 0}
$data merge entity $(bone14) {transformation: [0.9878f,-0.0993f,-0.1202f,0.4954f,0.0933f,-0.2415f,0.9659f,0.0492f,-0.125f,-0.9653f,-0.2292f,0.9722f,0f,0f,0f,1f],start_interpolation: 0,interpolation_duration: 0}
$data merge entity $(bone13) {transformation: [0.8871f,-0.0993f,-0.4508f,0.6108f,0.418f,-0.2415f,0.8758f,0.1011f,-0.1958f,-0.9653f,-0.1727f,0.944f,0f,0f,0f,1f],start_interpolation: 0,interpolation_duration: 0}
$data merge entity $(bone18) {transformation: [-0.0545f,-0.9978f,-0.0388f,0.7497f,0.528f,0.0042f,-0.8492f,-0.2867f,0.8475f,-0.0668f,0.5266f,1.091f,0f,0f,0f,1f],start_interpolation: 0,interpolation_duration: 0}
$data merge entity $(bone17) {transformation: [-0.0169f,-0.9978f,-0.0648f,0.7464f,0.9503f,0.0042f,-0.3112f,-0.0995f,0.3107f,-0.0668f,0.9481f,1.1522f,0f,0f,0f,1f],start_interpolation: 0,interpolation_duration: 0}
$data merge entity $(bone16) {transformation: [0.0338f,-0.9978f,-0.0577f,0.7472f,0.8924f,0.0042f,0.4512f,0.0307f,-0.4499f,-0.0668f,0.8906f,1.0844f,0f,0f,0f,1f],start_interpolation: 0,interpolation_duration: 0}
$data merge entity $(bone27) {transformation: [-0.8387f,-0.5365f,-0.0933f,1.188f,-0.0862f,-0.0385f,0.9955f,0.0302f,-0.5377f,0.843f,-0.014f,1.1417f,0f,0f,0f,1f],start_interpolation: 0,interpolation_duration: 0}
$data merge entity $(bone26) {transformation: [-0.8264f,-0.557f,-0.0829f,1.0564f,-0.0831f,-0.025f,0.9962f,0.0184f,-0.557f,0.8301f,-0.0256f,1.0608f,0f,0f,0f,1f],start_interpolation: 0,interpolation_duration: 0}
$data merge entity $(bone25) {transformation: [-0.8197f,-0.557f,0.1338f,0.9055f,0.1776f,-0.025f,0.9838f,0.0487f,-0.5446f,0.8301f,0.1194f,0.9656f,0f,0f,0f,1f],start_interpolation: 0,interpolation_duration: 0}
$data merge entity $(bone30) {transformation: [0.2271f,-0.8767f,0.424f,0.8992f,0.8422f,-0.0418f,-0.5376f,-0.3249f,0.489f,0.4792f,0.7289f,1.1231f,0f,0f,0f,1f],start_interpolation: 0,interpolation_duration: 0}
$data merge entity $(bone29) {transformation: [-0.0195f,-0.8767f,0.4806f,0.8991f,0.9985f,-0.0418f,-0.0357f,-0.128f,0.0514f,0.4792f,0.8762f,1.1312f,0f,0f,0f,1f],start_interpolation: 0,interpolation_duration: 0}
$data merge entity $(bone28) {transformation: [-0.3068f,-0.8767f,0.3705f,0.8326f,0.8159f,-0.0418f,0.5766f,0.036f,-0.4901f,0.4792f,0.7281f,1.0329f,0f,0f,0f,1f],start_interpolation: 0,interpolation_duration: 0}
$data merge entity $(bone7) {transformation: [0.9622f,-0.0793f,0.2605f,0.6016f,0.0398f,0.9873f,0.1535f,0.8752f,-0.2694f,-0.1373f,0.9532f,0.6882f,0f,0f,0f,1f],start_interpolation: 0,interpolation_duration: 0}
$data merge entity $(bone4) {transformation: [-0.9642f,-0.2652f,-0.0001f,0.3501f,-0.2457f,0.8931f,0.3768f,1.5516f,-0.0998f,0.3634f,-0.9263f,0.9873f,0f,0f,0f,1f],start_interpolation: 0,interpolation_duration: 0}
$data merge entity $(bone62) {transformation: [-0.9138f,0.3364f,0.2277f,-0.414f,0.4046f,0.7044f,0.5832f,1.4715f,0.0358f,0.6251f,-0.7797f,0.942f,0f,0f,0f,1f],start_interpolation: 0,interpolation_duration: 0}
$data merge entity $(bone63) {transformation: [0.2769f,0.4561f,0.8457f,-0.5773f,0.6457f,0.5635f,-0.5153f,1.3239f,-0.7116f,0.6888f,-0.1384f,0.7943f,0f,0f,0f,1f],start_interpolation: 0,interpolation_duration: 0}
$data merge entity $(bone65) {transformation: [-0.0704f,0.1581f,-0.9849f,-0.8254f,0.2193f,0.9657f,0.1394f,0.7776f,0.9731f,-0.2062f,-0.1026f,0.5903f,0f,0f,0f,1f],start_interpolation: 0,interpolation_duration: 0}
$data merge entity $(bone66) {transformation: [-0.0704f,0.1581f,-0.9849f,-0.9757f,0.2193f,0.9657f,0.1394f,0.9622f,0.9731f,-0.2062f,-0.1026f,0.5303f,0f,0f,0f,1f],start_interpolation: 0,interpolation_duration: 0}
$data merge entity $(bone67) {transformation: [-0.0196f,0.172f,-0.9849f,-0.813f,0.4995f,0.855f,0.1394f,0.7636f,0.8661f,-0.4893f,-0.1026f,0.5653f,0f,0f,0f,1f],start_interpolation: 0,interpolation_duration: 0}
$data merge entity $(bone69) {transformation: [-0.2826f,0.1147f,-0.9523f,-0.9064f,0.4169f,0.9088f,-0.0142f,0.2078f,0.8639f,-0.401f,-0.3047f,0.7631f,0f,0f,0f,1f],start_interpolation: 0,interpolation_duration: 0}
$data merge entity $(bone72) {transformation: [0.9382f,0.2929f,0.1845f,-0.6247f,-0.2399f,0.1658f,0.9565f,0.1206f,0.2496f,-0.9416f,0.2258f,0.8048f,0f,0f,0f,1f],start_interpolation: 0,interpolation_duration: 0}
$data merge entity $(bone71) {transformation: [0.7329f,0.2929f,0.614f,-0.7181f,-0.6714f,0.1658f,0.7223f,0.2084f,0.1097f,-0.9416f,0.3182f,0.7899f,0f,0f,0f,1f],start_interpolation: 0,interpolation_duration: 0}
$data merge entity $(bone70) {transformation: [0.4787f,0.2929f,0.8277f,-0.7806f,-0.878f,0.1658f,0.4491f,0.322f,-0.0057f,-0.9416f,0.3365f,0.787f,0f,0f,0f,1f],start_interpolation: 0,interpolation_duration: 0}
$data merge entity $(bone81) {transformation: [-0.012f,0.9915f,0.1297f,-0.8215f,-0.9728f,0.0185f,-0.2308f,-0.1846f,-0.2313f,-0.1289f,0.9643f,0.9732f,0f,0f,0f,1f],start_interpolation: 0,interpolation_duration: 0}
$data merge entity $(bone80) {transformation: [0.0435f,0.9915f,0.1228f,-0.83f,-0.98f,0.0185f,0.1983f,0.0085f,0.1944f,-0.1289f,0.9724f,0.935f,0f,0f,0f,1f],start_interpolation: 0,interpolation_duration: 0}
$data merge entity $(bone73) {transformation: [0.0746f,0.9915f,0.1067f,-0.8369f,-0.8917f,0.0185f,0.4522f,0.1386f,0.4464f,-0.1289f,0.8855f,0.8674f,0f,0f,0f,1f],start_interpolation: 0,interpolation_duration: 0}
$data merge entity $(bone84) {transformation: [-0.7096f,0.6948f,0.1174f,-1.2504f,0.1433f,-0.0208f,0.9895f,0.0287f,0.6899f,0.7189f,-0.0848f,1.0157f,0f,0f,0f,1f],start_interpolation: 0,interpolation_duration: 0}
$data merge entity $(bone83) {transformation: [-0.6843f,0.7124f,-0.1555f,-1.14f,-0.2221f,-0.0005f,0.975f,0.0642f,0.6946f,0.7018f,0.1585f,0.9129f,0f,0f,0f,1f],start_interpolation: 0,interpolation_duration: 0}
$data merge entity $(bone82) {transformation: [-0.6207f,0.7124f,-0.3273f,-1.0241f,-0.4668f,-0.0005f,0.8843f,0.1472f,0.6299f,0.7018f,0.3329f,0.8014f,0f,0f,0f,1f],start_interpolation: 0,interpolation_duration: 0}
$data merge entity $(bone103) {transformation: [-0.0121f,0.9491f,-0.3149f,-1.0047f,-0.9999f,-0.0081f,0.0141f,-0.1961f,0.0108f,0.315f,0.949f,1.0478f,0f,0f,0f,1f],start_interpolation: 0,interpolation_duration: 0}
$data merge entity $(bone102) {transformation: [-0.1507f,0.9491f,-0.2767f,-0.979f,-0.8896f,-0.0081f,0.4567f,-0.0208f,0.4312f,0.315f,0.8455f,0.9615f,0f,0f,0f,1f],start_interpolation: 0,interpolation_duration: 0}
$data merge entity $(bone85) {transformation: [-0.2079f,0.9491f,-0.2368f,-0.9325f,-0.7674f,-0.0081f,0.6411f,0.1333f,0.6065f,0.315f,0.73f,0.8389f,0f,0f,0f,1f],start_interpolation: 0,interpolation_duration: 0}
$data merge entity $(bone64) {transformation: [0.9849f,0.1611f,-0.0634f,-0.7605f,-0.1394f,0.9552f,0.2612f,1.099f,0.1026f,-0.2484f,0.9632f,0.5005f,0f,0f,0f,1f],start_interpolation: 0,interpolation_duration: 0}
$data merge entity $(bone61) {transformation: [-0.8457f,0.4826f,0.2277f,-0.3501f,0.5153f,0.6279f,0.5832f,1.5516f,0.1384f,0.6106f,-0.7797f,0.9873f,0f,0f,0f,1f],start_interpolation: 0,interpolation_duration: 0}
$data merge entity $(bone23) {transformation: [-0.7934f,-0.6088f,0f,0.1071f,-0.0845f,0.1101f,0.9903f,1.4745f,-0.6029f,0.7857f,-0.1387f,1.0113f,0f,0f,0f,1f],start_interpolation: 0,interpolation_duration: 0}
$data merge entity $(bone22) {transformation: [-0.7934f,0.6088f,0f,-0.1071f,0.0845f,0.1101f,0.9903f,1.4745f,0.6029f,0.7857f,-0.1387f,1.0113f,0f,0f,0f,1f],start_interpolation: 0,interpolation_duration: 0}
$data merge entity $(bone89) {transformation: [-1f,0.0072f,0.0007f,0.002f,0.0059f,0.7542f,0.6566f,2.1835f,0.0042f,0.6566f,-0.7543f,1.4202f,0f,0f,0f,1f],start_interpolation: 0,interpolation_duration: 0}
$data merge entity $(bone90) {transformation: [-1f,0.0069f,0.0019f,0.0013f,0.0059f,0.6288f,0.7776f,2.1141f,0.0042f,0.7776f,-0.6288f,1.3482f,0f,0f,0f,1f],start_interpolation: 0,interpolation_duration: 0}
$data merge entity $(bone88) {transformation: [-1f,0.0071f,0.0013f,0.0312f,0.0059f,0.6941f,0.7198f,1.9632f,0.0042f,0.7198f,-0.6942f,1.2459f,0f,0f,0f,1f],start_interpolation: 0,interpolation_duration: 0}
$data merge entity $(bone42) {transformation: [-1f,0f,0f,0f,0f,0.7257f,0.688f,1.7079f,0f,0.688f,-0.7257f,1.6772f,0f,0f,0f,1f],start_interpolation: 0,interpolation_duration: 0}
$data merge entity $(bone87) {transformation: [-0.9998f,0.0157f,-0.0096f,-0.0044f,0.0047f,0.7195f,0.6945f,1.3116f,0.0178f,0.6943f,-0.7194f,2.2732f,0f,0f,0f,1f],start_interpolation: 0,interpolation_duration: 0}
$data merge entity $(bone86) {transformation: [-1f,0f,0f,0f,0f,0.7927f,0.6096f,1.4468f,0f,0.6096f,-0.7927f,2.0893f,0f,0f,0f,1f],start_interpolation: 0,interpolation_duration: 0}
$data merge entity $(bone92) {transformation: [-0.8818f,0.2593f,-0.3939f,0.1194f,-0.0201f,0.8139f,0.5807f,1.7843f,0.4712f,0.52f,-0.7125f,1.7098f,0f,0f,0f,1f],start_interpolation: 0,interpolation_duration: 0}
$data merge entity $(bone3) {transformation: [-0.8818f,-0.2593f,0.3939f,-0.1194f,0.0201f,0.8139f,0.5807f,1.7843f,-0.4712f,0.52f,-0.7125f,1.7098f,0f,0f,0f,1f],start_interpolation: 0,interpolation_duration: 0}
$data merge entity $(head) {transformation: [-1f,0f,0f,0f,0f,0.8235f,0.5673f,1.6856f,0f,0.5673f,-0.8235f,1.4948f,0f,0f,0f,1f],start_interpolation: 0,interpolation_duration: 0}
$data merge entity $(neck) {transformation: [-1f,0f,0f,0f,0f,0.6486f,0.7611f,1.5761f,0f,0.7611f,-0.6486f,1.3664f,0f,0f,0f,1f],start_interpolation: 0,interpolation_duration: 0}
$data merge entity $(bone2) {transformation: [-1f,0f,0f,0f,0f,0.1387f,0.9903f,1.5114f,0f,0.9903f,-0.1387f,1.055f,0f,0f,0f,1f],start_interpolation: 0,interpolation_duration: 0}
$data merge entity $(bone136) {transformation: [-1f,0f,0f,0f,0f,0.1904f,0.9823f,1.4916f,0f,0.9817f,-0.1905f,0.8594f,0f,0f,0f,1f],start_interpolation: 0,interpolation_duration: 0}
$data merge entity $(bone118) {transformation: [-0.0736f,-0.849f,-0.5233f,0.257f,0.992f,-0.116f,0.0487f,1.653f,-0.1021f,-0.5155f,0.8508f,0.772f,0f,0f,0f,1f],start_interpolation: 0,interpolation_duration: 0}
$data merge entity $(bone119) {transformation: [-0.1368f,-0.849f,-0.5104f,0.7354f,0.9906f,-0.116f,-0.0725f,1.6846f,0.0024f,-0.5155f,0.8569f,-0.0346f,0f,0f,0f,1f],start_interpolation: 0,interpolation_duration: 0}
$data merge entity $(bone120) {transformation: [-0.4949f,-0.849f,0.1851f,1.6183f,-0.1671f,-0.116f,-0.9791f,0.9606f,0.8527f,-0.5155f,-0.0845f,0.6306f,0f,0f,0f,1f],start_interpolation: 0,interpolation_duration: 0}
$data merge entity $(bone121) {transformation: [0f,0f,0f,0.987f,0f,0f,0f,1.7903f,0f,0f,0f,-0.4612f,0f,0f,0f,1f],start_interpolation: 0,interpolation_duration: 0}
$data merge entity $(bone123) {transformation: [0.0007f,-1.7314f,-1.0635f,0.9383f,1.9951f,-0.201f,0.3285f,1.1849f,-0.3851f,-1.0443f,1.7f,2.37f,0f,0f,0f,1f],start_interpolation: 0,interpolation_duration: 0}
$data merge entity $(bone124) {transformation: [-0.1351f,-0.8521f,-0.5056f,0.7306f,0.9903f,-0.0989f,-0.098f,2.6602f,0.0335f,-0.514f,0.8572f,-0.2541f,0f,0f,0f,1f],start_interpolation: 0,interpolation_duration: 0}
$data merge entity $(bone122) {transformation: [-0.4028f,-1.3129f,-0.6986f,0.5569f,1.4347f,-0.1524f,-0.5407f,2.6346f,0.3916f,-0.7919f,1.2624f,0.0372f,0f,0f,0f,1f],start_interpolation: 0,interpolation_duration: 0}
$data merge entity $(bone126) {transformation: [0.258f,-0.8521f,-0.4554f,1.1528f,0.775f,-0.0989f,0.6242f,1.9622f,-0.5769f,-0.514f,0.6348f,-0.8186f,0f,0f,0f,1f],start_interpolation: 0,interpolation_duration: 0}
$data merge entity $(bone127) {transformation: [0.1314f,-0.8521f,-0.5066f,0.8045f,0.9101f,-0.0989f,0.4024f,2.3435f,-0.393f,-0.514f,0.7625f,-0.3157f,0f,0f,0f,1f],start_interpolation: 0,interpolation_duration: 0}
$data merge entity $(bone125) {transformation: [-0.0059f,-1.1945f,-0.7337f,0.636f,1.3784f,-0.1387f,0.2146f,2.4945f,-0.2554f,-0.7205f,1.1751f,-0.058f,0f,0f,0f,1f],start_interpolation: 0,interpolation_duration: 0}
$data merge entity $(bone129) {transformation: [1.0252f,-1.589f,-0.2454f,0.4519f,0.1451f,-0.1845f,1.9989f,3.7042f,-1.7275f,-0.9584f,0.0222f,2.6916f,0f,0f,0f,1f],start_interpolation: 0,interpolation_duration: 0}
$data merge entity $(bone130) {transformation: [0.5261f,-0.8521f,-0.2068f,0.8718f,0.2262f,-0.0989f,1.0506f,1.5078f,-0.9157f,-0.514f,0.1407f,-0.2665f,0f,0f,0f,1f],start_interpolation: 0,interpolation_duration: 0}
$data merge entity $(bone131) {transformation: [0.4426f,-0.8521f,-0.3516f,0.7162f,0.5235f,-0.0989f,0.9386f,2.0812f,-0.8345f,-0.514f,0.4023f,-0.1188f,0f,0f,0f,1f],start_interpolation: 0,interpolation_duration: 0}
$data merge entity $(bone128) {transformation: [0.3548f,-0.8983f,-0.4788f,0.6033f,0.7892f,-0.1043f,0.8129f,2.3796f,-0.7401f,-0.5418f,0.6374f,0.0003f,0f,0f,0f,1f],start_interpolation: 0,interpolation_duration: 0}
$data merge entity $(bone132) {transformation: [-0.2332f,-0.8521f,-0.4685f,0.4788f,0.9508f,-0.0989f,-0.2934f,2.5072f,0.2037f,-0.514f,0.8333f,0.2049f,0f,0f,0f,1f],start_interpolation: 0,interpolation_duration: 0}
$data merge entity $(bone133) {transformation: [-0.4078f,-1.4466f,-0.692f,0.5432f,1.6627f,-0.1679f,-0.4334f,2.5288f,0.3562f,-0.8725f,1.2307f,0.1058f,0f,0f,0f,1f],start_interpolation: 0,interpolation_duration: 0}
$data merge entity $(w5) {transformation: [-0.2332f,-0.8521f,-0.4685f,0.5528f,0.9508f,-0.0989f,-0.2934f,2.4619f,0.2037f,-0.514f,0.8333f,0.1157f,0f,0f,0f,1f],start_interpolation: 0,interpolation_duration: 0}
$data merge entity $(w2) {transformation: [-0.5116f,-0.849f,-0.1323f,0.7089f,0.4247f,-0.116f,-0.8979f,1.7006f,0.7469f,-0.5155f,0.4199f,-0.018f,0f,0f,0f,1f],start_interpolation: 0,interpolation_duration: 0}
$data merge entity $(wing3) {transformation: [-0.0736f,-0.849f,-0.5233f,0.2175f,0.992f,-0.116f,0.0487f,1.7567f,-0.1021f,-0.5155f,0.8508f,0.7787f,0f,0f,0f,1f],start_interpolation: 0,interpolation_duration: 0}
$data merge entity $(bone104) {transformation: [-0.0736f,0.849f,0.5233f,-0.257f,-0.992f,-0.116f,0.0487f,1.653f,0.1021f,-0.5155f,0.8508f,0.772f,0f,0f,0f,1f],start_interpolation: 0,interpolation_duration: 0}
$data merge entity $(bone105) {transformation: [-0.1368f,0.849f,0.5104f,-0.7354f,-0.9906f,-0.116f,-0.0725f,1.6846f,-0.0024f,-0.5155f,0.8569f,-0.0346f,0f,0f,0f,1f],start_interpolation: 0,interpolation_duration: 0}
$data merge entity $(bone106) {transformation: [-0.4949f,0.849f,-0.1851f,-1.6183f,0.1671f,-0.116f,-0.9791f,0.9606f,-0.8527f,-0.5155f,-0.0845f,0.6306f,0f,0f,0f,1f],start_interpolation: 0,interpolation_duration: 0}
$data merge entity $(bone107) {transformation: [0f,0f,0f,-0.987f,0f,0f,0f,1.7903f,0f,0f,0f,-0.4612f,0f,0f,0f,1f],start_interpolation: 0,interpolation_duration: 0}
$data merge entity $(bone109) {transformation: [0.019f,1.7314f,0.9997f,-0.9691f,-1.8298f,-0.201f,0.2742f,1.2961f,0.3837f,-1.0443f,1.6046f,2.2975f,0f,0f,0f,1f],start_interpolation: 0,interpolation_duration: 0}
$data merge entity $(bone110) {transformation: [-0.1183f,0.8521f,0.4777f,-0.7209f,-0.9048f,-0.0989f,-0.1027f,2.6625f,-0.022f,-0.514f,0.8117f,-0.2385f,0f,0f,0f,1f],start_interpolation: 0,interpolation_duration: 0}
$data merge entity $(bone108) {transformation: [-0.3665f,1.3129f,0.6637f,-0.5569f,-1.3056f,-0.1524f,-0.5137f,2.6346f,-0.3564f,-0.7919f,1.1992f,0.0372f,0f,0f,0f,1f],start_interpolation: 0,interpolation_duration: 0}
$data merge entity $(bone112) {transformation: [0.258f,0.8521f,0.4554f,-1.1528f,-0.775f,-0.0989f,0.6242f,1.9622f,0.5769f,-0.514f,0.6348f,-0.8186f,0f,0f,0f,1f],start_interpolation: 0,interpolation_duration: 0}
$data merge entity $(bone113) {transformation: [0.1314f,0.8521f,0.5066f,-0.8045f,-0.9101f,-0.0989f,0.4024f,2.3435f,0.393f,-0.514f,0.7625f,-0.3157f,0f,0f,0f,1f],start_interpolation: 0,interpolation_duration: 0}
$data merge entity $(bone111) {transformation: [-0.0059f,1.1945f,0.7337f,-0.636f,-1.3784f,-0.1387f,0.2146f,2.4945f,0.2554f,-0.7205f,1.1751f,-0.058f,0f,0f,0f,1f],start_interpolation: 0,interpolation_duration: 0}
$data merge entity $(bone115) {transformation: [1.0252f,1.589f,0.2454f,-0.4519f,-0.1451f,-0.1845f,1.9989f,3.7042f,1.7275f,-0.9584f,0.0222f,2.6916f,0f,0f,0f,1f],start_interpolation: 0,interpolation_duration: 0}
$data merge entity $(bone116) {transformation: [0.5261f,0.8521f,0.2068f,-0.8718f,-0.2262f,-0.0989f,1.0506f,1.5078f,0.9157f,-0.514f,0.1407f,-0.2665f,0f,0f,0f,1f],start_interpolation: 0,interpolation_duration: 0}
$data merge entity $(bone117) {transformation: [0.4426f,0.8521f,0.3516f,-0.7162f,-0.5235f,-0.0989f,0.9386f,2.0812f,0.8345f,-0.514f,0.4023f,-0.1188f,0f,0f,0f,1f],start_interpolation: 0,interpolation_duration: 0}
$data merge entity $(bone114) {transformation: [0.3548f,0.8983f,0.4788f,-0.6033f,-0.7892f,-0.1043f,0.8129f,2.3796f,0.7401f,-0.5418f,0.6374f,0.0003f,0f,0f,0f,1f],start_interpolation: 0,interpolation_duration: 0}
$data merge entity $(bone134) {transformation: [-0.2332f,0.8521f,0.4685f,-0.4788f,-0.9508f,-0.0989f,-0.2934f,2.5072f,-0.2037f,-0.514f,0.8333f,0.2049f,0f,0f,0f,1f],start_interpolation: 0,interpolation_duration: 0}
$data merge entity $(bone135) {transformation: [-0.4078f,1.4466f,0.692f,-0.5432f,-1.6627f,-0.1679f,-0.4334f,2.5288f,-0.3562f,-0.8725f,1.2307f,0.1058f,0f,0f,0f,1f],start_interpolation: 0,interpolation_duration: 0}
$data merge entity $(w4) {transformation: [-0.2332f,0.8521f,0.4685f,-0.5528f,-0.9508f,-0.0989f,-0.2934f,2.4619f,-0.2037f,-0.514f,0.8333f,0.1157f,0f,0f,0f,1f],start_interpolation: 0,interpolation_duration: 0}
$data merge entity $(w3) {transformation: [-0.5116f,0.849f,0.1323f,-0.7089f,-0.4247f,-0.116f,-0.8979f,1.7006f,-0.7469f,-0.5155f,0.4199f,-0.018f,0f,0f,0f,1f],start_interpolation: 0,interpolation_duration: 0}
$data merge entity $(wing2) {transformation: [-0.0736f,0.849f,0.5233f,-0.2175f,-0.992f,-0.116f,0.0487f,1.7567f,0.1021f,-0.5155f,0.8508f,0.7787f,0f,0f,0f,1f],start_interpolation: 0,interpolation_duration: 0}
$data merge entity $(bone20) {transformation: [-1f,0f,0f,-0.1563f,0f,-0.1655f,0.9862f,1.5061f,0f,0.9862f,0.1655f,0.3246f,0f,0f,0f,1f],start_interpolation: 0,interpolation_duration: 0}
$data merge entity $(bone101) {transformation: [-1f,0f,0f,0f,0f,-0.362f,0.9322f,1.2045f,0f,0.9322f,0.362f,-2.63f,0f,0f,0f,1f],start_interpolation: 0,interpolation_duration: 0}
$data merge entity $(bone100) {transformation: [-1f,0f,0f,0f,0f,0.0671f,0.9977f,0.7528f,0f,0.9977f,-0.0671f,-2.5934f,0f,0f,0f,1f],start_interpolation: 0,interpolation_duration: 0}
$data merge entity $(bone99) {transformation: [-1f,0f,0f,0f,0f,0.4291f,0.9032f,0.2955f,0f,0.9032f,-0.4291f,-2.3761f,0f,0f,0f,1f],start_interpolation: 0,interpolation_duration: 0}
$data merge entity $(bone98) {transformation: [-1f,0f,0f,0f,0f,0.8694f,0.4941f,0.0515f,0f,0.4941f,-0.8694f,-1.9469f,0f,0f,0f,1f],start_interpolation: 0,interpolation_duration: 0}
$data merge entity $(bone97) {transformation: [-1f,0f,0f,0f,0f,0.9914f,-0.1307f,0.1185f,0f,-0.1307f,-0.9914f,-1.4388f,0f,0f,0f,1f],start_interpolation: 0,interpolation_duration: 0}
$data merge entity $(bone96) {transformation: [-1f,0f,0f,0f,0f,0.8659f,-0.5001f,0.3686f,0f,-0.5001f,-0.8659f,-1.0058f,0f,0f,0f,1f],start_interpolation: 0,interpolation_duration: 0}
$data merge entity $(bone95) {transformation: [-1f,0f,0f,0f,0f,0.6755f,-0.7374f,0.7327f,0f,-0.7374f,-0.6755f,-0.6723f,0f,0f,0f,1f],start_interpolation: 0,interpolation_duration: 0}
$data merge entity $(bone94) {transformation: [-1f,0f,0f,0f,0f,0.6086f,-0.7935f,1.1244f,0f,-0.7935f,-0.6086f,-0.3718f,0f,0f,0f,1f],start_interpolation: 0,interpolation_duration: 0}
$data merge entity $(bone93) {transformation: [-1f,0f,0f,0f,0f,0.7372f,-0.6757f,1.38f,0f,-0.6757f,-0.7372f,-0.093f,0f,0f,0f,1f],start_interpolation: 0,interpolation_duration: 0}
$data merge entity $(bone) {transformation: [-1f,0f,0f,0f,0f,0.5373f,0.8434f,1.2877f,0f,0.8434f,-0.5373f,-0.0343f,0f,0f,0f,1f],start_interpolation: 0,interpolation_duration: 0}
$data merge entity $(bone24) {transformation: [-0.9666f,-0.2559f,-0.014f,0.1031f,-0.2557f,0.9594f,0.1192f,1.229f,-0.0171f,0.1188f,-0.9928f,-0.0352f,0f,0f,0f,1f],start_interpolation: 0,interpolation_duration: 0}
$data merge entity $(bone32) {transformation: [-0.9975f,-0.0409f,-0.0569f,0.2244f,-0.0678f,0.3573f,0.9315f,0.5984f,-0.0177f,0.9331f,-0.3592f,-0.3585f,0f,0f,0f,1f],start_interpolation: 0,interpolation_duration: 0}
$data merge entity $(bone36) {transformation: [-0.9987f,-0.0429f,-0.0287f,0.3387f,-0.04f,0.9945f,-0.0965f,0.2653f,0.0327f,-0.0952f,-0.9949f,-1.0429f,0f,0f,0f,1f],start_interpolation: 0,interpolation_duration: 0}
$data merge entity $(bone35) {transformation: [-0.9987f,-0.0228f,-0.0463f,0.2967f,-0.04f,0.9095f,0.4137f,0.3974f,0.0327f,0.415f,-0.9092f,-0.9763f,0f,0f,0f,1f],start_interpolation: 0,interpolation_duration: 0}
$data merge entity $(bone34) {transformation: [-0.9987f,-0.0166f,-0.0489f,0.2963f,-0.04f,0.8477f,0.5289f,0.4799f,0.0327f,0.5302f,-0.8473f,-0.9272f,0f,0f,0f,1f],start_interpolation: 0,interpolation_duration: 0}
$data merge entity $(bone77) {transformation: [-0.9277f,0.3731f,0.0133f,0.1038f,-0.0322f,-0.0444f,-0.9985f,0.0698f,-0.372f,-0.9267f,0.0532f,-0.3584f,0f,0f,0f,1f],start_interpolation: 0,interpolation_duration: 0}
$data merge entity $(bone75) {transformation: [-0.9277f,0.3731f,0.0133f,0.1695f,-0.0322f,-0.0444f,-0.9985f,0.0634f,-0.372f,-0.9267f,0.0532f,-0.5324f,0f,0f,0f,1f],start_interpolation: 0,interpolation_duration: 0}
$data merge entity $(bone39) {transformation: [-0.9277f,0.3731f,0.0133f,0.2345f,-0.0322f,-0.0444f,-0.9985f,0.0538f,-0.372f,-0.9267f,0.0532f,-0.6901f,0f,0f,0f,1f],start_interpolation: 0,interpolation_duration: 0}
$data merge entity $(bone76) {transformation: [-0.9663f,-0.2575f,-0.0011f,0.4943f,0.0017f,-0.0019f,-1f,0.0553f,0.2575f,-0.9663f,0.0023f,-0.3293f,0f,0f,0f,1f],start_interpolation: 0,interpolation_duration: 0}
$data merge entity $(bone74) {transformation: [-0.9663f,-0.2575f,-0.0011f,0.4822f,0.0017f,-0.0019f,-1f,0.0641f,0.2575f,-0.9663f,0.0023f,-0.5257f,0f,0f,0f,1f],start_interpolation: 0,interpolation_duration: 0}
$data merge entity $(bone40) {transformation: [-0.9663f,-0.2575f,-0.0011f,0.4369f,0.0017f,-0.0019f,-1f,0.0617f,0.2575f,-0.9663f,0.0023f,-0.6904f,0f,0f,0f,1f],start_interpolation: 0,interpolation_duration: 0}
$data merge entity $(bone79) {transformation: [-0.9981f,0.0554f,0.0257f,0.3046f,-0.026f,-0.004f,-0.9997f,0.0609f,-0.0553f,-0.9985f,0.0054f,-0.292f,0f,0f,0f,1f],start_interpolation: 0,interpolation_duration: 0}
$data merge entity $(bone78) {transformation: [-0.9981f,0.0554f,0.0257f,0.3196f,-0.026f,-0.004f,-0.9997f,0.0622f,-0.0553f,-0.9985f,0.0054f,-0.4923f,0f,0f,0f,1f],start_interpolation: 0,interpolation_duration: 0}
$data merge entity $(bone41) {transformation: [-0.9981f,0.0554f,0.0257f,0.3294f,-0.026f,-0.004f,-0.9997f,0.0593f,-0.0553f,-0.9985f,0.0054f,-0.6913f,0f,0f,0f,1f],start_interpolation: 0,interpolation_duration: 0}
$data merge entity $(bone38) {transformation: [-0.9997f,-0.0146f,0.0179f,0.3363f,-0.0215f,0.8663f,-0.4991f,0.3081f,-0.0082f,-0.4993f,-0.8664f,-0.8092f,0f,0f,0f,1f],start_interpolation: 0,interpolation_duration: 0}
$data merge entity $(bone33) {transformation: [-0.9984f,-0.0534f,-0.0201f,0.3118f,-0.0569f,0.9082f,0.4146f,0.5487f,-0.0039f,0.4151f,-0.9098f,-0.6986f,0f,0f,0f,1f],start_interpolation: 0,interpolation_duration: 0}
$data merge entity $(bone31) {transformation: [-0.9975f,-0.0309f,-0.0629f,0.2821f,-0.0678f,0.1986f,0.9777f,0.5911f,-0.0177f,0.9796f,-0.2002f,0.1651f,0f,0f,0f,1f],start_interpolation: 0,interpolation_duration: 0}
$data merge entity $(bone19) {transformation: [-0.9852f,-0.1695f,0.0247f,0.1713f,-0.1711f,0.9798f,-0.1038f,1.2366f,-0.0066f,-0.1065f,-0.9943f,-0.0343f,0f,0f,0f,1f],start_interpolation: 0,interpolation_duration: 0}
$data merge entity $(bone44) {transformation: [-0.7966f,0.5412f,0.2691f,-0.1115f,0.1712f,0.629f,-0.7583f,1.2306f,-0.5797f,-0.5581f,-0.5937f,-0.0011f,0f,0f,0f,1f],start_interpolation: 0,interpolation_duration: 0}
$data merge entity $(bone46) {transformation: [-0.8903f,-0.2283f,0.3939f,-0.2924f,0.0675f,0.7895f,0.6101f,0.7791f,-0.4503f,0.5698f,-0.6875f,0.1278f,0f,0f,0f,1f],start_interpolation: 0,interpolation_duration: 0}
$data merge entity $(bone50) {transformation: [-0.8721f,-0.133f,0.4709f,-0.0814f,0.0326f,0.9444f,0.3271f,0.3325f,-0.4882f,0.3006f,-0.8193f,-0.5315f,0f,0f,0f,1f],start_interpolation: 0,interpolation_duration: 0}
$data merge entity $(bone49) {transformation: [-0.8721f,-0.3506f,0.3413f,-0.1011f,0.0326f,0.6544f,0.7555f,0.4256f,-0.4882f,0.67f,-0.5593f,-0.4107f,0f,0f,0f,1f],start_interpolation: 0,interpolation_duration: 0}
$data merge entity $(bone48) {transformation: [-0.8721f,-0.3922f,0.2926f,-0.1393f,0.0326f,0.5501f,0.8344f,0.4801f,-0.4882f,0.7372f,-0.467f,-0.3415f,0f,0f,0f,1f],start_interpolation: 0,interpolation_duration: 0}
$data merge entity $(bone54) {transformation: [-0.9811f,0.1925f,-0.0217f,-0.2579f,0.0079f,-0.0721f,-0.9974f,0.0678f,-0.1936f,-0.9786f,0.0692f,0.2159f,0f,0f,0f,1f],start_interpolation: 0,interpolation_duration: 0}
$data merge entity $(bone53) {transformation: [-0.9811f,0.1925f,-0.0217f,-0.2182f,0.0079f,-0.0721f,-0.9974f,0.0563f,-0.1936f,-0.9786f,0.0692f,0.0344f,0f,0f,0f,1f],start_interpolation: 0,interpolation_duration: 0}
$data merge entity $(bone52) {transformation: [-0.9811f,0.1925f,-0.0217f,-0.1866f,0.0079f,-0.0721f,-0.9974f,0.042f,-0.1936f,-0.9786f,0.0692f,-0.1329f,0f,0f,0f,1f],start_interpolation: 0,interpolation_duration: 0}
$data merge entity $(bone57) {transformation: [-0.7291f,0.6842f,-0.0132f,-0.5873f,-0.0019f,-0.0213f,-0.9998f,0.0568f,-0.6844f,-0.729f,0.0169f,0.0644f,0f,0f,0f,1f],start_interpolation: 0,interpolation_duration: 0}
$data merge entity $(bone56) {transformation: [-0.7291f,0.6842f,-0.0132f,-0.4835f,-0.0019f,-0.0213f,-0.9998f,0.0618f,-0.6844f,-0.729f,0.0169f,-0.103f,0f,0f,0f,1f],start_interpolation: 0,interpolation_duration: 0}
$data merge entity $(bone55) {transformation: [-0.7291f,0.6842f,-0.0132f,-0.3657f,-0.0019f,-0.0213f,-0.9998f,0.0561f,-0.6844f,-0.729f,0.0169f,-0.2265f,0f,0f,0f,1f],start_interpolation: 0,interpolation_duration: 0}
$data merge entity $(bone60) {transformation: [-0.8816f,0.4698f,-0.0457f,-0.4557f,0.0206f,-0.0585f,-0.9981f,0.074f,-0.4715f,-0.8809f,0.0419f,0.1762f,0f,0f,0f,1f],start_interpolation: 0,interpolation_duration: 0}
$data merge entity $(bone59) {transformation: [-0.8816f,0.4698f,-0.0457f,-0.3648f,0.0206f,-0.0585f,-0.9981f,0.0643f,-0.4715f,-0.8809f,0.0419f,-0.0026f,0f,0f,0f,1f],start_interpolation: 0,interpolation_duration: 0}
$data merge entity $(bone58) {transformation: [-0.8816f,0.4698f,-0.0457f,-0.2701f,0.0206f,-0.0585f,-0.9981f,0.0506f,-0.4715f,-0.8809f,0.0419f,-0.1774f,0f,0f,0f,1f],start_interpolation: 0,interpolation_duration: 0}
$data merge entity $(bone51) {transformation: [-0.8883f,0.2088f,0.4091f,-0.2318f,0.0514f,0.9302f,-0.3633f,0.3143f,-0.4564f,-0.3017f,-0.837f,-0.247f,0f,0f,0f,1f],start_interpolation: 0,interpolation_duration: 0}
$data merge entity $(bone47) {transformation: [-0.8883f,-0.1263f,0.4416f,-0.2564f,0.0514f,0.9281f,0.3687f,0.5602f,-0.4564f,0.3502f,-0.818f,-0.1489f,0f,0f,0f,1f],start_interpolation: 0,interpolation_duration: 0}
$data merge entity $(bone45) {transformation: [-0.8903f,-0.2901f,0.3509f,-0.5399f,0.0675f,0.6779f,0.732f,1.0444f,-0.4503f,0.6754f,-0.584f,0.5097f,0f,0f,0f,1f],start_interpolation: 0,interpolation_duration: 0}
$data merge entity $(bone43) {transformation: [-0.8408f,0.5183f,0.1566f,-0.1713f,0.1157f,0.4545f,-0.8832f,1.2366f,-0.5289f,-0.7245f,-0.4421f,-0.0343f,0f,0f,0f,1f],start_interpolation: 0,interpolation_duration: 0}