# This file was generated by Animated Java via MC-Build. It is not recommended to edit this file directly.
$data merge entity $(bone5) {transformation: [-0.9947f,-0.1023f,0.0052f,0.3851f,-0.093f,0.9228f,0.374f,1.4591f,-0.0431f,0.3715f,-0.9274f,0.9736f,0f,0f,0f,1f],start_interpolation: 0,interpolation_duration: 0}
$data merge entity $(bone6) {transformation: [0.0225f,-0.2642f,-0.9642f,0.4945f,-0.4654f,0.8508f,-0.244f,1.2321f,0.8848f,0.4543f,-0.1038f,0.8914f,0f,0f,0f,1f],start_interpolation: 0,interpolation_duration: 0}
$data merge entity $(bone8) {transformation: [-0.2605f,-0.0734f,0.9627f,0.6417f,-0.1023f,0.9936f,0.048f,0.5525f,-0.96f,-0.086f,-0.2663f,0.7393f,0f,0f,0f,1f],start_interpolation: 0,interpolation_duration: 0}
$data merge entity $(bone9) {transformation: [-0.2605f,-0.0734f,0.9627f,0.8007f,-0.1023f,0.9936f,0.048f,0.7263f,-0.96f,-0.086f,-0.2663f,0.67f,0f,0f,0f,1f],start_interpolation: 0,interpolation_duration: 0}
$data merge entity $(bone10) {transformation: [-0.2264f,-0.1483f,0.9627f,0.6237f,-0.3964f,0.9168f,0.048f,0.5427f,-0.8898f,-0.3707f,-0.2663f,0.7158f,0f,0f,0f,1f],start_interpolation: 0,interpolation_duration: 0}
$data merge entity $(bone12) {transformation: [-0.1684f,-0.5254f,0.834f,0.7734f,-0.9065f,0.4148f,0.0783f,0.0444f,-0.3871f,-0.7429f,-0.5461f,0.9377f,0f,0f,0f,1f],start_interpolation: 0,interpolation_duration: 0}
$data merge entity $(bone15) {transformation: [0.9855f,-0.1011f,0.1366f,0.3794f,-0.1562f,-0.2222f,0.9624f,0.0224f,-0.067f,-0.9697f,-0.2348f,0.9889f,0f,0f,0f,1f],start_interpolation: 0,interpolation_duration: 0}
$data merge entity $(bone14) {transformation: [0.9731f,-0.1011f,-0.207f,0.5046f,0.1807f,-0.2222f,0.9581f,0.0467f,-0.1429f,-0.9697f,-0.198f,0.969f,0f,0f,0f,1f],start_interpolation: 0,interpolation_duration: 0}
$data merge entity $(bone13) {transformation: [0.8436f,-0.1011f,-0.5273f,0.6145f,0.4975f,-0.2222f,0.8385f,0.109f,-0.202f,-0.9697f,-0.1372f,0.9399f,0f,0f,0f,1f],start_interpolation: 0,interpolation_duration: 0}
$data merge entity $(bone18) {transformation: [-0.0739f,-0.9966f,-0.0371f,0.7575f,0.8196f,-0.0395f,-0.5716f,-0.2637f,0.5681f,-0.0727f,0.8197f,1.2021f,0f,0f,0f,1f],start_interpolation: 0,interpolation_duration: 0}
$data merge entity $(bone17) {transformation: [-0.0327f,-0.9966f,-0.0759f,0.751f,0.9952f,-0.0395f,0.089f,-0.0676f,-0.0917f,-0.0727f,0.9931f,1.1841f,0f,0f,0f,1f],start_interpolation: 0,interpolation_duration: 0}
$data merge entity $(bone16) {transformation: [0.0237f,-0.9966f,-0.0792f,0.7503f,0.7052f,-0.0395f,0.7079f,0.0344f,-0.7086f,-0.0727f,0.7018f,1.0786f,0f,0f,0f,1f],start_interpolation: 0,interpolation_duration: 0}
$data merge entity $(bone27) {transformation: [-0.8445f,-0.5278f,-0.0905f,1.1932f,-0.0694f,-0.0598f,0.9958f,0.0308f,-0.531f,0.8473f,0.0139f,1.1331f,0f,0f,0f,1f],start_interpolation: 0,interpolation_duration: 0}
$data merge entity $(bone26) {transformation: [-0.8324f,-0.5484f,-0.0803f,1.0607f,-0.0658f,-0.046f,0.9968f,0.0214f,-0.5503f,0.835f,0.0021f,1.0533f,0f,0f,0f,1f],start_interpolation: 0,interpolation_duration: 0}
$data merge entity $(bone25) {transformation: [-0.8248f,-0.5484f,0.1379f,0.9089f,0.1944f,-0.046f,0.9798f,0.0548f,-0.531f,0.835f,0.1445f,0.9606f,0f,0f,0f,1f],start_interpolation: 0,interpolation_duration: 0}
$data merge entity $(bone30) {transformation: [0.0795f,-0.8742f,0.4789f,0.9527f,0.9657f,-0.0516f,-0.2546f,-0.274f,0.2473f,0.4827f,0.8401f,1.2053f,0f,0f,0f,1f],start_interpolation: 0,interpolation_duration: 0}
$data merge entity $(bone29) {transformation: [-0.1745f,-0.8742f,0.453f,0.922f,0.9613f,-0.0516f,0.2708f,-0.0844f,-0.2133f,0.4827f,0.8494f,1.1612f,0f,0f,0f,1f],start_interpolation: 0,interpolation_duration: 0}
$data merge entity $(bone28) {transformation: [-0.4052f,-0.8742f,0.2675f,0.8358f,0.6253f,-0.0516f,0.7786f,0.0406f,-0.6669f,0.4827f,0.5676f,1.0274f,0f,0f,0f,1f],start_interpolation: 0,interpolation_duration: 0}
$data merge entity $(bone7) {transformation: [0.9627f,-0.0847f,0.257f,0.6017f,0.048f,0.9882f,0.1456f,0.8868f,-0.2663f,-0.1278f,0.9554f,0.6922f,0f,0f,0f,1f],start_interpolation: 0,interpolation_duration: 0}
$data merge entity $(bone4) {transformation: [-0.9642f,-0.2651f,0.0052f,0.3501f,-0.244f,0.8948f,0.374f,1.5646f,-0.1038f,0.3593f,-0.9274f,0.988f,0f,0f,0f,1f],start_interpolation: 0,interpolation_duration: 0}
$data merge entity $(bone62) {transformation: [-0.9102f,0.359f,0.2064f,-0.4158f,0.4101f,0.7125f,0.5693f,1.4841f,0.0574f,0.6029f,-0.7958f,0.946f,0f,0f,0f,1f],start_interpolation: 0,interpolation_duration: 0}
$data merge entity $(bone63) {transformation: [0.258f,0.48f,0.8385f,-0.5843f,0.6326f,0.572f,-0.5221f,1.3351f,-0.7303f,0.6651f,-0.1561f,0.8058f,0f,0f,0f,1f],start_interpolation: 0,interpolation_duration: 0}
$data merge entity $(bone65) {transformation: [-0.0409f,0.156f,-0.9869f,-0.8412f,0.2242f,0.964f,0.1431f,0.7858f,0.9737f,-0.2154f,-0.0744f,0.6147f,0f,0f,0f,1f],start_interpolation: 0,interpolation_duration: 0}
$data merge entity $(bone66) {transformation: [-0.0409f,0.156f,-0.9869f,-0.9924f,0.2242f,0.964f,0.1431f,0.9708f,0.9737f,-0.2154f,-0.0744f,0.5583f,0f,0f,0f,1f],start_interpolation: 0,interpolation_duration: 0}
$data merge entity $(bone67) {transformation: [0.0079f,0.1611f,-0.9869f,-0.8296f,0.5037f,0.8519f,0.1431f,0.7717f,0.8638f,-0.4982f,-0.0744f,0.5894f,0f,0f,0f,1f],start_interpolation: 0,interpolation_duration: 0}
$data merge entity $(bone69) {transformation: [-0.2656f,0.0781f,-0.9609f,-0.9139f,0.3204f,0.9472f,-0.0116f,0.2126f,0.9093f,-0.3109f,-0.2766f,0.7735f,0f,0f,0f,1f],start_interpolation: 0,interpolation_duration: 0}
$data merge entity $(bone72) {transformation: [0.9296f,0.2582f,0.2631f,-0.6288f,-0.3304f,0.2672f,0.9052f,0.1299f,0.1634f,-0.9284f,0.3337f,0.798f,0f,0f,0f,1f],start_interpolation: 0,interpolation_duration: 0}
$data merge entity $(bone71) {transformation: [0.7533f,0.2582f,0.6048f,-0.725f,-0.6573f,0.2672f,0.7046f,0.2161f,0.0203f,-0.9284f,0.371f,0.7947f,0f,0f,0f,1f],start_interpolation: 0,interpolation_duration: 0}
$data merge entity $(bone70) {transformation: [0.501f,0.2582f,0.826f,-0.7904f,-0.8587f,0.2672f,0.4373f,0.3275f,-0.1078f,-0.9284f,0.3556f,0.805f,0f,0f,0f,1f],start_interpolation: 0,interpolation_duration: 0}
$data merge entity $(bone81) {transformation: [0.1245f,0.9882f,0.0896f,-0.8047f,-0.5684f,-0.003f,0.8227f,-0.0844f,0.8133f,-0.1534f,0.5613f,1.1234f,0f,0f,0f,1f],start_interpolation: 0,interpolation_duration: 0}
$data merge entity $(bone80) {transformation: [0.0982f,0.9882f,0.1179f,-0.8241f,-0.7557f,-0.003f,0.655f,0.0645f,0.6476f,-0.1534f,0.7464f,0.9958f,0f,0f,0f,1f],start_interpolation: 0,interpolation_duration: 0}
$data merge entity $(bone73) {transformation: [0.1319f,0.9882f,0.0783f,-0.8393f,-0.4937f,-0.003f,0.8696f,0.1354f,0.8596f,-0.1534f,0.4874f,0.8683f,0f,0f,0f,1f],start_interpolation: 0,interpolation_duration: 0}
$data merge entity $(bone84) {transformation: [-0.7129f,0.6937f,0.1025f,-1.2563f,0.1219f,-0.0213f,0.9923f,0.0298f,0.6905f,0.72f,-0.0694f,1.0236f,0f,0f,0f,1f],start_interpolation: 0,interpolation_duration: 0}
$data merge entity $(bone83) {transformation: [-0.6872f,0.7112f,-0.1482f,-1.1455f,-0.2119f,-0.0011f,0.9773f,0.0638f,0.6948f,0.703f,0.1515f,0.9208f,0f,0f,0f,1f],start_interpolation: 0,interpolation_duration: 0}
$data merge entity $(bone82) {transformation: [-0.6254f,0.7112f,-0.321f,-1.0287f,-0.4576f,-0.0011f,0.8891f,0.1451f,0.632f,0.703f,0.3261f,0.8089f,0f,0f,0f,1f],start_interpolation: 0,interpolation_duration: 0}
$data merge entity $(bone103) {transformation: [-0.2633f,0.9478f,-0.18f,-1.0363f,-0.5494f,0.0061f,0.8356f,-0.103f,0.793f,0.3189f,0.5191f,1.1459f,0f,0f,0f,1f],start_interpolation: 0,interpolation_duration: 0}
$data merge entity $(bone102) {transformation: [-0.2267f,0.9478f,-0.2244f,-0.9957f,-0.6905f,0.0061f,0.7233f,0.0331f,0.6869f,0.3189f,0.6531f,1.0092f,0f,0f,0f,1f],start_interpolation: 0,interpolation_duration: 0}
$data merge entity $(bone85) {transformation: [-0.2757f,0.9478f,-0.1605f,-0.9356f,-0.4874f,0.0061f,0.8731f,0.1303f,0.8285f,0.3189f,0.4603f,0.8422f,0f,0f,0f,1f],start_interpolation: 0,interpolation_duration: 0}
$data merge entity $(bone64) {transformation: [0.9869f,0.1577f,-0.0341f,-0.7776f,-0.1431f,0.9533f,0.266f,1.1065f,0.0744f,-0.2577f,0.9634f,0.5215f,0f,0f,0f,1f],start_interpolation: 0,interpolation_duration: 0}
$data merge entity $(bone61) {transformation: [-0.8385f,0.5043f,0.2064f,-0.3501f,0.5221f,0.635f,0.5693f,1.5646f,0.1561f,0.5851f,-0.7958f,0.988f,0f,0f,0f,1f],start_interpolation: 0,interpolation_duration: 0}
$data merge entity $(bone23) {transformation: [-0.7934f,-0.6088f,0f,0.1071f,-0.0746f,0.0972f,0.9925f,1.4871f,-0.6042f,0.7874f,-0.1225f,1.0107f,0f,0f,0f,1f],start_interpolation: 0,interpolation_duration: 0}
$data merge entity $(bone22) {transformation: [-0.7934f,0.6088f,0f,-0.1071f,0.0746f,0.0972f,0.9925f,1.4871f,0.6042f,0.7874f,-0.1225f,1.0107f,0f,0f,0f,1f],start_interpolation: 0,interpolation_duration: 0}
$data merge entity $(bone89) {transformation: [-1f,0.0072f,0.0007f,0.002f,0.0056f,0.7122f,0.7019f,2.1859f,0.0045f,0.7019f,-0.7123f,1.4586f,0f,0f,0f,1f],start_interpolation: 0,interpolation_duration: 0}
$data merge entity $(bone90) {transformation: [-1f,0.0069f,0.0019f,0.0013f,0.0056f,0.5795f,0.8149f,2.121f,0.0045f,0.8149f,-0.5796f,1.3825f,0f,0f,0f,1f],start_interpolation: 0,interpolation_duration: 0}
$data merge entity $(bone88) {transformation: [-1f,0.0071f,0.0013f,0.0312f,0.0056f,0.6484f,0.7613f,1.9768f,0.0045f,0.7613f,-0.6484f,1.2711f,0f,0f,0f,1f],start_interpolation: 0,interpolation_duration: 0}
$data merge entity $(bone42) {transformation: [-1f,0f,0f,0f,0f,0.7474f,0.6644f,1.6953f,0f,0.6644f,-0.7474f,1.6857f,0f,0f,0f,1f],start_interpolation: 0,interpolation_duration: 0}
$data merge entity $(bone87) {transformation: [-0.9998f,0.0157f,-0.0096f,-0.0044f,0.0036f,0.6752f,0.7376f,1.263f,0.0181f,0.7375f,-0.6752f,2.2561f,0f,0f,0f,1f],start_interpolation: 0,interpolation_duration: 0}
$data merge entity $(bone86) {transformation: [-1f,0f,0f,0f,0f,0.7535f,0.6574f,1.4093f,0f,0.6574f,-0.7535f,2.0809f,0f,0f,0f,1f],start_interpolation: 0,interpolation_duration: 0}
$data merge entity $(bone92) {transformation: [-0.8818f,0.2593f,-0.3939f,0.1194f,-0.0492f,0.7802f,0.6236f,1.7695f,0.469f,0.5692f,-0.6753f,1.723f,0f,0f,0f,1f],start_interpolation: 0,interpolation_duration: 0}
$data merge entity $(bone3) {transformation: [-0.8818f,-0.2593f,0.3939f,-0.1194f,0.0492f,0.7802f,0.6236f,1.7695f,-0.469f,0.5692f,-0.6753f,1.723f,0f,0f,0f,1f],start_interpolation: 0,interpolation_duration: 0}
$data merge entity $(head) {transformation: [-1f,0f,0f,0f,0f,0.7869f,0.6171f,1.6843f,0f,0.6171f,-0.7869f,1.5023f,0f,0f,0f,1f],start_interpolation: 0,interpolation_duration: 0}
$data merge entity $(neck) {transformation: [-1f,0f,0f,0f,0f,0.6004f,0.7997f,1.5829f,0f,0.7997f,-0.6004f,1.3674f,0f,0f,0f,1f],start_interpolation: 0,interpolation_duration: 0}
$data merge entity $(bone2) {transformation: [-1f,0f,0f,0f,0f,0.1225f,0.9925f,1.5233f,0f,0.9925f,-0.1225f,1.055f,0f,0f,0f,1f],start_interpolation: 0,interpolation_duration: 0}
$data merge entity $(bone136) {transformation: [-1f,0f,0f,0f,0f,0.1743f,1.0298f,1.5067f,0f,0.9847f,-0.1823f,0.8591f,0f,0f,0f,1f],start_interpolation: 0,interpolation_duration: 0}
$data merge entity $(bone118) {transformation: [-0.0589f,-0.849f,-0.5251f,0.2555f,0.9924f,-0.1066f,0.0609f,1.6688f,-0.1077f,-0.5175f,0.8489f,0.7767f,0f,0f,0f,1f],start_interpolation: 0,interpolation_duration: 0}
$data merge entity $(bone119) {transformation: [-0.1225f,-0.849f,-0.514f,0.7367f,0.9925f,-0.1066f,-0.0605f,1.6891f,-0.0034f,-0.5175f,0.8557f,-0.0286f,0f,0f,0f,1f],start_interpolation: 0,interpolation_duration: 0}
$data merge entity $(bone120) {transformation: [-0.4999f,-0.849f,0.1712f,1.6071f,-0.1553f,-0.1066f,-0.9821f,0.9561f,0.8521f,-0.5175f,-0.0786f,0.6433f,0f,0f,0f,1f],start_interpolation: 0,interpolation_duration: 0}
$data merge entity $(bone121) {transformation: [0f,0f,0f,0.9912f,0f,0f,0f,1.7889f,0f,0f,0f,-0.455f,0f,0f,0f,1f],start_interpolation: 0,interpolation_duration: 0}
$data merge entity $(bone123) {transformation: [0.0565f,-1.731f,-1.0627f,0.9045f,1.9836f,-0.1817f,0.4013f,1.2423f,-0.4369f,-1.0486f,1.6848f,2.4059f,0f,0f,0f,1f],start_interpolation: 0,interpolation_duration: 0}
$data merge entity $(bone124) {transformation: [-0.1085f,-0.8519f,-0.5124f,0.7499f,0.9941f,-0.0894f,-0.0619f,2.6535f,0.0069f,-0.5161f,0.8565f,-0.2568f,0f,0f,0f,1f],start_interpolation: 0,interpolation_duration: 0}
$data merge entity $(bone122) {transformation: [-0.3658f,-1.3125f,-0.7193f,0.5741f,1.4548f,-0.1377f,-0.4886f,2.6402f,0.3519f,-0.7952f,1.272f,0.034f,0f,0f,0f,1f],start_interpolation: 0,interpolation_duration: 0}
$data merge entity $(bone126) {transformation: [0.2817f,-0.8519f,-0.4415f,1.1559f,0.7524f,-0.0894f,0.6526f,1.9299f,-0.5954f,-0.5161f,0.6158f,-0.8006f,0f,0f,0f,1f],start_interpolation: 0,interpolation_duration: 0}
$data merge entity $(bone127) {transformation: [0.1579f,-0.8519f,-0.4994f,0.8155f,0.8957f,-0.0894f,0.4356f,2.3334f,-0.4157f,-0.5161f,0.7489f,-0.3097f,0f,0f,0f,1f],start_interpolation: 0,interpolation_duration: 0}
$data merge entity $(bone125) {transformation: [0.0326f,-1.1942f,-0.7335f,0.6498f,1.3709f,-0.1253f,0.2649f,2.4956f,-0.2912f,-0.7235f,1.1649f,-0.057f,0f,0f,0f,1f],start_interpolation: 0,interpolation_duration: 0}
$data merge entity $(bone129) {transformation: [1.0373f,-1.5886f,-0.1915f,0.4847f,0.0722f,-0.1667f,2.0047f,3.7813f,-1.7248f,-0.9624f,-0.0312f,2.6591f,0f,0f,0f,1f],start_interpolation: 0,interpolation_duration: 0}
$data merge entity $(bone130) {transformation: [0.5366f,-0.8519f,-0.1791f,0.86f,0.188f,-0.0894f,1.0591f,1.4978f,-0.9182f,-0.5161f,0.1122f,-0.2384f,0f,0f,0f,1f],start_interpolation: 0,interpolation_duration: 0}
$data merge entity $(bone131) {transformation: [0.4607f,-0.8519f,-0.3281f,0.7192f,0.4894f,-0.0894f,0.9579f,2.0788f,-0.8453f,-0.5161f,0.3757f,-0.1066f,0f,0f,0f,1f],start_interpolation: 0,interpolation_duration: 0}
$data merge entity $(bone128) {transformation: [0.3797f,-0.8981f,-0.4599f,0.6138f,0.7598f,-0.0943f,0.8419f,2.3832f,-0.7583f,-0.5441f,0.6133f,0.004f,0f,0f,0f,1f],start_interpolation: 0,interpolation_duration: 0}
$data merge entity $(bone132) {transformation: [-0.2085f,-0.8519f,-0.4805f,0.4918f,0.9618f,-0.0894f,-0.2589f,2.5194f,0.1776f,-0.5161f,0.8379f,0.2045f,0f,0f,0f,1f],start_interpolation: 0,interpolation_duration: 0}
$data merge entity $(bone133) {transformation: [-0.3646f,-1.4462f,-0.7096f,0.5572f,1.6818f,-0.1518f,-0.3823f,2.5366f,0.3105f,-0.8761f,1.2376f,0.1052f,0f,0f,0f,1f],start_interpolation: 0,interpolation_duration: 0}
$data merge entity $(w5) {transformation: [-0.2085f,-0.8519f,-0.4805f,0.565f,0.9618f,-0.0894f,-0.2589f,2.4698f,0.1776f,-0.5161f,0.8379f,0.117f,0f,0f,0f,1f],start_interpolation: 0,interpolation_duration: 0}
$data merge entity $(w2) {transformation: [-0.5077f,-0.849f,-0.1465f,0.7105f,0.4361f,-0.1066f,-0.8936f,1.7056f,0.743f,-0.5175f,0.4243f,-0.0121f,0f,0f,0f,1f],start_interpolation: 0,interpolation_duration: 0}
$data merge entity $(wing3) {transformation: [-0.0589f,-0.849f,-0.5251f,0.2175f,0.9924f,-0.1066f,0.0609f,1.7731f,-0.1077f,-0.5175f,0.8489f,0.7828f,0f,0f,0f,1f],start_interpolation: 0,interpolation_duration: 0}
$data merge entity $(bone104) {transformation: [-0.0589f,0.849f,0.5251f,-0.2555f,-0.9924f,-0.1066f,0.0609f,1.6688f,0.1077f,-0.5175f,0.8489f,0.7767f,0f,0f,0f,1f],start_interpolation: 0,interpolation_duration: 0}
$data merge entity $(bone105) {transformation: [-0.1225f,0.849f,0.514f,-0.7367f,-0.9925f,-0.1066f,-0.0605f,1.6891f,0.0034f,-0.5175f,0.8557f,-0.0286f,0f,0f,0f,1f],start_interpolation: 0,interpolation_duration: 0}
$data merge entity $(bone106) {transformation: [-0.4999f,0.849f,-0.1712f,-1.6071f,0.1553f,-0.1066f,-0.9821f,0.9561f,-0.8521f,-0.5175f,-0.0786f,0.6433f,0f,0f,0f,1f],start_interpolation: 0,interpolation_duration: 0}
$data merge entity $(bone107) {transformation: [0f,0f,0f,-0.9912f,0f,0f,0f,1.7889f,0f,0f,0f,-0.455f,0f,0f,0f,1f],start_interpolation: 0,interpolation_duration: 0}
$data merge entity $(bone109) {transformation: [0.0704f,1.731f,1f,-0.9387f,-1.818f,-0.1817f,0.3428f,1.3507f,0.4311f,-1.0486f,1.5912f,2.3307f,0f,0f,0f,1f],start_interpolation: 0,interpolation_duration: 0}
$data merge entity $(bone110) {transformation: [-0.0939f,0.8519f,0.4843f,-0.7402f,-0.9079f,-0.0894f,-0.0686f,2.6565f,0.0022f,-0.5161f,0.8113f,-0.2414f,0f,0f,0f,1f],start_interpolation: 0,interpolation_duration: 0}
$data merge entity $(bone108) {transformation: [-0.3329f,1.3125f,0.6833f,-0.5741f,-1.3238f,-0.1377f,-0.4641f,2.6402f,-0.3202f,-0.7952f,1.2084f,0.034f,0f,0f,0f,1f],start_interpolation: 0,interpolation_duration: 0}
$data merge entity $(bone112) {transformation: [0.2817f,0.8519f,0.4415f,-1.1559f,-0.7524f,-0.0894f,0.6526f,1.9299f,0.5954f,-0.5161f,0.6158f,-0.8006f,0f,0f,0f,1f],start_interpolation: 0,interpolation_duration: 0}
$data merge entity $(bone113) {transformation: [0.1579f,0.8519f,0.4994f,-0.8155f,-0.8957f,-0.0894f,0.4356f,2.3334f,0.4157f,-0.5161f,0.7489f,-0.3097f,0f,0f,0f,1f],start_interpolation: 0,interpolation_duration: 0}
$data merge entity $(bone111) {transformation: [0.0326f,1.1942f,0.7335f,-0.6498f,-1.3709f,-0.1253f,0.2649f,2.4956f,0.2912f,-0.7235f,1.1649f,-0.057f,0f,0f,0f,1f],start_interpolation: 0,interpolation_duration: 0}
$data merge entity $(bone115) {transformation: [1.0373f,1.5886f,0.1915f,-0.4847f,-0.0722f,-0.1667f,2.0047f,3.7813f,1.7248f,-0.9624f,-0.0312f,2.6591f,0f,0f,0f,1f],start_interpolation: 0,interpolation_duration: 0}
$data merge entity $(bone116) {transformation: [0.5366f,0.8519f,0.1791f,-0.86f,-0.188f,-0.0894f,1.0591f,1.4978f,0.9182f,-0.5161f,0.1122f,-0.2384f,0f,0f,0f,1f],start_interpolation: 0,interpolation_duration: 0}
$data merge entity $(bone117) {transformation: [0.4607f,0.8519f,0.3281f,-0.7192f,-0.4894f,-0.0894f,0.9579f,2.0788f,0.8453f,-0.5161f,0.3757f,-0.1066f,0f,0f,0f,1f],start_interpolation: 0,interpolation_duration: 0}
$data merge entity $(bone114) {transformation: [0.3797f,0.8981f,0.4599f,-0.6138f,-0.7598f,-0.0943f,0.8419f,2.3832f,0.7583f,-0.5441f,0.6133f,0.004f,0f,0f,0f,1f],start_interpolation: 0,interpolation_duration: 0}
$data merge entity $(bone134) {transformation: [-0.2085f,0.8519f,0.4805f,-0.4918f,-0.9618f,-0.0894f,-0.2589f,2.5194f,-0.1776f,-0.5161f,0.8379f,0.2045f,0f,0f,0f,1f],start_interpolation: 0,interpolation_duration: 0}
$data merge entity $(bone135) {transformation: [-0.3646f,1.4462f,0.7096f,-0.5572f,-1.6818f,-0.1518f,-0.3823f,2.5366f,-0.3105f,-0.8761f,1.2376f,0.1052f,0f,0f,0f,1f],start_interpolation: 0,interpolation_duration: 0}
$data merge entity $(w4) {transformation: [-0.2085f,0.8519f,0.4805f,-0.565f,-0.9618f,-0.0894f,-0.2589f,2.4698f,-0.1776f,-0.5161f,0.8379f,0.117f,0f,0f,0f,1f],start_interpolation: 0,interpolation_duration: 0}
$data merge entity $(w3) {transformation: [-0.5077f,0.849f,0.1465f,-0.7105f,-0.4361f,-0.1066f,-0.8936f,1.7056f,-0.743f,-0.5175f,0.4243f,-0.0121f,0f,0f,0f,1f],start_interpolation: 0,interpolation_duration: 0}
$data merge entity $(wing2) {transformation: [-0.0589f,0.849f,0.5251f,-0.2175f,-0.9924f,-0.1066f,0.0609f,1.7731f,0.1077f,-0.5175f,0.8489f,0.7828f,0f,0f,0f,1f],start_interpolation: 0,interpolation_duration: 0}
$data merge entity $(bone20) {transformation: [-1f,0f,0f,-0.1563f,0f,-0.1816f,0.9834f,1.53f,0f,0.9834f,0.1816f,0.3246f,0f,0f,0f,1f],start_interpolation: 0,interpolation_duration: 0}
$data merge entity $(bone101) {transformation: [-1f,0f,0f,0f,0f,-0.4677f,0.8839f,1.1662f,0f,0.8839f,0.4677f,-2.6498f,0f,0f,0f,1f],start_interpolation: 0,interpolation_duration: 0}
$data merge entity $(bone100) {transformation: [-1f,0f,0f,0f,0f,0.0418f,0.9991f,0.7138f,0f,0.9991f,-0.0418f,-2.6246f,0f,0f,0f,1f],start_interpolation: 0,interpolation_duration: 0}
$data merge entity $(bone99) {transformation: [-1f,0f,0f,0f,0f,0.5f,0.866f,0.2754f,0f,0.866f,-0.5f,-2.3715f,0f,0f,0f,1f],start_interpolation: 0,interpolation_duration: 0}
$data merge entity $(bone98) {transformation: [-1f,0f,0f,0f,0f,0.8929f,0.4502f,0.053f,0f,0.4502f,-0.8929f,-1.9306f,0f,0f,0f,1f],start_interpolation: 0,interpolation_duration: 0}
$data merge entity $(bone97) {transformation: [-1f,0f,0f,0f,0f,0.9898f,-0.1427f,0.1262f,0f,-0.1427f,-0.9898f,-1.4234f,0f,0f,0f,1f],start_interpolation: 0,interpolation_duration: 0}
$data merge entity $(bone96) {transformation: [-1f,0f,0f,0f,0f,0.8598f,-0.5106f,0.3815f,0f,-0.5106f,-0.8598f,-0.9935f,0f,0f,0f,1f],start_interpolation: 0,interpolation_duration: 0}
$data merge entity $(bone95) {transformation: [-1f,0f,0f,0f,0f,0.6665f,-0.7455f,0.7496f,0f,-0.7455f,-0.6665f,-0.6644f,0f,0f,0f,1f],start_interpolation: 0,interpolation_duration: 0}
$data merge entity $(bone94) {transformation: [-1f,0f,0f,0f,0f,0.599f,-0.8008f,1.145f,0f,-0.8008f,-0.599f,-0.3687f,0f,0f,0f,1f],start_interpolation: 0,interpolation_duration: 0}
$data merge entity $(bone93) {transformation: [-1f,0f,0f,0f,0f,0.7289f,-0.6846f,1.4038f,0f,-0.6846f,-0.7289f,-0.093f,0f,0f,0f,1f],start_interpolation: 0,interpolation_duration: 0}
$data merge entity $(bone) {transformation: [-1f,0f,0f,0f,0f,0.5373f,0.8434f,1.3116f,0f,0.8434f,-0.5373f,-0.0343f,0f,0f,0f,1f],start_interpolation: 0,interpolation_duration: 0}
$data merge entity $(bone24) {transformation: [-0.9666f,-0.2563f,-0.0088f,0.1031f,-0.256f,0.9625f,0.0895f,1.2529f,-0.0144f,0.0888f,-0.9959f,-0.0353f,0f,0f,0f,1f],start_interpolation: 0,interpolation_duration: 0}
$data merge entity $(bone32) {transformation: [-0.9975f,-0.0463f,-0.0542f,0.2263f,-0.0682f,0.3961f,0.9157f,0.6065f,-0.0209f,0.917f,-0.3983f,-0.3389f,0f,0f,0f,1f],start_interpolation: 0,interpolation_duration: 0}
$data merge entity $(bone36) {transformation: [-0.9988f,-0.0336f,-0.0356f,0.3378f,-0.0319f,0.9983f,-0.0478f,0.276f,0.0371f,-0.0466f,-0.9982f,-1.0339f,0f,0f,0f,1f],start_interpolation: 0,interpolation_duration: 0}
$data merge entity $(bone35) {transformation: [-0.9988f,-0.0113f,-0.0476f,0.2975f,-0.0319f,0.8885f,0.4578f,0.4051f,0.0371f,0.4588f,-0.8878f,-0.9607f,0f,0f,0f,1f],start_interpolation: 0,interpolation_duration: 0}
$data merge entity $(bone34) {transformation: [-0.9988f,-0.005f,-0.0487f,0.2982f,-0.0319f,0.8211f,0.5699f,0.4851f,0.0371f,0.5707f,-0.8203f,-0.9076f,0f,0f,0f,1f],start_interpolation: 0,interpolation_duration: 0}
$data merge entity $(bone77) {transformation: [-0.9303f,0.3666f,-0.0095f,0.1052f,-0.0123f,-0.057f,-0.9983f,0.0691f,-0.3665f,-0.9286f,0.0575f,-0.3587f,0f,0f,0f,1f],start_interpolation: 0,interpolation_duration: 0}
$data merge entity $(bone75) {transformation: [-0.9303f,0.3666f,-0.0095f,0.1698f,-0.0123f,-0.057f,-0.9983f,0.0605f,-0.3665f,-0.9286f,0.0575f,-0.5331f,0f,0f,0f,1f],start_interpolation: 0,interpolation_duration: 0}
$data merge entity $(bone39) {transformation: [-0.9303f,0.3666f,-0.0095f,0.2336f,-0.0123f,-0.057f,-0.9983f,0.0487f,-0.3665f,-0.9286f,0.0575f,-0.6911f,0f,0f,0f,1f],start_interpolation: 0,interpolation_duration: 0}
$data merge entity $(bone76) {transformation: [-0.9639f,-0.2662f,-0.0068f,0.4967f,0.0107f,-0.0131f,-0.9999f,0.0527f,0.2661f,-0.9638f,0.0155f,-0.3317f,0f,0f,0f,1f],start_interpolation: 0,interpolation_duration: 0}
$data merge entity $(bone74) {transformation: [-0.9639f,-0.2662f,-0.0068f,0.4828f,0.0107f,-0.0131f,-0.9999f,0.0589f,0.2661f,-0.9638f,0.0155f,-0.5281f,0f,0f,0f,1f],start_interpolation: 0,interpolation_duration: 0}
$data merge entity $(bone40) {transformation: [-0.9639f,-0.2662f,-0.0068f,0.436f,0.0107f,-0.0131f,-0.9999f,0.0546f,0.2661f,-0.9638f,0.0155f,-0.6924f,0f,0f,0f,1f],start_interpolation: 0,interpolation_duration: 0}
$data merge entity $(bone79) {transformation: [-0.999f,0.0418f,0.0124f,0.3091f,-0.013f,-0.0144f,-0.9998f,0.0591f,-0.0416f,-0.999f,0.015f,-0.2932f,0f,0f,0f,1f],start_interpolation: 0,interpolation_duration: 0}
$data merge entity $(bone78) {transformation: [-0.999f,0.0418f,0.0124f,0.3215f,-0.013f,-0.0144f,-0.9998f,0.0583f,-0.0416f,-0.999f,0.015f,-0.4936f,0f,0f,0f,1f],start_interpolation: 0,interpolation_duration: 0}
$data merge entity $(bone41) {transformation: [-0.999f,0.0418f,0.0124f,0.3285f,-0.013f,-0.0144f,-0.9998f,0.0533f,-0.0416f,-0.999f,0.015f,-0.6927f,0f,0f,0f,1f],start_interpolation: 0,interpolation_duration: 0}
$data merge entity $(bone38) {transformation: [-0.9999f,-0.009f,0.0077f,0.3371f,-0.0115f,0.8896f,-0.4566f,0.3075f,-0.0028f,-0.4566f,-0.8897f,-0.7984f,0f,0f,0f,1f],start_interpolation: 0,interpolation_duration: 0}
$data merge entity $(bone33) {transformation: [-0.9989f,-0.0419f,-0.0214f,0.3157f,-0.0471f,0.8875f,0.4585f,0.5426f,-0.0002f,0.459f,-0.8884f,-0.6761f,0f,0f,0f,1f],start_interpolation: 0,interpolation_duration: 0}
$data merge entity $(bone31) {transformation: [-0.9975f,-0.0367f,-0.0611f,0.2809f,-0.0682f,0.2395f,0.9685f,0.6212f,-0.0209f,0.9702f,-0.2414f,0.1849f,0f,0f,0f,1f],start_interpolation: 0,interpolation_duration: 0}
$data merge entity $(bone19) {transformation: [-0.9852f,-0.1687f,0.0299f,0.1713f,-0.1711f,0.9762f,-0.1335f,1.2604f,-0.0066f,-0.1366f,-0.9906f,-0.0343f,0f,0f,0f,1f],start_interpolation: 0,interpolation_duration: 0}
$data merge entity $(bone44) {transformation: [-0.7974f,0.5329f,0.2832f,-0.1115f,0.1731f,0.6516f,-0.7386f,1.2546f,-0.5781f,-0.5399f,-0.6118f,-0.0011f,0f,0f,0f,1f],start_interpolation: 0,interpolation_duration: 0}
$data merge entity $(bone46) {transformation: [-0.8898f,-0.231f,0.3935f,-0.2898f,0.0648f,0.7898f,0.61f,0.7833f,-0.4517f,0.5683f,-0.6878f,0.1221f,0f,0f,0f,1f],start_interpolation: 0,interpolation_duration: 0}
$data merge entity $(bone50) {transformation: [-0.8716f,-0.1303f,0.4726f,-0.0784f,0.0293f,0.9485f,0.3155f,0.3311f,-0.4894f,0.2889f,-0.8228f,-0.5339f,0f,0f,0f,1f],start_interpolation: 0,interpolation_duration: 0}
$data merge entity $(bone49) {transformation: [-0.8716f,-0.3491f,0.3442f,-0.0978f,0.0293f,0.6636f,0.7475f,0.4258f,-0.4894f,0.6616f,-0.5682f,-0.4142f,0f,0f,0f,1f],start_interpolation: 0,interpolation_duration: 0}
$data merge entity $(bone48) {transformation: [-0.8716f,-0.3911f,0.2957f,-0.1359f,0.0293f,0.5604f,0.8277f,0.4813f,-0.4894f,0.7301f,-0.4769f,-0.3457f,0f,0f,0f,1f],start_interpolation: 0,interpolation_duration: 0}
$data merge entity $(bone54) {transformation: [-0.9809f,0.1945f,-0.0078f,-0.2568f,-0.0035f,-0.0575f,-0.9983f,0.0665f,-0.1946f,-0.9792f,0.0571f,0.2172f,0f,0f,0f,1f],start_interpolation: 0,interpolation_duration: 0}
$data merge entity $(bone53) {transformation: [-0.9809f,0.1945f,-0.0078f,-0.2167f,-0.0035f,-0.0575f,-0.9983f,0.0578f,-0.1946f,-0.9792f,0.0571f,0.0356f,0f,0f,0f,1f],start_interpolation: 0,interpolation_duration: 0}
$data merge entity $(bone52) {transformation: [-0.9809f,0.1945f,-0.0078f,-0.1848f,-0.0035f,-0.0575f,-0.9983f,0.0459f,-0.1946f,-0.9792f,0.0571f,-0.1318f,0f,0f,0f,1f],start_interpolation: 0,interpolation_duration: 0}
$data merge entity $(bone57) {transformation: [-0.7285f,0.685f,-0.0039f,-0.5856f,-0.008f,-0.0143f,-0.9999f,0.0578f,-0.6849f,-0.7284f,0.0159f,0.0651f,0f,0f,0f,1f],start_interpolation: 0,interpolation_duration: 0}
$data merge entity $(bone56) {transformation: [-0.7285f,0.685f,-0.0039f,-0.4817f,-0.008f,-0.0143f,-0.9999f,0.0639f,-0.6849f,-0.7284f,0.0159f,-0.1022f,0f,0f,0f,1f],start_interpolation: 0,interpolation_duration: 0}
$data merge entity $(bone55) {transformation: [-0.7285f,0.685f,-0.0039f,-0.3637f,-0.008f,-0.0143f,-0.9999f,0.0594f,-0.6849f,-0.7284f,0.0159f,-0.2257f,0f,0f,0f,1f],start_interpolation: 0,interpolation_duration: 0}
$data merge entity $(bone60) {transformation: [-0.8811f,0.4713f,-0.0382f,-0.4545f,0.0176f,-0.0481f,-0.9987f,0.0734f,-0.4726f,-0.8806f,0.034f,0.1771f,0f,0f,0f,1f],start_interpolation: 0,interpolation_duration: 0}
$data merge entity $(bone59) {transformation: [-0.8811f,0.4713f,-0.0382f,-0.3633f,0.0176f,-0.0481f,-0.9987f,0.0658f,-0.4726f,-0.8806f,0.034f,-0.0017f,0f,0f,0f,1f],start_interpolation: 0,interpolation_duration: 0}
$data merge entity $(bone58) {transformation: [-0.8811f,0.4713f,-0.0382f,-0.2683f,0.0176f,-0.0481f,-0.9987f,0.0542f,-0.4726f,-0.8806f,0.034f,-0.1765f,0f,0f,0f,1f],start_interpolation: 0,interpolation_duration: 0}
$data merge entity $(bone51) {transformation: [-0.8877f,0.2121f,0.4087f,-0.2291f,0.0486f,0.9258f,-0.3749f,0.3169f,-0.4578f,-0.3129f,-0.8321f,-0.2492f,0f,0f,0f,1f],start_interpolation: 0,interpolation_duration: 0}
$data merge entity $(bone47) {transformation: [-0.8877f,-0.1236f,0.4435f,-0.2529f,0.0486f,0.9328f,0.3572f,0.5641f,-0.4578f,0.3386f,-0.822f,-0.1542f,0f,0f,0f,1f],start_interpolation: 0,interpolation_duration: 0}
$data merge entity $(bone45) {transformation: [-0.8898f,-0.2928f,0.35f,-0.5386f,0.0648f,0.6783f,0.732f,1.0486f,-0.4517f,0.674f,-0.5846f,0.5033f,0f,0f,0f,1f],start_interpolation: 0,interpolation_duration: 0}
$data merge entity $(bone43) {transformation: [-0.8408f,0.5133f,0.1722f,-0.1713f,0.1157f,0.481f,-0.869f,1.2604f,-0.5289f,-0.7107f,-0.4638f,-0.0343f,0f,0f,0f,1f],start_interpolation: 0,interpolation_duration: 0}