# This file was generated by Animated Java via MC-Build. It is not recommended to edit this file directly.
$data merge entity $(bone5) {transformation: [-0.9947f,-0.1023f,0.0059f,0.3851f,-0.0928f,0.9234f,0.3725f,1.4626f,-0.0435f,0.37f,-0.928f,0.9738f,0f,0f,0f,1f],start_interpolation: 0,interpolation_duration: 0}
$data merge entity $(bone6) {transformation: [0.0219f,-0.2643f,-0.9642f,0.4945f,-0.4641f,0.8515f,-0.2439f,1.2355f,0.8855f,0.4528f,-0.104f,0.892f,0f,0f,0f,1f],start_interpolation: 0,interpolation_duration: 0}
$data merge entity $(bone8) {transformation: [-0.2602f,-0.0733f,0.9628f,0.6417f,-0.1009f,0.9937f,0.0484f,0.5555f,-0.9603f,-0.0845f,-0.266f,0.74f,0f,0f,0f,1f],start_interpolation: 0,interpolation_duration: 0}
$data merge entity $(bone9) {transformation: [-0.2602f,-0.0733f,0.9628f,0.8007f,-0.1009f,0.9937f,0.0484f,0.7293f,-0.9603f,-0.0845f,-0.266f,0.6711f,0f,0f,0f,1f],start_interpolation: 0,interpolation_duration: 0}
$data merge entity $(bone10) {transformation: [-0.2261f,-0.1482f,0.9628f,0.6236f,-0.395f,0.9174f,0.0484f,0.5457f,-0.8904f,-0.3694f,-0.266f,0.7165f,0f,0f,0f,1f],start_interpolation: 0,interpolation_duration: 0}
$data merge entity $(bone12) {transformation: [-0.1695f,-0.5248f,0.8342f,0.7732f,-0.905f,0.4181f,0.0791f,0.0467f,-0.3902f,-0.7415f,-0.5458f,0.9375f,0f,0f,0f,1f],start_interpolation: 0,interpolation_duration: 0}
$data merge entity $(bone15) {transformation: [0.9856f,-0.1014f,0.1352f,0.3806f,-0.1547f,-0.2191f,0.9634f,0.0214f,-0.0681f,-0.9704f,-0.2317f,0.9893f,0f,0f,0f,1f],start_interpolation: 0,interpolation_duration: 0}
$data merge entity $(bone14) {transformation: [0.9701f,-0.1014f,-0.2207f,0.5054f,0.1946f,-0.2191f,0.9561f,0.0475f,-0.1453f,-0.9704f,-0.1928f,0.969f,0f,0f,0f,1f],start_interpolation: 0,interpolation_duration: 0}
$data merge entity $(bone13) {transformation: [0.8361f,-0.1014f,-0.5392f,0.6143f,0.5099f,-0.2191f,0.8319f,0.1115f,-0.2025f,-0.9704f,-0.1315f,0.9399f,0f,0f,0f,1f],start_interpolation: 0,interpolation_duration: 0}
$data merge entity $(bone18) {transformation: [-0.0753f,-0.9964f,-0.0379f,0.7574f,0.8545f,-0.0449f,-0.5175f,-0.2544f,0.5139f,-0.0714f,0.8549f,1.22f,0f,0f,0f,1f],start_interpolation: 0,interpolation_duration: 0}
$data merge entity $(bone17) {transformation: [-0.0333f,-0.9964f,-0.0775f,0.7508f,0.9872f,-0.0449f,0.1529f,-0.0599f,-0.1558f,-0.0714f,0.9852f,1.1893f,0f,0f,0f,1f],start_interpolation: 0,interpolation_duration: 0}
$data merge entity $(bone16) {transformation: [0.0235f,-0.9964f,-0.081f,0.7501f,0.6652f,-0.0449f,0.7453f,0.0362f,-0.7463f,-0.0714f,0.6618f,1.0784f,0f,0f,0f,1f],start_interpolation: 0,interpolation_duration: 0}
$data merge entity $(bone27) {transformation: [-0.8456f,-0.5262f,-0.0895f,1.1933f,-0.0665f,-0.0625f,0.9958f,0.0318f,-0.5296f,0.848f,0.0178f,1.1323f,0f,0f,0f,1f],start_interpolation: 0,interpolation_duration: 0}
$data merge entity $(bone26) {transformation: [-0.8335f,-0.5468f,-0.0792f,1.0607f,-0.0629f,-0.0485f,0.9968f,0.023f,-0.5489f,0.8358f,0.006f,1.0527f,0f,0f,0f,1f],start_interpolation: 0,interpolation_duration: 0}
$data merge entity $(bone25) {transformation: [-0.8256f,-0.5468f,0.1392f,0.9087f,0.1972f,-0.0485f,0.9792f,0.0568f,-0.5287f,0.8358f,0.1479f,0.9604f,0f,0f,0f,1f],start_interpolation: 0,interpolation_duration: 0}
$data merge entity $(bone30) {transformation: [0.0546f,-0.8738f,0.4832f,0.9598f,0.9774f,-0.0523f,-0.2049f,-0.2614f,0.2043f,0.4834f,0.8512f,1.2186f,0f,0f,0f,1f],start_interpolation: 0,interpolation_duration: 0}
$data merge entity $(bone29) {transformation: [-0.1982f,-0.8738f,0.444f,0.9244f,0.9462f,-0.0523f,0.3195f,-0.0748f,-0.256f,0.4834f,0.8371f,1.1661f,0f,0f,0f,1f],start_interpolation: 0,interpolation_duration: 0}
$data merge entity $(bone28) {transformation: [-0.4183f,-0.8738f,0.2479f,0.8356f,0.5876f,-0.0523f,0.8075f,0.0425f,-0.6926f,0.4834f,0.5353f,1.0272f,0f,0f,0f,1f],start_interpolation: 0,interpolation_duration: 0}
$data merge entity $(bone7) {transformation: [0.9628f,-0.0846f,0.2568f,0.6017f,0.0484f,0.9884f,0.1441f,0.8898f,-0.266f,-0.1263f,0.9557f,0.6934f,0f,0f,0f,1f],start_interpolation: 0,interpolation_duration: 0}
$data merge entity $(bone4) {transformation: [-0.9642f,-0.2651f,0.0059f,0.3501f,-0.2439f,0.8954f,0.3725f,1.5682f,-0.104f,0.3578f,-0.928f,0.988f,0f,0f,0f,1f],start_interpolation: 0,interpolation_duration: 0}
$data merge entity $(bone62) {transformation: [-0.9099f,0.3612f,0.2039f,-0.416f,0.4106f,0.7142f,0.5669f,1.4876f,0.0592f,0.5995f,-0.7982f,0.9464f,0f,0f,0f,1f],start_interpolation: 0,interpolation_duration: 0}
$data merge entity $(bone63) {transformation: [0.2557f,0.4824f,0.8378f,-0.585f,0.6303f,0.5739f,-0.5228f,1.3381f,-0.733f,0.6618f,-0.1573f,0.8073f,0f,0f,0f,1f],start_interpolation: 0,interpolation_duration: 0}
$data merge entity $(bone65) {transformation: [-0.0383f,0.1554f,-0.9871f,-0.8426f,0.2227f,0.9643f,0.1432f,0.7879f,0.9741f,-0.2143f,-0.0716f,0.6172f,0f,0f,0f,1f],start_interpolation: 0,interpolation_duration: 0}
$data merge entity $(bone66) {transformation: [-0.0383f,0.1554f,-0.9871f,-0.994f,0.2227f,0.9643f,0.1432f,0.973f,0.9741f,-0.2143f,-0.0716f,0.5615f,0f,0f,0f,1f],start_interpolation: 0,interpolation_duration: 0}
$data merge entity $(bone67) {transformation: [0.0102f,0.1597f,-0.9871f,-0.8311f,0.5023f,0.8527f,0.1432f,0.7738f,0.8646f,-0.4973f,-0.0716f,0.5919f,0f,0f,0f,1f],start_interpolation: 0,interpolation_duration: 0}
$data merge entity $(bone69) {transformation: [-0.2639f,0.075f,-0.9616f,-0.9144f,0.3111f,0.9503f,-0.0112f,0.2142f,0.913f,-0.3021f,-0.2741f,0.7739f,0f,0f,0f,1f],start_interpolation: 0,interpolation_duration: 0}
$data merge entity $(bone72) {transformation: [0.9285f,0.255f,0.27f,-0.6291f,-0.3376f,0.2767f,0.8997f,0.132f,0.1547f,-0.9265f,0.343f,0.7967f,0f,0f,0f,1f],start_interpolation: 0,interpolation_duration: 0}
$data merge entity $(bone71) {transformation: [0.7549f,0.255f,0.6042f,-0.7254f,-0.6557f,0.2767f,0.7025f,0.2179f,0.012f,-0.9265f,0.3761f,0.7945f,0f,0f,0f,1f],start_interpolation: 0,interpolation_duration: 0}
$data merge entity $(bone70) {transformation: [0.5027f,0.255f,0.826f,-0.7911f,-0.8564f,0.2767f,0.4359f,0.329f,-0.1174f,-0.9265f,0.3575f,0.8061f,0f,0f,0f,1f],start_interpolation: 0,interpolation_duration: 0}
$data merge entity $(bone81) {transformation: [0.128f,0.9894f,0.0684f,-0.805f,-0.4713f,0f,0.882f,-0.072f,0.8726f,-0.1451f,0.4663f,1.1321f,0f,0f,0f,1f],start_interpolation: 0,interpolation_duration: 0}
$data merge entity $(bone80) {transformation: [0.0994f,0.9894f,0.1057f,-0.8246f,-0.7286f,0f,0.6849f,0.0716f,0.6776f,-0.1451f,0.7209f,0.9986f,0f,0f,0f,1f],start_interpolation: 0,interpolation_duration: 0}
$data merge entity $(bone73) {transformation: [0.1295f,0.9894f,0.0655f,-0.8394f,-0.4512f,0f,0.8924f,0.1363f,0.883f,-0.1451f,0.4464f,0.8677f,0f,0f,0f,1f],start_interpolation: 0,interpolation_duration: 0}
$data merge entity $(bone84) {transformation: [-0.713f,0.6939f,0.1003f,-1.2564f,0.1177f,-0.0226f,0.9928f,0.0299f,0.6912f,0.7197f,-0.0655f,1.0234f,0f,0f,0f,1f],start_interpolation: 0,interpolation_duration: 0}
$data merge entity $(bone83) {transformation: [-0.6868f,0.7114f,-0.1493f,-1.1456f,-0.2147f,-0.0023f,0.9767f,0.0643f,0.6944f,0.7028f,0.1543f,0.9206f,0f,0f,0f,1f],start_interpolation: 0,interpolation_duration: 0}
$data merge entity $(bone82) {transformation: [-0.6248f,0.7114f,-0.3219f,-1.029f,-0.4602f,-0.0023f,0.8878f,0.1461f,0.6308f,0.7028f,0.3288f,0.8089f,0f,0f,0f,1f],start_interpolation: 0,interpolation_duration: 0}
$data merge entity $(bone103) {transformation: [-0.2782f,0.9483f,-0.1531f,-1.0381f,-0.4591f,0.0087f,0.8883f,-0.0902f,0.8437f,0.3174f,0.433f,1.1537f,0f,0f,0f,1f],start_interpolation: 0,interpolation_duration: 0}
$data merge entity $(bone102) {transformation: [-0.2316f,0.9483f,-0.2172f,-0.9966f,-0.665f,0.0087f,0.7468f,0.0408f,0.71f,0.3174f,0.6286f,1.0124f,0f,0f,0f,1f],start_interpolation: 0,interpolation_duration: 0}
$data merge entity $(bone85) {transformation: [-0.2791f,0.9483f,-0.1514f,-0.9357f,-0.4537f,0.0087f,0.8911f,0.1311f,0.8463f,0.3174f,0.4278f,0.8418f,0f,0f,0f,1f],start_interpolation: 0,interpolation_duration: 0}
$data merge entity $(bone64) {transformation: [0.9871f,0.1569f,-0.0315f,-0.7793f,-0.1432f,0.9537f,0.2645f,1.1087f,0.0716f,-0.2566f,0.9639f,0.5244f,0f,0f,0f,1f],start_interpolation: 0,interpolation_duration: 0}
$data merge entity $(bone61) {transformation: [-0.8378f,0.5065f,0.2039f,-0.3501f,0.5228f,0.6367f,0.5669f,1.5682f,0.1573f,0.5815f,-0.7982f,0.988f,0f,0f,0f,1f],start_interpolation: 0,interpolation_duration: 0}
$data merge entity $(bone23) {transformation: [-0.7934f,-0.6088f,0f,0.1071f,-0.0741f,0.0966f,0.9926f,1.4906f,-0.6042f,0.7874f,-0.1218f,1.0106f,0f,0f,0f,1f],start_interpolation: 0,interpolation_duration: 0}
$data merge entity $(bone22) {transformation: [-0.7934f,0.6088f,0f,-0.1071f,0.0741f,0.0966f,0.9926f,1.4906f,0.6042f,0.7874f,-0.1218f,1.0106f,0f,0f,0f,1f],start_interpolation: 0,interpolation_duration: 0}
$data merge entity $(bone89) {transformation: [-1f,0.0072f,0.0007f,0.002f,0.0056f,0.7063f,0.7079f,2.1883f,0.0046f,0.7078f,-0.7064f,1.4637f,0f,0f,0f,1f],start_interpolation: 0,interpolation_duration: 0}
$data merge entity $(bone90) {transformation: [-1f,0.0069f,0.0019f,0.0013f,0.0056f,0.5727f,0.8198f,2.1241f,0.0046f,0.8197f,-0.5727f,1.3871f,0f,0f,0f,1f],start_interpolation: 0,interpolation_duration: 0}
$data merge entity $(bone88) {transformation: [-1f,0.0071f,0.0013f,0.0312f,0.0056f,0.6419f,0.7667f,1.9808f,0.0046f,0.7667f,-0.642f,1.2744f,0f,0f,0f,1f],start_interpolation: 0,interpolation_duration: 0}
$data merge entity $(bone42) {transformation: [-1f,0f,0f,0f,0f,0.7494f,0.6622f,1.6959f,0f,0.6622f,-0.7494f,1.6867f,0f,0f,0f,1f],start_interpolation: 0,interpolation_duration: 0}
$data merge entity $(bone87) {transformation: [-0.9998f,0.0157f,-0.0096f,-0.0044f,0.0034f,0.669f,0.7433f,1.2588f,0.0181f,0.7431f,-0.6689f,2.2534f,0f,0f,0f,1f],start_interpolation: 0,interpolation_duration: 0}
$data merge entity $(bone86) {transformation: [-1f,0f,0f,0f,0f,0.748f,0.6637f,1.4065f,0f,0.6637f,-0.748f,2.0795f,0f,0f,0f,1f],start_interpolation: 0,interpolation_duration: 0}
$data merge entity $(bone92) {transformation: [-0.8818f,0.2593f,-0.3939f,0.1194f,-0.0531f,0.7754f,0.6292f,1.7698f,0.4686f,0.5758f,-0.67f,1.7246f,0f,0f,0f,1f],start_interpolation: 0,interpolation_duration: 0}
$data merge entity $(bone3) {transformation: [-0.8818f,-0.2593f,0.3939f,-0.1194f,0.0531f,0.7754f,0.6292f,1.7698f,-0.4686f,0.5758f,-0.67f,1.7246f,0f,0f,0f,1f],start_interpolation: 0,interpolation_duration: 0}
$data merge entity $(head) {transformation: [-1f,0f,0f,0f,0f,0.7817f,0.6236f,1.6864f,0f,0.6236f,-0.7817f,1.5032f,0f,0f,0f,1f],start_interpolation: 0,interpolation_duration: 0}
$data merge entity $(neck) {transformation: [-1f,0f,0f,0f,0f,0.5937f,0.8047f,1.5862f,0f,0.8047f,-0.5937f,1.3674f,0f,0f,0f,1f],start_interpolation: 0,interpolation_duration: 0}
$data merge entity $(bone2) {transformation: [-1f,0f,0f,0f,0f,0.1218f,0.9926f,1.5268f,0f,0.9926f,-0.1218f,1.055f,0f,0f,0f,1f],start_interpolation: 0,interpolation_duration: 0}
$data merge entity $(bone136) {transformation: [-1f,0f,0f,0f,0f,0.1736f,1.0374f,1.5103f,0f,0.9848f,-0.1828f,0.859f,0f,0f,0f,1f],start_interpolation: 0,interpolation_duration: 0}
$data merge entity $(bone118) {transformation: [-0.0588f,-0.849f,-0.5251f,0.2555f,0.9925f,-0.1062f,0.0606f,1.6725f,-0.1072f,-0.5176f,0.8489f,0.7768f,0f,0f,0f,1f],start_interpolation: 0,interpolation_duration: 0}
$data merge entity $(bone119) {transformation: [-0.1223f,-0.849f,-0.514f,0.7367f,0.9925f,-0.1062f,-0.0608f,1.6931f,-0.003f,-0.5176f,0.8556f,-0.0284f,0f,0f,0f,1f],start_interpolation: 0,interpolation_duration: 0}
$data merge entity $(bone120) {transformation: [-0.4999f,-0.849f,0.171f,1.607f,-0.1556f,-0.1062f,-0.9821f,0.9596f,0.852f,-0.5176f,-0.0791f,0.6431f,0f,0f,0f,1f],start_interpolation: 0,interpolation_duration: 0}
$data merge entity $(bone121) {transformation: [0f,0f,0f,0.9912f,0f,0f,0f,1.793f,0f,0f,0f,-0.4548f,0f,0f,0f,1f],start_interpolation: 0,interpolation_duration: 0}
$data merge entity $(bone123) {transformation: [0.0612f,-1.731f,-1.0625f,0.901f,1.9822f,-0.1808f,0.4087f,1.2523f,-0.4427f,-1.0488f,1.6831f,2.4102f,0f,0f,0f,1f],start_interpolation: 0,interpolation_duration: 0}
$data merge entity $(bone124) {transformation: [-0.1063f,-0.8519f,-0.5129f,0.7506f,0.9943f,-0.089f,-0.0582f,2.6559f,0.0039f,-0.5161f,0.8565f,-0.2568f,0f,0f,0f,1f],start_interpolation: 0,interpolation_duration: 0}
$data merge entity $(bone122) {transformation: [-0.3627f,-1.3125f,-0.7209f,0.5746f,1.4566f,-0.1371f,-0.4831f,2.6439f,0.3474f,-0.7953f,1.2731f,0.0341f,0f,0f,0f,1f],start_interpolation: 0,interpolation_duration: 0}
$data merge entity $(bone126) {transformation: [0.2837f,-0.8519f,-0.4403f,1.1552f,0.75f,-0.089f,0.6554f,1.9297f,-0.5975f,-0.5161f,0.6136f,-0.7982f,0f,0f,0f,1f],start_interpolation: 0,interpolation_duration: 0}
$data merge entity $(bone127) {transformation: [0.1601f,-0.8519f,-0.4987f,0.8155f,0.8941f,-0.089f,0.439f,2.3355f,-0.4183f,-0.5161f,0.7474f,-0.3087f,0f,0f,0f,1f],start_interpolation: 0,interpolation_duration: 0}
$data merge entity $(bone125) {transformation: [0.0358f,-1.1942f,-0.7334f,0.6501f,1.37f,-0.1248f,0.27f,2.4988f,-0.2953f,-0.7236f,1.1638f,-0.0565f,0f,0f,0f,1f],start_interpolation: 0,interpolation_duration: 0}
$data merge entity $(bone129) {transformation: [1.0382f,-1.5886f,-0.1869f,0.4868f,0.0647f,-0.166f,2.005f,3.793f,-1.7246f,-0.9625f,-0.0373f,2.6556f,0f,0f,0f,1f],start_interpolation: 0,interpolation_duration: 0}
$data merge entity $(bone130) {transformation: [0.5373f,-0.8519f,-0.1767f,0.8581f,0.184f,-0.089f,1.0599f,1.5001f,-0.9186f,-0.5161f,0.1089f,-0.2349f,0f,0f,0f,1f],start_interpolation: 0,interpolation_duration: 0}
$data merge entity $(bone131) {transformation: [0.4622f,-0.8519f,-0.3261f,0.7185f,0.4858f,-0.089f,0.9598f,2.0817f,-0.8466f,-0.5161f,0.3727f,-0.1049f,0f,0f,0f,1f],start_interpolation: 0,interpolation_duration: 0}
$data merge entity $(bone128) {transformation: [0.3817f,-0.8981f,-0.4582f,0.6138f,0.7566f,-0.0938f,0.8448f,2.3867f,-0.7604f,-0.5441f,0.6106f,0.0048f,0f,0f,0f,1f],start_interpolation: 0,interpolation_duration: 0}
$data merge entity $(bone132) {transformation: [-0.2064f,-0.8519f,-0.4814f,0.492f,0.9628f,-0.089f,-0.2553f,2.5237f,0.1746f,-0.5161f,0.8385f,0.2049f,0f,0f,0f,1f],start_interpolation: 0,interpolation_duration: 0}
$data merge entity $(bone133) {transformation: [-0.3609f,-1.4462f,-0.711f,0.5575f,1.6835f,-0.1511f,-0.377f,2.5406f,0.3053f,-0.8763f,1.2385f,0.1056f,0f,0f,0f,1f],start_interpolation: 0,interpolation_duration: 0}
$data merge entity $(w5) {transformation: [-0.2064f,-0.8519f,-0.4814f,0.5651f,0.9628f,-0.089f,-0.2553f,2.4737f,0.1746f,-0.5161f,0.8385f,0.1175f,0f,0f,0f,1f],start_interpolation: 0,interpolation_duration: 0}
$data merge entity $(w2) {transformation: [-0.5076f,-0.849f,-0.1466f,0.7105f,0.4358f,-0.1062f,-0.8938f,1.7096f,0.7432f,-0.5176f,0.4239f,-0.012f,0f,0f,0f,1f],start_interpolation: 0,interpolation_duration: 0}
$data merge entity $(wing3) {transformation: [-0.0588f,-0.849f,-0.5251f,0.2175f,0.9925f,-0.1062f,0.0606f,1.7768f,-0.1072f,-0.5176f,0.8489f,0.7829f,0f,0f,0f,1f],start_interpolation: 0,interpolation_duration: 0}
$data merge entity $(bone104) {transformation: [-0.0588f,0.849f,0.5251f,-0.2555f,-0.9925f,-0.1062f,0.0606f,1.6725f,0.1072f,-0.5176f,0.8489f,0.7768f,0f,0f,0f,1f],start_interpolation: 0,interpolation_duration: 0}
$data merge entity $(bone105) {transformation: [-0.1223f,0.849f,0.514f,-0.7367f,-0.9925f,-0.1062f,-0.0608f,1.6931f,0.003f,-0.5176f,0.8556f,-0.0284f,0f,0f,0f,1f],start_interpolation: 0,interpolation_duration: 0}
$data merge entity $(bone106) {transformation: [-0.4999f,0.849f,-0.171f,-1.607f,0.1556f,-0.1062f,-0.9821f,0.9596f,-0.852f,-0.5176f,-0.0791f,0.6431f,0f,0f,0f,1f],start_interpolation: 0,interpolation_duration: 0}
$data merge entity $(bone107) {transformation: [0f,0f,0f,-0.9912f,0f,0f,0f,1.793f,0f,0f,0f,-0.4548f,0f,0f,0f,1f],start_interpolation: 0,interpolation_duration: 0}
$data merge entity $(bone109) {transformation: [0.0747f,1.731f,0.9998f,-0.9354f,-1.8165f,-0.1808f,0.3499f,1.3604f,0.4365f,-1.0488f,1.5898f,2.3348f,0f,0f,0f,1f],start_interpolation: 0,interpolation_duration: 0}
$data merge entity $(bone110) {transformation: [-0.0918f,0.8519f,0.4848f,-0.7409f,-0.9081f,-0.089f,-0.0651f,2.6589f,0.005f,-0.5161f,0.8113f,-0.2413f,0f,0f,0f,1f],start_interpolation: 0,interpolation_duration: 0}
$data merge entity $(bone108) {transformation: [-0.33f,1.3125f,0.6849f,-0.5746f,-1.3255f,-0.1371f,-0.459f,2.6439f,-0.3161f,-0.7953f,1.2095f,0.0341f,0f,0f,0f,1f],start_interpolation: 0,interpolation_duration: 0}
$data merge entity $(bone112) {transformation: [0.2837f,0.8519f,0.4403f,-1.1552f,-0.75f,-0.089f,0.6554f,1.9297f,0.5975f,-0.5161f,0.6136f,-0.7982f,0f,0f,0f,1f],start_interpolation: 0,interpolation_duration: 0}
$data merge entity $(bone113) {transformation: [0.1601f,0.8519f,0.4987f,-0.8155f,-0.8941f,-0.089f,0.439f,2.3355f,0.4183f,-0.5161f,0.7474f,-0.3087f,0f,0f,0f,1f],start_interpolation: 0,interpolation_duration: 0}
$data merge entity $(bone111) {transformation: [0.0358f,1.1942f,0.7334f,-0.6501f,-1.37f,-0.1248f,0.27f,2.4988f,0.2953f,-0.7236f,1.1638f,-0.0565f,0f,0f,0f,1f],start_interpolation: 0,interpolation_duration: 0}
$data merge entity $(bone115) {transformation: [1.0382f,1.5886f,0.1869f,-0.4868f,-0.0647f,-0.166f,2.005f,3.793f,1.7246f,-0.9625f,-0.0373f,2.6556f,0f,0f,0f,1f],start_interpolation: 0,interpolation_duration: 0}
$data merge entity $(bone116) {transformation: [0.5373f,0.8519f,0.1767f,-0.8581f,-0.184f,-0.089f,1.0599f,1.5001f,0.9186f,-0.5161f,0.1089f,-0.2349f,0f,0f,0f,1f],start_interpolation: 0,interpolation_duration: 0}
$data merge entity $(bone117) {transformation: [0.4622f,0.8519f,0.3261f,-0.7185f,-0.4858f,-0.089f,0.9598f,2.0817f,0.8466f,-0.5161f,0.3727f,-0.1049f,0f,0f,0f,1f],start_interpolation: 0,interpolation_duration: 0}
$data merge entity $(bone114) {transformation: [0.3817f,0.8981f,0.4582f,-0.6138f,-0.7566f,-0.0938f,0.8448f,2.3867f,0.7604f,-0.5441f,0.6106f,0.0048f,0f,0f,0f,1f],start_interpolation: 0,interpolation_duration: 0}
$data merge entity $(bone134) {transformation: [-0.2064f,0.8519f,0.4814f,-0.492f,-0.9628f,-0.089f,-0.2553f,2.5237f,-0.1746f,-0.5161f,0.8385f,0.2049f,0f,0f,0f,1f],start_interpolation: 0,interpolation_duration: 0}
$data merge entity $(bone135) {transformation: [-0.3609f,1.4462f,0.711f,-0.5575f,-1.6835f,-0.1511f,-0.377f,2.5406f,-0.3053f,-0.8763f,1.2385f,0.1056f,0f,0f,0f,1f],start_interpolation: 0,interpolation_duration: 0}
$data merge entity $(w4) {transformation: [-0.2064f,0.8519f,0.4814f,-0.5651f,-0.9628f,-0.089f,-0.2553f,2.4737f,-0.1746f,-0.5161f,0.8385f,0.1175f,0f,0f,0f,1f],start_interpolation: 0,interpolation_duration: 0}
$data merge entity $(w3) {transformation: [-0.5076f,0.849f,0.1466f,-0.7105f,-0.4358f,-0.1062f,-0.8938f,1.7096f,-0.7432f,-0.5176f,0.4239f,-0.012f,0f,0f,0f,1f],start_interpolation: 0,interpolation_duration: 0}
$data merge entity $(wing2) {transformation: [-0.0588f,0.849f,0.5251f,-0.2175f,-0.9925f,-0.1062f,0.0606f,1.7768f,0.1072f,-0.5176f,0.8489f,0.7829f,0f,0f,0f,1f],start_interpolation: 0,interpolation_duration: 0}
$data merge entity $(bone20) {transformation: [-1f,0f,0f,-0.1563f,0f,-0.1823f,0.9832f,1.534f,0f,0.9832f,0.1823f,0.3246f,0f,0f,0f,1f],start_interpolation: 0,interpolation_duration: 0}
$data merge entity $(bone101) {transformation: [-1f,0f,0f,0f,0f,-0.4756f,0.8797f,1.1633f,0f,0.8797f,0.4756f,-2.6538f,0f,0f,0f,1f],start_interpolation: 0,interpolation_duration: 0}
$data merge entity $(bone100) {transformation: [-1f,0f,0f,0f,0f,0.0482f,0.9988f,0.711f,0f,0.9988f,-0.0482f,-2.6257f,0f,0f,0f,1f],start_interpolation: 0,interpolation_duration: 0}
$data merge entity $(bone99) {transformation: [-1f,0f,0f,0f,0f,0.5066f,0.8622f,0.2745f,0f,0.8622f,-0.5066f,-2.3693f,0f,0f,0f,1f],start_interpolation: 0,interpolation_duration: 0}
$data merge entity $(bone98) {transformation: [-1f,0f,0f,0f,0f,0.894f,0.448f,0.0533f,0f,0.448f,-0.894f,-1.9279f,0f,0f,0f,1f],start_interpolation: 0,interpolation_duration: 0}
$data merge entity $(bone97) {transformation: [-1f,0f,0f,0f,0f,0.9895f,-0.1447f,0.1275f,0f,-0.1447f,-0.9895f,-1.4208f,0f,0f,0f,1f],start_interpolation: 0,interpolation_duration: 0}
$data merge entity $(bone96) {transformation: [-1f,0f,0f,0f,0f,0.8588f,-0.5124f,0.3837f,0f,-0.5124f,-0.8588f,-0.9914f,0f,0f,0f,1f],start_interpolation: 0,interpolation_duration: 0}
$data merge entity $(bone95) {transformation: [-1f,0f,0f,0f,0f,0.665f,-0.7469f,0.7524f,0f,-0.7469f,-0.665f,-0.6631f,0f,0f,0f,1f],start_interpolation: 0,interpolation_duration: 0}
$data merge entity $(bone94) {transformation: [-1f,0f,0f,0f,0f,0.5973f,-0.802f,1.1484f,0f,-0.802f,-0.5973f,-0.3681f,0f,0f,0f,1f],start_interpolation: 0,interpolation_duration: 0}
$data merge entity $(bone93) {transformation: [-1f,0f,0f,0f,0f,0.7275f,-0.6861f,1.4078f,0f,-0.6861f,-0.7275f,-0.093f,0f,0f,0f,1f],start_interpolation: 0,interpolation_duration: 0}
$data merge entity $(bone) {transformation: [-1f,0f,0f,0f,0f,0.5373f,0.8434f,1.3156f,0f,0.8434f,-0.5373f,-0.0343f,0f,0f,0f,1f],start_interpolation: 0,interpolation_duration: 0}
$data merge entity $(bone24) {transformation: [-0.9666f,-0.2563f,-0.008f,0.1031f,-0.256f,0.963f,0.0845f,1.2569f,-0.014f,0.0837f,-0.9964f,-0.0353f,0f,0f,0f,1f],start_interpolation: 0,interpolation_duration: 0}
$data merge entity $(bone32) {transformation: [-0.9974f,-0.0472f,-0.0538f,0.2266f,-0.0682f,0.4026f,0.9128f,0.608f,-0.0214f,0.9142f,-0.4048f,-0.3356f,0f,0f,0f,1f],start_interpolation: 0,interpolation_duration: 0}
$data merge entity $(bone36) {transformation: [-0.9988f,-0.0319f,-0.0366f,0.3376f,-0.0305f,0.9988f,-0.0395f,0.2779f,0.0378f,-0.0384f,-0.9985f,-1.0322f,0f,0f,0f,1f],start_interpolation: 0,interpolation_duration: 0}
$data merge entity $(bone35) {transformation: [-0.9988f,-0.0094f,-0.0476f,0.2976f,-0.0305f,0.8847f,0.4651f,0.4065f,0.0378f,0.466f,-0.884f,-0.9579f,0f,0f,0f,1f],start_interpolation: 0,interpolation_duration: 0}
$data merge entity $(bone34) {transformation: [-0.9988f,-0.0031f,-0.0485f,0.2986f,-0.0305f,0.8164f,0.5766f,0.4861f,0.0378f,0.5774f,-0.8156f,-0.9042f,0f,0f,0f,1f],start_interpolation: 0,interpolation_duration: 0}
$data merge entity $(bone77) {transformation: [-0.9307f,0.3656f,-0.0134f,0.1054f,-0.0089f,-0.0591f,-0.9982f,0.0692f,-0.3657f,-0.9289f,0.0583f,-0.3587f,0f,0f,0f,1f],start_interpolation: 0,interpolation_duration: 0}
$data merge entity $(bone75) {transformation: [-0.9307f,0.3656f,-0.0134f,0.1698f,-0.0089f,-0.0591f,-0.9982f,0.0602f,-0.3657f,-0.9289f,0.0583f,-0.5331f,0f,0f,0f,1f],start_interpolation: 0,interpolation_duration: 0}
$data merge entity $(bone39) {transformation: [-0.9307f,0.3656f,-0.0134f,0.2334f,-0.0089f,-0.0591f,-0.9982f,0.048f,-0.3657f,-0.9289f,0.0583f,-0.6912f,0f,0f,0f,1f],start_interpolation: 0,interpolation_duration: 0}
$data merge entity $(bone76) {transformation: [-0.9635f,-0.2677f,-0.0077f,0.497f,0.0122f,-0.015f,-0.9998f,0.0524f,0.2675f,-0.9634f,0.0177f,-0.332f,0f,0f,0f,1f],start_interpolation: 0,interpolation_duration: 0}
$data merge entity $(bone74) {transformation: [-0.9635f,-0.2677f,-0.0077f,0.4828f,0.0122f,-0.015f,-0.9998f,0.0582f,0.2675f,-0.9634f,0.0177f,-0.5284f,0f,0f,0f,1f],start_interpolation: 0,interpolation_duration: 0}
$data merge entity $(bone40) {transformation: [-0.9635f,-0.2677f,-0.0077f,0.4358f,0.0122f,-0.015f,-0.9998f,0.0536f,0.2675f,-0.9634f,0.0177f,-0.6925f,0f,0f,0f,1f],start_interpolation: 0,interpolation_duration: 0}
$data merge entity $(bone79) {transformation: [-0.9992f,0.0396f,0.0102f,0.3098f,-0.0109f,-0.0162f,-0.9998f,0.059f,-0.0394f,-0.9991f,0.0166f,-0.2932f,0f,0f,0f,1f],start_interpolation: 0,interpolation_duration: 0}
$data merge entity $(bone78) {transformation: [-0.9992f,0.0396f,0.0102f,0.3217f,-0.0109f,-0.0162f,-0.9998f,0.0578f,-0.0394f,-0.9991f,0.0166f,-0.4937f,0f,0f,0f,1f],start_interpolation: 0,interpolation_duration: 0}
$data merge entity $(bone41) {transformation: [-0.9992f,0.0396f,0.0102f,0.3283f,-0.0109f,-0.0162f,-0.9998f,0.0525f,-0.0394f,-0.9991f,0.0166f,-0.6928f,0f,0f,0f,1f],start_interpolation: 0,interpolation_duration: 0}
$data merge entity $(bone38) {transformation: [-1f,-0.0079f,0.0061f,0.3373f,-0.0098f,0.8933f,-0.4493f,0.3075f,-0.0019f,-0.4493f,-0.8934f,-0.7964f,0f,0f,0f,1f],start_interpolation: 0,interpolation_duration: 0}
$data merge entity $(bone33) {transformation: [-0.999f,-0.04f,-0.0215f,0.3164f,-0.0454f,0.8837f,0.4658f,0.5417f,0.0003f,0.4662f,-0.8847f,-0.6722f,0f,0f,0f,1f],start_interpolation: 0,interpolation_duration: 0}
$data merge entity $(bone31) {transformation: [-0.9974f,-0.0376f,-0.0608f,0.2807f,-0.0682f,0.2464f,0.9668f,0.6263f,-0.0214f,0.9684f,-0.2483f,0.1882f,0f,0f,0f,1f],start_interpolation: 0,interpolation_duration: 0}
$data merge entity $(bone19) {transformation: [-0.9852f,-0.1685f,0.0307f,0.1713f,-0.1711f,0.9755f,-0.1385f,1.2645f,-0.0066f,-0.1417f,-0.9899f,-0.0343f,0f,0f,0f,1f],start_interpolation: 0,interpolation_duration: 0}
$data merge entity $(bone44) {transformation: [-0.7975f,0.5315f,0.2856f,-0.1115f,0.1735f,0.6553f,-0.7352f,1.2586f,-0.5779f,-0.5367f,-0.6148f,-0.0011f,0f,0f,0f,1f],start_interpolation: 0,interpolation_duration: 0}
$data merge entity $(bone46) {transformation: [-0.8897f,-0.2314f,0.3935f,-0.2894f,0.0643f,0.7898f,0.61f,0.784f,-0.4519f,0.568f,-0.6878f,0.1211f,0f,0f,0f,1f],start_interpolation: 0,interpolation_duration: 0}
$data merge entity $(bone50) {transformation: [-0.8715f,-0.1298f,0.4729f,-0.0778f,0.0288f,0.9491f,0.3136f,0.3309f,-0.4896f,0.2869f,-0.8234f,-0.5343f,0f,0f,0f,1f],start_interpolation: 0,interpolation_duration: 0}
$data merge entity $(bone49) {transformation: [-0.8715f,-0.3489f,0.3447f,-0.0972f,0.0288f,0.6652f,0.7461f,0.4258f,-0.4896f,0.6602f,-0.5696f,-0.4148f,0f,0f,0f,1f],start_interpolation: 0,interpolation_duration: 0}
$data merge entity $(bone48) {transformation: [-0.8715f,-0.3909f,0.2962f,-0.1353f,0.0288f,0.5621f,0.8266f,0.4815f,-0.4896f,0.7289f,-0.4786f,-0.3465f,0f,0f,0f,1f],start_interpolation: 0,interpolation_duration: 0}
$data merge entity $(bone54) {transformation: [-0.9808f,0.1947f,-0.0055f,-0.2566f,-0.0054f,-0.0551f,-0.9985f,0.0663f,-0.1947f,-0.9793f,0.055f,0.2174f,0f,0f,0f,1f],start_interpolation: 0,interpolation_duration: 0}
$data merge entity $(bone53) {transformation: [-0.9808f,0.1947f,-0.0055f,-0.2164f,-0.0054f,-0.0551f,-0.9985f,0.058f,-0.1947f,-0.9793f,0.055f,0.0358f,0f,0f,0f,1f],start_interpolation: 0,interpolation_duration: 0}
$data merge entity $(bone52) {transformation: [-0.9808f,0.1947f,-0.0055f,-0.1845f,-0.0054f,-0.0551f,-0.9985f,0.0466f,-0.1947f,-0.9793f,0.055f,-0.1316f,0f,0f,0f,1f],start_interpolation: 0,interpolation_duration: 0}
$data merge entity $(bone57) {transformation: [-0.7284f,0.6851f,-0.0024f,-0.5853f,-0.009f,-0.0131f,-0.9999f,0.058f,-0.685f,-0.7283f,0.0157f,0.0651f,0f,0f,0f,1f],start_interpolation: 0,interpolation_duration: 0}
$data merge entity $(bone56) {transformation: [-0.7284f,0.6851f,-0.0024f,-0.4813f,-0.009f,-0.0131f,-0.9999f,0.0643f,-0.685f,-0.7283f,0.0157f,-0.1022f,0f,0f,0f,1f],start_interpolation: 0,interpolation_duration: 0}
$data merge entity $(bone55) {transformation: [-0.7284f,0.6851f,-0.0024f,-0.3634f,-0.009f,-0.0131f,-0.9999f,0.06f,-0.685f,-0.7283f,0.0157f,-0.2256f,0f,0f,0f,1f],start_interpolation: 0,interpolation_duration: 0}
$data merge entity $(bone60) {transformation: [-0.881f,0.4716f,-0.037f,-0.4542f,0.0171f,-0.0463f,-0.9988f,0.0734f,-0.4727f,-0.8806f,0.0327f,0.1771f,0f,0f,0f,1f],start_interpolation: 0,interpolation_duration: 0}
$data merge entity $(bone59) {transformation: [-0.881f,0.4716f,-0.037f,-0.363f,0.0171f,-0.0463f,-0.9988f,0.0661f,-0.4727f,-0.8806f,0.0327f,-0.0016f,0f,0f,0f,1f],start_interpolation: 0,interpolation_duration: 0}
$data merge entity $(bone58) {transformation: [-0.881f,0.4716f,-0.037f,-0.2679f,0.0171f,-0.0463f,-0.9988f,0.0548f,-0.4727f,-0.8806f,0.0327f,-0.1764f,0f,0f,0f,1f],start_interpolation: 0,interpolation_duration: 0}
$data merge entity $(bone51) {transformation: [-0.8876f,0.2126f,0.4086f,-0.2285f,0.0481f,0.925f,-0.3768f,0.3174f,-0.4581f,-0.3148f,-0.8313f,-0.2497f,0f,0f,0f,1f],start_interpolation: 0,interpolation_duration: 0}
$data merge entity $(bone47) {transformation: [-0.8876f,-0.1232f,0.4438f,-0.2523f,0.0481f,0.9335f,0.3553f,0.5648f,-0.4581f,0.3367f,-0.8227f,-0.1552f,0f,0f,0f,1f],start_interpolation: 0,interpolation_duration: 0}
$data merge entity $(bone45) {transformation: [-0.8897f,-0.2932f,0.3499f,-0.5383f,0.0643f,0.6783f,0.7319f,1.0494f,-0.4519f,0.6737f,-0.5847f,0.5021f,0f,0f,0f,1f],start_interpolation: 0,interpolation_duration: 0}
$data merge entity $(bone43) {transformation: [-0.8408f,0.5124f,0.1748f,-0.1713f,0.1157f,0.4855f,-0.8666f,1.2645f,-0.5289f,-0.7084f,-0.4674f,-0.0343f,0f,0f,0f,1f],start_interpolation: 0,interpolation_duration: 0}