# This file was generated by Animated Java via MC-Build. It is not recommended to edit this file directly.
$data merge entity $(bone5) {transformation: [-0.9947f,-0.1023f,0.0064f,0.3851f,-0.0927f,0.924f,0.371f,1.4665f,-0.0439f,0.3684f,-0.9286f,0.974f,0f,0f,0f,1f],start_interpolation: 0,interpolation_duration: 0}
$data merge entity $(bone6) {transformation: [0.0213f,-0.2643f,-0.9642f,0.4945f,-0.4626f,0.8524f,-0.2439f,1.2392f,0.8863f,0.4512f,-0.1041f,0.8927f,0f,0f,0f,1f],start_interpolation: 0,interpolation_duration: 0}
$data merge entity $(bone8) {transformation: [-0.26f,-0.073f,0.9628f,0.6416f,-0.0996f,0.9939f,0.0484f,0.5588f,-0.9605f,-0.0833f,-0.2657f,0.7409f,0f,0f,0f,1f],start_interpolation: 0,interpolation_duration: 0}
$data merge entity $(bone9) {transformation: [-0.26f,-0.073f,0.9628f,0.8007f,-0.0996f,0.9939f,0.0484f,0.7326f,-0.9605f,-0.0833f,-0.2657f,0.6722f,0f,0f,0f,1f],start_interpolation: 0,interpolation_duration: 0}
$data merge entity $(bone10) {transformation: [-0.226f,-0.1478f,0.9628f,0.6235f,-0.3938f,0.9179f,0.0484f,0.5491f,-0.891f,-0.3682f,-0.2657f,0.7173f,0f,0f,0f,1f],start_interpolation: 0,interpolation_duration: 0}
$data merge entity $(bone12) {transformation: [-0.1709f,-0.5241f,0.8343f,0.7728f,-0.9035f,0.4212f,0.0795f,0.0494f,-0.3931f,-0.7402f,-0.5455f,0.9375f,0f,0f,0f,1f],start_interpolation: 0,interpolation_duration: 0}
$data merge entity $(bone15) {transformation: [0.9857f,-0.1017f,0.1341f,0.3817f,-0.1534f,-0.2161f,0.9642f,0.0209f,-0.0691f,-0.9711f,-0.2286f,0.9899f,0f,0f,0f,1f],start_interpolation: 0,interpolation_duration: 0}
$data merge entity $(bone14) {transformation: [0.9668f,-0.1017f,-0.2344f,0.5061f,0.2086f,-0.2161f,0.9538f,0.0488f,-0.1477f,-0.9711f,-0.1877f,0.9693f,0f,0f,0f,1f],start_interpolation: 0,interpolation_duration: 0}
$data merge entity $(bone13) {transformation: [0.8283f,-0.1017f,-0.551f,0.614f,0.5222f,-0.2161f,0.825f,0.1144f,-0.203f,-0.9711f,-0.1259f,0.9401f,0f,0f,0f,1f],start_interpolation: 0,interpolation_duration: 0}
$data merge entity $(bone18) {transformation: [-0.0761f,-0.9963f,-0.0388f,0.7569f,0.8866f,-0.0498f,-0.4599f,-0.2433f,0.4563f,-0.0694f,0.8871f,1.238f,0f,0f,0f,1f],start_interpolation: 0,interpolation_duration: 0}
$data merge entity $(bone17) {transformation: [-0.0334f,-0.9963f,-0.0787f,0.7504f,0.9748f,-0.0498f,0.2176f,-0.0512f,-0.2207f,-0.0694f,0.9729f,1.1945f,0f,0f,0f,1f],start_interpolation: 0,interpolation_duration: 0}
$data merge entity $(bone16) {transformation: [0.0234f,-0.9963f,-0.0822f,0.7496f,0.622f,-0.0498f,0.7814f,0.0385f,-0.7827f,-0.0694f,0.6185f,1.0784f,0f,0f,0f,1f],start_interpolation: 0,interpolation_duration: 0}
$data merge entity $(bone27) {transformation: [-0.8467f,-0.5246f,-0.0882f,1.1932f,-0.0636f,-0.0647f,0.9959f,0.0333f,-0.5282f,0.8489f,0.0214f,1.1317f,0f,0f,0f,1f],start_interpolation: 0,interpolation_duration: 0}
$data merge entity $(bone26) {transformation: [-0.8346f,-0.5452f,-0.078f,1.0604f,-0.06f,-0.0507f,0.9969f,0.0248f,-0.5475f,0.8367f,0.0096f,1.0524f,0f,0f,0f,1f],start_interpolation: 0,interpolation_duration: 0}
$data merge entity $(bone25) {transformation: [-0.8264f,-0.5452f,0.1407f,0.9083f,0.2001f,-0.0507f,0.9785f,0.0592f,-0.5264f,0.8367f,0.151f,0.9605f,0f,0f,0f,1f],start_interpolation: 0,interpolation_duration: 0}
$data merge entity $(bone30) {transformation: [0.0291f,-0.8734f,0.4861f,0.9664f,0.9867f,-0.0526f,-0.1536f,-0.2474f,0.1597f,0.4842f,0.8603f,1.2321f,0f,0f,0f,1f],start_interpolation: 0,interpolation_duration: 0}
$data merge entity $(bone29) {transformation: [-0.2216f,-0.8734f,0.4336f,0.9265f,0.9281f,-0.0526f,0.3685f,-0.0643f,-0.2991f,0.4842f,0.8223f,1.1711f,0f,0f,0f,1f],start_interpolation: 0,interpolation_duration: 0}
$data merge entity $(bone28) {transformation: [-0.4307f,-0.8734f,0.2273f,0.8352f,0.5475f,-0.0526f,0.8352f,0.0448f,-0.7175f,0.4842f,0.5008f,1.0272f,0f,0f,0f,1f],start_interpolation: 0,interpolation_duration: 0}
$data merge entity $(bone7) {transformation: [0.9628f,-0.0843f,0.2566f,0.6017f,0.0484f,0.9886f,0.1428f,0.8932f,-0.2657f,-0.1251f,0.9559f,0.6947f,0f,0f,0f,1f],start_interpolation: 0,interpolation_duration: 0}
$data merge entity $(bone4) {transformation: [-0.9642f,-0.2651f,0.0064f,0.3501f,-0.2439f,0.896f,0.371f,1.5721f,-0.1041f,0.3561f,-0.9286f,0.988f,0f,0f,0f,1f],start_interpolation: 0,interpolation_duration: 0}
$data merge entity $(bone62) {transformation: [-0.9097f,0.3629f,0.2018f,-0.4161f,0.4108f,0.716f,0.5645f,1.4914f,0.0604f,0.5964f,-0.8004f,0.9469f,0f,0f,0f,1f],start_interpolation: 0,interpolation_duration: 0}
$data merge entity $(bone63) {transformation: [0.2538f,0.4842f,0.8373f,-0.5855f,0.6281f,0.5758f,-0.5234f,1.3415f,-0.7356f,0.6588f,-0.158f,0.8086f,0f,0f,0f,1f],start_interpolation: 0,interpolation_duration: 0}
$data merge entity $(bone65) {transformation: [-0.0365f,0.1547f,-0.9873f,-0.8436f,0.2206f,0.9648f,0.143f,0.7903f,0.9747f,-0.2125f,-0.0693f,0.6192f,0f,0f,0f,1f],start_interpolation: 0,interpolation_duration: 0}
$data merge entity $(bone66) {transformation: [-0.0365f,0.1547f,-0.9873f,-0.9951f,0.2206f,0.9648f,0.143f,0.9755f,0.9747f,-0.2125f,-0.0693f,0.5641f,0f,0f,0f,1f],start_interpolation: 0,interpolation_duration: 0}
$data merge entity $(bone67) {transformation: [0.0117f,0.1585f,-0.9873f,-0.8322f,0.5005f,0.8538f,0.143f,0.7763f,0.8657f,-0.4958f,-0.0693f,0.5938f,0f,0f,0f,1f],start_interpolation: 0,interpolation_duration: 0}
$data merge entity $(bone69) {transformation: [-0.2625f,0.0727f,-0.9622f,-0.9147f,0.3039f,0.9526f,-0.0109f,0.216f,0.9158f,-0.2953f,-0.2722f,0.7738f,0f,0f,0f,1f],start_interpolation: 0,interpolation_duration: 0}
$data merge entity $(bone72) {transformation: [0.9278f,0.2526f,0.2746f,-0.6292f,-0.3424f,0.2839f,0.8956f,0.1342f,0.1483f,-0.925f,0.3499f,0.7955f,0f,0f,0f,1f],start_interpolation: 0,interpolation_duration: 0}
$data merge entity $(bone71) {transformation: [0.7561f,0.2526f,0.6038f,-0.7257f,-0.6545f,0.2839f,0.7008f,0.22f,0.0056f,-0.925f,0.38f,0.7941f,0f,0f,0f,1f],start_interpolation: 0,interpolation_duration: 0}
$data merge entity $(bone70) {transformation: [0.504f,0.2526f,0.8259f,-0.7915f,-0.8547f,0.2839f,0.4347f,0.3309f,-0.1247f,-0.925f,0.359f,0.8067f,0f,0f,0f,1f],start_interpolation: 0,interpolation_duration: 0}
$data merge entity $(bone81) {transformation: [0.129f,0.9903f,0.0514f,-0.8051f,-0.3958f,0.0039f,0.9183f,-0.0631f,0.9092f,-0.1388f,0.3925f,1.1368f,0f,0f,0f,1f],start_interpolation: 0,interpolation_duration: 0}
$data merge entity $(bone80) {transformation: [0.1002f,0.9903f,0.0961f,-0.8248f,-0.7119f,0.0039f,0.7022f,0.0771f,0.6951f,-0.1388f,0.7054f,0.9998f,0f,0f,0f,1f],start_interpolation: 0,interpolation_duration: 0}
$data merge entity $(bone73) {transformation: [0.1274f,0.9903f,0.0551f,-0.8394f,-0.4225f,0.0039f,0.9064f,0.1376f,0.8974f,-0.1388f,0.4189f,0.8669f,0f,0f,0f,1f],start_interpolation: 0,interpolation_duration: 0}
$data merge entity $(bone84) {transformation: [-0.7132f,0.694f,0.0983f,-1.2562f,0.1132f,-0.0243f,0.9933f,0.03f,0.6918f,0.7195f,-0.0612f,1.0225f,0f,0f,0f,1f],start_interpolation: 0,interpolation_duration: 0}
$data merge entity $(bone83) {transformation: [-0.6863f,0.7114f,-0.1512f,-1.1456f,-0.219f,-0.0039f,0.9757f,0.065f,0.6935f,0.7028f,0.1585f,0.9199f,0f,0f,0f,1f],start_interpolation: 0,interpolation_duration: 0}
$data merge entity $(bone82) {transformation: [-0.6238f,0.7114f,-0.3237f,-1.0291f,-0.4641f,-0.0039f,0.8858f,0.1475f,0.6289f,0.7028f,0.3326f,0.8086f,0f,0f,0f,1f],start_interpolation: 0,interpolation_duration: 0}
$data merge entity $(bone103) {transformation: [-0.288f,0.9487f,-0.1306f,-1.0392f,-0.3826f,0.011f,0.9239f,-0.0792f,0.8779f,0.316f,0.3598f,1.1592f,0f,0f,0f,1f],start_interpolation: 0,interpolation_duration: 0}
$data merge entity $(bone102) {transformation: [-0.2349f,0.9487f,-0.2117f,-0.997f,-0.6445f,0.011f,0.7646f,0.0477f,0.7277f,0.316f,0.6088f,1.0144f,0f,0f,0f,1f],start_interpolation: 0,interpolation_duration: 0}
$data merge entity $(bone85) {transformation: [-0.2814f,0.9487f,-0.1442f,-0.9357f,-0.4262f,0.011f,0.9046f,0.1325f,0.8597f,0.316f,0.4012f,0.8412f,0f,0f,0f,1f],start_interpolation: 0,interpolation_duration: 0}
$data merge entity $(bone64) {transformation: [0.9873f,0.1561f,-0.0297f,-0.7806f,-0.143f,0.9543f,0.2624f,1.1113f,0.0693f,-0.2549f,0.9645f,0.5269f,0f,0f,0f,1f],start_interpolation: 0,interpolation_duration: 0}
$data merge entity $(bone61) {transformation: [-0.8373f,0.5081f,0.2018f,-0.3501f,0.5234f,0.6383f,0.5645f,1.5721f,0.158f,0.5783f,-0.8004f,0.988f,0f,0f,0f,1f],start_interpolation: 0,interpolation_duration: 0}
$data merge entity $(bone23) {transformation: [-0.7934f,-0.6088f,0f,0.1071f,-0.074f,0.0964f,0.9926f,1.4946f,-0.6042f,0.7875f,-0.1216f,1.0106f,0f,0f,0f,1f],start_interpolation: 0,interpolation_duration: 0}
$data merge entity $(bone22) {transformation: [-0.7934f,0.6088f,0f,-0.1071f,0.074f,0.0964f,0.9926f,1.4946f,0.6042f,0.7875f,-0.1216f,1.0106f,0f,0f,0f,1f],start_interpolation: 0,interpolation_duration: 0}
$data merge entity $(bone89) {transformation: [-1f,0.0072f,0.0007f,0.002f,0.0055f,0.7006f,0.7135f,2.1914f,0.0046f,0.7135f,-0.7006f,1.4686f,0f,0f,0f,1f],start_interpolation: 0,interpolation_duration: 0}
$data merge entity $(bone90) {transformation: [-1f,0.0069f,0.0019f,0.0013f,0.0055f,0.5661f,0.8243f,2.1278f,0.0046f,0.8243f,-0.5661f,1.3914f,0f,0f,0f,1f],start_interpolation: 0,interpolation_duration: 0}
$data merge entity $(bone88) {transformation: [-1f,0.0071f,0.0013f,0.0312f,0.0055f,0.6358f,0.7719f,1.9854f,0.0046f,0.7719f,-0.6358f,1.2776f,0f,0f,0f,1f],start_interpolation: 0,interpolation_duration: 0}
$data merge entity $(bone42) {transformation: [-1f,0f,0f,0f,0f,0.7507f,0.6607f,1.6972f,0f,0.6607f,-0.7507f,1.6876f,0f,0f,0f,1f],start_interpolation: 0,interpolation_duration: 0}
$data merge entity $(bone87) {transformation: [-0.9998f,0.0157f,-0.0096f,-0.0044f,0.0033f,0.663f,0.7486f,1.2555f,0.0181f,0.7485f,-0.6629f,2.2508f,0f,0f,0f,1f],start_interpolation: 0,interpolation_duration: 0}
$data merge entity $(bone86) {transformation: [-1f,0f,0f,0f,0f,0.7426f,0.6697f,1.4046f,0f,0.6697f,-0.7426f,2.078f,0f,0f,0f,1f],start_interpolation: 0,interpolation_duration: 0}
$data merge entity $(bone92) {transformation: [-0.8818f,0.2593f,-0.3939f,0.1194f,-0.0569f,0.7708f,0.6346f,1.7708f,0.4682f,0.582f,-0.6649f,1.7261f,0f,0f,0f,1f],start_interpolation: 0,interpolation_duration: 0}
$data merge entity $(bone3) {transformation: [-0.8818f,-0.2593f,0.3939f,-0.1194f,0.0569f,0.7708f,0.6346f,1.7708f,-0.4682f,0.582f,-0.6649f,1.7261f,0f,0f,0f,1f],start_interpolation: 0,interpolation_duration: 0}
$data merge entity $(head) {transformation: [-1f,0f,0f,0f,0f,0.7767f,0.6299f,1.6891f,0f,0.6299f,-0.7767f,1.504f,0f,0f,0f,1f],start_interpolation: 0,interpolation_duration: 0}
$data merge entity $(neck) {transformation: [-1f,0f,0f,0f,0f,0.5872f,0.8095f,1.59f,0f,0.8095f,-0.5872f,1.3674f,0f,0f,0f,1f],start_interpolation: 0,interpolation_duration: 0}
$data merge entity $(bone2) {transformation: [-1f,0f,0f,0f,0f,0.1216f,0.9926f,1.5307f,0f,0.9926f,-0.1216f,1.055f,0f,0f,0f,1f],start_interpolation: 0,interpolation_duration: 0}
$data merge entity $(bone136) {transformation: [-1f,0f,0f,0f,0f,0.1733f,1.045f,1.5143f,0f,0.9849f,-0.1839f,0.859f,0f,0f,0f,1f],start_interpolation: 0,interpolation_duration: 0}
$data merge entity $(bone118) {transformation: [-0.0592f,-0.849f,-0.5251f,0.2555f,0.9926f,-0.1061f,0.0596f,1.6765f,-0.1063f,-0.5176f,0.849f,0.7768f,0f,0f,0f,1f],start_interpolation: 0,interpolation_duration: 0}
$data merge entity $(bone119) {transformation: [-0.1228f,-0.849f,-0.5139f,0.7367f,0.9924f,-0.1061f,-0.0618f,1.698f,-0.0021f,-0.5176f,0.8556f,-0.0285f,0f,0f,0f,1f],start_interpolation: 0,interpolation_duration: 0}
$data merge entity $(bone120) {transformation: [-0.4998f,-0.849f,0.1715f,1.6073f,-0.1566f,-0.1061f,-0.9819f,0.9643f,0.8519f,-0.5176f,-0.0799f,0.6424f,0f,0f,0f,1f],start_interpolation: 0,interpolation_duration: 0}
$data merge entity $(bone121) {transformation: [0f,0f,0f,0.9911f,0f,0f,0f,1.7984f,0f,0f,0f,-0.4547f,0f,0f,0f,1f],start_interpolation: 0,interpolation_duration: 0}
$data merge entity $(bone123) {transformation: [0.0647f,-1.731f,-1.0623f,0.8979f,1.9809f,-0.1807f,0.4151f,1.2626f,-0.448f,-1.0488f,1.6817f,2.4142f,0f,0f,0f,1f],start_interpolation: 0,interpolation_duration: 0}
$data merge entity $(bone124) {transformation: [-0.1046f,-0.8519f,-0.5132f,0.7506f,0.9945f,-0.0889f,-0.055f,2.6593f,0.0012f,-0.5162f,0.8565f,-0.2566f,0f,0f,0f,1f],start_interpolation: 0,interpolation_duration: 0}
$data merge entity $(bone122) {transformation: [-0.3603f,-1.3125f,-0.7221f,0.5746f,1.4582f,-0.137f,-0.4785f,2.6484f,0.3434f,-0.7953f,1.2742f,0.0342f,0f,0f,0f,1f],start_interpolation: 0,interpolation_duration: 0}
$data merge entity $(bone126) {transformation: [0.2851f,-0.8519f,-0.4393f,1.1541f,0.7479f,-0.0889f,0.6578f,1.931f,-0.5995f,-0.5162f,0.6118f,-0.7959f,0f,0f,0f,1f],start_interpolation: 0,interpolation_duration: 0}
$data merge entity $(bone127) {transformation: [0.1617f,-0.8519f,-0.4982f,0.815f,0.8927f,-0.0889f,0.4418f,2.3387f,-0.4207f,-0.5162f,0.7461f,-0.3076f,0f,0f,0f,1f],start_interpolation: 0,interpolation_duration: 0}
$data merge entity $(bone125) {transformation: [0.0382f,-1.1942f,-0.7332f,0.6498f,1.3691f,-0.1247f,0.2744f,2.5029f,-0.299f,-0.7236f,1.1629f,-0.0559f,0f,0f,0f,1f],start_interpolation: 0,interpolation_duration: 0}
$data merge entity $(bone129) {transformation: [1.0388f,-1.5886f,-0.1834f,0.488f,0.0583f,-0.1658f,2.0052f,3.8046f,-1.7245f,-0.9625f,-0.0427f,2.6527f,0f,0f,0f,1f],start_interpolation: 0,interpolation_duration: 0}
$data merge entity $(bone130) {transformation: [0.5379f,-0.8519f,-0.1749f,0.8561f,0.1806f,-0.0889f,1.0605f,1.5033f,-0.9189f,-0.5162f,0.106f,-0.2315f,0f,0f,0f,1f],start_interpolation: 0,interpolation_duration: 0}
$data merge entity $(bone131) {transformation: [0.4633f,-0.8519f,-0.3246f,0.7175f,0.4828f,-0.0889f,0.9613f,2.0856f,-0.8478f,-0.5162f,0.3701f,-0.1031f,0f,0f,0f,1f],start_interpolation: 0,interpolation_duration: 0}
$data merge entity $(bone128) {transformation: [0.3832f,-0.8981f,-0.4569f,0.6133f,0.7539f,-0.0937f,0.8472f,2.391f,-0.7623f,-0.5442f,0.6082f,0.0057f,0f,0f,0f,1f],start_interpolation: 0,interpolation_duration: 0}
$data merge entity $(bone132) {transformation: [-0.2048f,-0.8519f,-0.4821f,0.4917f,0.9636f,-0.0889f,-0.2522f,2.5288f,0.172f,-0.5162f,0.8391f,0.2054f,0f,0f,0f,1f],start_interpolation: 0,interpolation_duration: 0}
$data merge entity $(bone133) {transformation: [-0.3581f,-1.4462f,-0.712f,0.5572f,1.6849f,-0.151f,-0.3725f,2.5453f,0.3007f,-0.8763f,1.2393f,0.106f,0f,0f,0f,1f],start_interpolation: 0,interpolation_duration: 0}
$data merge entity $(w5) {transformation: [-0.2048f,-0.8519f,-0.4821f,0.5647f,0.9636f,-0.0889f,-0.2522f,2.4784f,0.172f,-0.5162f,0.8391f,0.1182f,0f,0f,0f,1f],start_interpolation: 0,interpolation_duration: 0}
$data merge entity $(w2) {transformation: [-0.5077f,-0.849f,-0.1462f,0.7105f,0.4349f,-0.1061f,-0.8942f,1.7145f,0.7437f,-0.5176f,0.4231f,-0.012f,0f,0f,0f,1f],start_interpolation: 0,interpolation_duration: 0}
$data merge entity $(wing3) {transformation: [-0.0592f,-0.849f,-0.5251f,0.2175f,0.9926f,-0.1061f,0.0596f,1.7808f,-0.1063f,-0.5176f,0.849f,0.783f,0f,0f,0f,1f],start_interpolation: 0,interpolation_duration: 0}
$data merge entity $(bone104) {transformation: [-0.0592f,0.849f,0.5251f,-0.2555f,-0.9926f,-0.1061f,0.0596f,1.6765f,0.1063f,-0.5176f,0.849f,0.7768f,0f,0f,0f,1f],start_interpolation: 0,interpolation_duration: 0}
$data merge entity $(bone105) {transformation: [-0.1228f,0.849f,0.5139f,-0.7367f,-0.9924f,-0.1061f,-0.0618f,1.698f,0.0021f,-0.5176f,0.8556f,-0.0285f,0f,0f,0f,1f],start_interpolation: 0,interpolation_duration: 0}
$data merge entity $(bone106) {transformation: [-0.4998f,0.849f,-0.1715f,-1.6073f,0.1566f,-0.1061f,-0.9819f,0.9643f,-0.8519f,-0.5176f,-0.0799f,0.6424f,0f,0f,0f,1f],start_interpolation: 0,interpolation_duration: 0}
$data merge entity $(bone107) {transformation: [0f,0f,0f,-0.9911f,0f,0f,0f,1.7984f,0f,0f,0f,-0.4547f,0f,0f,0f,1f],start_interpolation: 0,interpolation_duration: 0}
$data merge entity $(bone109) {transformation: [0.0779f,1.731f,0.9997f,-0.9325f,-1.8152f,-0.1807f,0.3558f,1.3704f,0.4413f,-1.0488f,1.5886f,2.3385f,0f,0f,0f,1f],start_interpolation: 0,interpolation_duration: 0}
$data merge entity $(bone110) {transformation: [-0.0903f,0.8519f,0.4851f,-0.741f,-0.9082f,-0.0889f,-0.0621f,2.6624f,0.0074f,-0.5162f,0.8114f,-0.2412f,0f,0f,0f,1f],start_interpolation: 0,interpolation_duration: 0}
$data merge entity $(bone108) {transformation: [-0.3278f,1.3125f,0.686f,-0.5746f,-1.327f,-0.137f,-0.4545f,2.6484f,-0.3125f,-0.7953f,1.2105f,0.0342f,0f,0f,0f,1f],start_interpolation: 0,interpolation_duration: 0}
$data merge entity $(bone112) {transformation: [0.2851f,0.8519f,0.4393f,-1.1541f,-0.7479f,-0.0889f,0.6578f,1.931f,0.5995f,-0.5162f,0.6118f,-0.7959f,0f,0f,0f,1f],start_interpolation: 0,interpolation_duration: 0}
$data merge entity $(bone113) {transformation: [0.1617f,0.8519f,0.4982f,-0.815f,-0.8927f,-0.0889f,0.4418f,2.3387f,0.4207f,-0.5162f,0.7461f,-0.3076f,0f,0f,0f,1f],start_interpolation: 0,interpolation_duration: 0}
$data merge entity $(bone111) {transformation: [0.0382f,1.1942f,0.7332f,-0.6498f,-1.3691f,-0.1247f,0.2744f,2.5029f,0.299f,-0.7236f,1.1629f,-0.0559f,0f,0f,0f,1f],start_interpolation: 0,interpolation_duration: 0}
$data merge entity $(bone115) {transformation: [1.0388f,1.5886f,0.1834f,-0.488f,-0.0583f,-0.1658f,2.0052f,3.8046f,1.7245f,-0.9625f,-0.0427f,2.6527f,0f,0f,0f,1f],start_interpolation: 0,interpolation_duration: 0}
$data merge entity $(bone116) {transformation: [0.5379f,0.8519f,0.1749f,-0.8561f,-0.1806f,-0.0889f,1.0605f,1.5033f,0.9189f,-0.5162f,0.106f,-0.2315f,0f,0f,0f,1f],start_interpolation: 0,interpolation_duration: 0}
$data merge entity $(bone117) {transformation: [0.4633f,0.8519f,0.3246f,-0.7175f,-0.4828f,-0.0889f,0.9613f,2.0856f,0.8478f,-0.5162f,0.3701f,-0.1031f,0f,0f,0f,1f],start_interpolation: 0,interpolation_duration: 0}
$data merge entity $(bone114) {transformation: [0.3832f,0.8981f,0.4569f,-0.6133f,-0.7539f,-0.0937f,0.8472f,2.391f,0.7623f,-0.5442f,0.6082f,0.0057f,0f,0f,0f,1f],start_interpolation: 0,interpolation_duration: 0}
$data merge entity $(bone134) {transformation: [-0.2048f,0.8519f,0.4821f,-0.4917f,-0.9636f,-0.0889f,-0.2522f,2.5288f,-0.172f,-0.5162f,0.8391f,0.2054f,0f,0f,0f,1f],start_interpolation: 0,interpolation_duration: 0}
$data merge entity $(bone135) {transformation: [-0.3581f,1.4462f,0.712f,-0.5572f,-1.6849f,-0.151f,-0.3725f,2.5453f,-0.3007f,-0.8763f,1.2393f,0.106f,0f,0f,0f,1f],start_interpolation: 0,interpolation_duration: 0}
$data merge entity $(w4) {transformation: [-0.2048f,0.8519f,0.4821f,-0.5647f,-0.9636f,-0.0889f,-0.2522f,2.4784f,-0.172f,-0.5162f,0.8391f,0.1182f,0f,0f,0f,1f],start_interpolation: 0,interpolation_duration: 0}
$data merge entity $(w3) {transformation: [-0.5077f,0.849f,0.1462f,-0.7105f,-0.4349f,-0.1061f,-0.8942f,1.7145f,-0.7437f,-0.5176f,0.4231f,-0.012f,0f,0f,0f,1f],start_interpolation: 0,interpolation_duration: 0}
$data merge entity $(wing2) {transformation: [-0.0592f,0.849f,0.5251f,-0.2175f,-0.9926f,-0.1061f,0.0596f,1.7808f,0.1063f,-0.5176f,0.849f,0.783f,0f,0f,0f,1f],start_interpolation: 0,interpolation_duration: 0}
$data merge entity $(bone20) {transformation: [-1f,0f,0f,-0.1563f,0f,-0.1826f,0.9832f,1.5381f,0f,0.9832f,0.1826f,0.3246f,0f,0f,0f,1f],start_interpolation: 0,interpolation_duration: 0}
$data merge entity $(bone101) {transformation: [-1f,0f,0f,0f,0f,-0.4811f,0.8766f,1.1613f,0f,0.8766f,0.4811f,-2.6581f,0f,0f,0f,1f],start_interpolation: 0,interpolation_duration: 0}
$data merge entity $(bone100) {transformation: [-1f,0f,0f,0f,0f,0.0574f,0.9984f,0.7093f,0f,0.9984f,-0.0574f,-2.6258f,0f,0f,0f,1f],start_interpolation: 0,interpolation_duration: 0}
$data merge entity $(bone99) {transformation: [-1f,0f,0f,0f,0f,0.5119f,0.859f,0.2744f,0f,0.859f,-0.5119f,-2.3667f,0f,0f,0f,1f],start_interpolation: 0,interpolation_duration: 0}
$data merge entity $(bone98) {transformation: [-1f,0f,0f,0f,0f,0.8945f,0.4471f,0.0536f,0f,0.4471f,-0.8945f,-1.9251f,0f,0f,0f,1f],start_interpolation: 0,interpolation_duration: 0}
$data merge entity $(bone97) {transformation: [-1f,0f,0f,0f,0f,0.9892f,-0.1468f,0.1288f,0f,-0.1468f,-0.9892f,-1.4181f,0f,0f,0f,1f],start_interpolation: 0,interpolation_duration: 0}
$data merge entity $(bone96) {transformation: [-1f,0f,0f,0f,0f,0.8577f,-0.5141f,0.3859f,0f,-0.5141f,-0.8577f,-0.9893f,0f,0f,0f,1f],start_interpolation: 0,interpolation_duration: 0}
$data merge entity $(bone95) {transformation: [-1f,0f,0f,0f,0f,0.6634f,-0.7483f,0.7554f,0f,-0.7483f,-0.6634f,-0.6617f,0f,0f,0f,1f],start_interpolation: 0,interpolation_duration: 0}
$data merge entity $(bone94) {transformation: [-1f,0f,0f,0f,0f,0.5957f,-0.8032f,1.1519f,0f,-0.8032f,-0.5957f,-0.3676f,0f,0f,0f,1f],start_interpolation: 0,interpolation_duration: 0}
$data merge entity $(bone93) {transformation: [-1f,0f,0f,0f,0f,0.7261f,-0.6876f,1.4119f,0f,-0.6876f,-0.7261f,-0.093f,0f,0f,0f,1f],start_interpolation: 0,interpolation_duration: 0}
$data merge entity $(bone) {transformation: [-1f,0f,0f,0f,0f,0.5373f,0.8434f,1.3197f,0f,0.8434f,-0.5373f,-0.0343f,0f,0f,0f,1f],start_interpolation: 0,interpolation_duration: 0}
$data merge entity $(bone24) {transformation: [-0.9666f,-0.2563f,-0.0071f,0.1031f,-0.2561f,0.9634f,0.0794f,1.261f,-0.0135f,0.0786f,-0.9968f,-0.0353f,0f,0f,0f,1f],start_interpolation: 0,interpolation_duration: 0}
$data merge entity $(bone32) {transformation: [-0.9974f,-0.0481f,-0.0533f,0.2269f,-0.0683f,0.4091f,0.9099f,0.6095f,-0.0219f,0.9112f,-0.4114f,-0.3321f,0f,0f,0f,1f],start_interpolation: 0,interpolation_duration: 0}
$data merge entity $(bone36) {transformation: [-0.9988f,-0.0302f,-0.0375f,0.3375f,-0.029f,0.9991f,-0.0311f,0.28f,0.0384f,-0.03f,-0.9988f,-1.0303f,0f,0f,0f,1f],start_interpolation: 0,interpolation_duration: 0}
$data merge entity $(bone35) {transformation: [-0.9988f,-0.0074f,-0.0476f,0.2978f,-0.029f,0.8808f,0.4726f,0.408f,0.0384f,0.4734f,-0.88f,-0.9549f,0f,0f,0f,1f],start_interpolation: 0,interpolation_duration: 0}
$data merge entity $(bone34) {transformation: [-0.9988f,-0.0011f,-0.0482f,0.2989f,-0.029f,0.8116f,0.5835f,0.4871f,0.0384f,0.5842f,-0.8107f,-0.9006f,0f,0f,0f,1f],start_interpolation: 0,interpolation_duration: 0}
$data merge entity $(bone77) {transformation: [-0.9311f,0.3645f,-0.0173f,0.1056f,-0.0054f,-0.0613f,-0.9981f,0.0693f,-0.3648f,-0.9292f,0.059f,-0.3586f,0f,0f,0f,1f],start_interpolation: 0,interpolation_duration: 0}
$data merge entity $(bone75) {transformation: [-0.9311f,0.3645f,-0.0173f,0.1697f,-0.0054f,-0.0613f,-0.9981f,0.0599f,-0.3648f,-0.9292f,0.059f,-0.5331f,0f,0f,0f,1f],start_interpolation: 0,interpolation_duration: 0}
$data merge entity $(bone39) {transformation: [-0.9311f,0.3645f,-0.0173f,0.2332f,-0.0054f,-0.0613f,-0.9981f,0.0474f,-0.3648f,-0.9292f,0.059f,-0.6912f,0f,0f,0f,1f],start_interpolation: 0,interpolation_duration: 0}
$data merge entity $(bone76) {transformation: [-0.9631f,-0.2691f,-0.0087f,0.4973f,0.0137f,-0.0169f,-0.9998f,0.0521f,0.2689f,-0.963f,0.0199f,-0.3322f,0f,0f,0f,1f],start_interpolation: 0,interpolation_duration: 0}
$data merge entity $(bone74) {transformation: [-0.9631f,-0.2691f,-0.0087f,0.4829f,0.0137f,-0.0169f,-0.9998f,0.0575f,0.2689f,-0.963f,0.0199f,-0.5286f,0f,0f,0f,1f],start_interpolation: 0,interpolation_duration: 0}
$data merge entity $(bone40) {transformation: [-0.9631f,-0.2691f,-0.0087f,0.4356f,0.0137f,-0.0169f,-0.9998f,0.0526f,0.2689f,-0.963f,0.0199f,-0.6927f,0f,0f,0f,1f],start_interpolation: 0,interpolation_duration: 0}
$data merge entity $(bone79) {transformation: [-0.9993f,0.0373f,0.008f,0.3105f,-0.0087f,-0.0179f,-0.9998f,0.0589f,-0.0372f,-0.9991f,0.0183f,-0.2932f,0f,0f,0f,1f],start_interpolation: 0,interpolation_duration: 0}
$data merge entity $(bone78) {transformation: [-0.9993f,0.0373f,0.008f,0.3219f,-0.0087f,-0.0179f,-0.9998f,0.0574f,-0.0372f,-0.9991f,0.0183f,-0.4937f,0f,0f,0f,1f],start_interpolation: 0,interpolation_duration: 0}
$data merge entity $(bone41) {transformation: [-0.9993f,0.0373f,0.008f,0.3281f,-0.0087f,-0.0179f,-0.9998f,0.0517f,-0.0372f,-0.9991f,0.0183f,-0.6928f,0f,0f,0f,1f],start_interpolation: 0,interpolation_duration: 0}
$data merge entity $(bone38) {transformation: [-1f,-0.0067f,0.0045f,0.3374f,-0.008f,0.8971f,-0.4418f,0.3075f,-0.0011f,-0.4419f,-0.8971f,-0.7944f,0f,0f,0f,1f],start_interpolation: 0,interpolation_duration: 0}
$data merge entity $(bone33) {transformation: [-0.999f,-0.038f,-0.0214f,0.317f,-0.0436f,0.8799f,0.4731f,0.5407f,0.0009f,0.4736f,-0.8807f,-0.6681f,0f,0f,0f,1f],start_interpolation: 0,interpolation_duration: 0}
$data merge entity $(bone31) {transformation: [-0.9974f,-0.0386f,-0.0605f,0.2805f,-0.0683f,0.2534f,0.965f,0.6315f,-0.0219f,0.9666f,-0.2553f,0.1916f,0f,0f,0f,1f],start_interpolation: 0,interpolation_duration: 0}
$data merge entity $(bone19) {transformation: [-0.9852f,-0.1683f,0.0316f,0.1713f,-0.1711f,0.9747f,-0.1435f,1.2686f,-0.0066f,-0.1468f,-0.9891f,-0.0343f,0f,0f,0f,1f],start_interpolation: 0,interpolation_duration: 0}
$data merge entity $(bone44) {transformation: [-0.7976f,0.53f,0.288f,-0.1115f,0.1738f,0.6591f,-0.7317f,1.2627f,-0.5776f,-0.5336f,-0.6178f,-0.001f,0f,0f,0f,1f],start_interpolation: 0,interpolation_duration: 0}
$data merge entity $(bone46) {transformation: [-0.8896f,-0.2319f,0.3934f,-0.2889f,0.0638f,0.7899f,0.6099f,0.7848f,-0.4522f,0.5677f,-0.6879f,0.1201f,0f,0f,0f,1f],start_interpolation: 0,interpolation_duration: 0}
$data merge entity $(bone50) {transformation: [-0.8714f,-0.1293f,0.4732f,-0.0772f,0.0283f,0.9498f,0.3116f,0.3307f,-0.4898f,0.2849f,-0.824f,-0.5347f,0f,0f,0f,1f],start_interpolation: 0,interpolation_duration: 0}
$data merge entity $(bone49) {transformation: [-0.8714f,-0.3486f,0.3452f,-0.0966f,0.0283f,0.6668f,0.7447f,0.4259f,-0.4898f,0.6587f,-0.5711f,-0.4154f,0f,0f,0f,1f],start_interpolation: 0,interpolation_duration: 0}
$data merge entity $(bone48) {transformation: [-0.8714f,-0.3907f,0.2967f,-0.1347f,0.0283f,0.5638f,0.8254f,0.4817f,-0.4898f,0.7276f,-0.4803f,-0.3472f,0f,0f,0f,1f],start_interpolation: 0,interpolation_duration: 0}
$data merge entity $(bone54) {transformation: [-0.9808f,0.195f,-0.0031f,-0.2563f,-0.0073f,-0.0525f,-0.9986f,0.0661f,-0.1949f,-0.9794f,0.053f,0.2175f,0f,0f,0f,1f],start_interpolation: 0,interpolation_duration: 0}
$data merge entity $(bone53) {transformation: [-0.9808f,0.195f,-0.0031f,-0.2161f,-0.0073f,-0.0525f,-0.9986f,0.0583f,-0.1949f,-0.9794f,0.053f,0.0359f,0f,0f,0f,1f],start_interpolation: 0,interpolation_duration: 0}
$data merge entity $(bone52) {transformation: [-0.9808f,0.195f,-0.0031f,-0.1841f,-0.0073f,-0.0525f,-0.9986f,0.0473f,-0.1949f,-0.9794f,0.053f,-0.1315f,0f,0f,0f,1f],start_interpolation: 0,interpolation_duration: 0}
$data merge entity $(bone57) {transformation: [-0.7283f,0.6852f,-0.0008f,-0.5849f,-0.0101f,-0.0119f,-0.9999f,0.0582f,-0.6852f,-0.7282f,0.0155f,0.0651f,0f,0f,0f,1f],start_interpolation: 0,interpolation_duration: 0}
$data merge entity $(bone56) {transformation: [-0.7283f,0.6852f,-0.0008f,-0.481f,-0.0101f,-0.0119f,-0.9999f,0.0647f,-0.6852f,-0.7282f,0.0155f,-0.1021f,0f,0f,0f,1f],start_interpolation: 0,interpolation_duration: 0}
$data merge entity $(bone55) {transformation: [-0.7283f,0.6852f,-0.0008f,-0.363f,-0.0101f,-0.0119f,-0.9999f,0.0606f,-0.6852f,-0.7282f,0.0155f,-0.2255f,0f,0f,0f,1f],start_interpolation: 0,interpolation_duration: 0}
$data merge entity $(bone60) {transformation: [-0.8809f,0.4719f,-0.0357f,-0.4539f,0.0166f,-0.0445f,-0.9989f,0.0733f,-0.4729f,-0.8805f,0.0314f,0.1772f,0f,0f,0f,1f],start_interpolation: 0,interpolation_duration: 0}
$data merge entity $(bone59) {transformation: [-0.8809f,0.4719f,-0.0357f,-0.3627f,0.0166f,-0.0445f,-0.9989f,0.0664f,-0.4729f,-0.8805f,0.0314f,-0.0015f,0f,0f,0f,1f],start_interpolation: 0,interpolation_duration: 0}
$data merge entity $(bone58) {transformation: [-0.8809f,0.4719f,-0.0357f,-0.2675f,0.0166f,-0.0445f,-0.9989f,0.0555f,-0.4729f,-0.8805f,0.0314f,-0.1763f,0f,0f,0f,1f],start_interpolation: 0,interpolation_duration: 0}
$data merge entity $(bone51) {transformation: [-0.8875f,0.2132f,0.4085f,-0.228f,0.0476f,0.9243f,-0.3788f,0.3178f,-0.4583f,-0.3167f,-0.8304f,-0.2501f,0f,0f,0f,1f],start_interpolation: 0,interpolation_duration: 0}
$data merge entity $(bone47) {transformation: [-0.8875f,-0.1227f,0.4442f,-0.2517f,0.0476f,0.9343f,0.3533f,0.5655f,-0.4583f,0.3347f,-0.8233f,-0.1561f,0f,0f,0f,1f],start_interpolation: 0,interpolation_duration: 0}
$data merge entity $(bone45) {transformation: [-0.8896f,-0.2937f,0.3497f,-0.5381f,0.0638f,0.6784f,0.7319f,1.0501f,-0.4522f,0.6735f,-0.5848f,0.501f,0f,0f,0f,1f],start_interpolation: 0,interpolation_duration: 0}
$data merge entity $(bone43) {transformation: [-0.8408f,0.5115f,0.1775f,-0.1713f,0.1157f,0.49f,-0.864f,1.2686f,-0.5289f,-0.7059f,-0.4711f,-0.0343f,0f,0f,0f,1f],start_interpolation: 0,interpolation_duration: 0}