# This file was generated by Animated Java via MC-Build. It is not recommended to edit this file directly.
$data merge entity $(bone5) {transformation: [-0.9947f,-0.1023f,0.0069f,0.3851f,-0.0926f,0.9248f,0.3691f,1.4708f,-0.0441f,0.3665f,-0.9294f,0.9742f,0f,0f,0f,1f],start_interpolation: 0,interpolation_duration: 0}
$data merge entity $(bone6) {transformation: [0.0209f,-0.2643f,-0.9642f,0.4944f,-0.4608f,0.8533f,-0.2439f,1.2433f,0.8872f,0.4494f,-0.104f,0.8934f,0f,0f,0f,1f],start_interpolation: 0,interpolation_duration: 0}
$data merge entity $(bone8) {transformation: [-0.2599f,-0.0724f,0.9629f,0.6413f,-0.0984f,0.994f,0.0482f,0.5624f,-0.9606f,-0.0822f,-0.2654f,0.742f,0f,0f,0f,1f],start_interpolation: 0,interpolation_duration: 0}
$data merge entity $(bone9) {transformation: [-0.2599f,-0.0724f,0.9629f,0.8006f,-0.0984f,0.994f,0.0482f,0.7363f,-0.9606f,-0.0822f,-0.2654f,0.6735f,0f,0f,0f,1f],start_interpolation: 0,interpolation_duration: 0}
$data merge entity $(bone10) {transformation: [-0.2261f,-0.1472f,0.9629f,0.6233f,-0.3927f,0.9184f,0.0482f,0.5527f,-0.8914f,-0.3673f,-0.2654f,0.7184f,0f,0f,0f,1f],start_interpolation: 0,interpolation_duration: 0}
$data merge entity $(bone12) {transformation: [-0.1725f,-0.5233f,0.8345f,0.7721f,-0.9021f,0.4242f,0.0796f,0.0524f,-0.3957f,-0.739f,-0.5452f,0.9379f,0f,0f,0f,1f],start_interpolation: 0,interpolation_duration: 0}
$data merge entity $(bone15) {transformation: [0.9858f,-0.102f,0.1331f,0.3827f,-0.1524f,-0.2132f,0.9651f,0.0208f,-0.07f,-0.9717f,-0.2257f,0.9908f,0f,0f,0f,1f],start_interpolation: 0,interpolation_duration: 0}
$data merge entity $(bone14) {transformation: [0.9634f,-0.102f,-0.248f,0.5066f,0.2223f,-0.2132f,0.9514f,0.0505f,-0.1499f,-0.9717f,-0.1827f,0.97f,0f,0f,0f,1f],start_interpolation: 0,interpolation_duration: 0}
$data merge entity $(bone13) {transformation: [0.8205f,-0.102f,-0.5625f,0.6135f,0.5343f,-0.2132f,0.818f,0.1177f,-0.2033f,-0.9717f,-0.1204f,0.9407f,0f,0f,0f,1f],start_interpolation: 0,interpolation_duration: 0}
$data merge entity $(bone18) {transformation: [-0.0762f,-0.9963f,-0.0398f,0.7561f,0.9151f,-0.054f,-0.3996f,-0.2305f,0.396f,-0.0668f,0.9158f,1.2561f,0f,0f,0f,1f],start_interpolation: 0,interpolation_duration: 0}
$data merge entity $(bone17) {transformation: [-0.0328f,-0.9963f,-0.0794f,0.7497f,0.9579f,-0.054f,0.2821f,-0.0417f,-0.2854f,-0.0668f,0.9561f,1.1998f,0f,0f,0f,1f],start_interpolation: 0,interpolation_duration: 0}
$data merge entity $(bone16) {transformation: [0.0236f,-0.9963f,-0.0826f,0.749f,0.5761f,-0.054f,0.8156f,0.0412f,-0.817f,-0.0668f,0.5727f,1.0787f,0f,0f,0f,1f],start_interpolation: 0,interpolation_duration: 0}
$data merge entity $(bone27) {transformation: [-0.8479f,-0.523f,-0.0868f,1.1929f,-0.0608f,-0.0666f,0.9959f,0.0351f,-0.5267f,0.8497f,0.0247f,1.1315f,0f,0f,0f,1f],start_interpolation: 0,interpolation_duration: 0}
$data merge entity $(bone26) {transformation: [-0.8358f,-0.5436f,-0.0765f,1.0599f,-0.0571f,-0.0526f,0.997f,0.0271f,-0.546f,0.8377f,0.0129f,1.0524f,0f,0f,0f,1f],start_interpolation: 0,interpolation_duration: 0}
$data merge entity $(bone25) {transformation: [-0.8272f,-0.5436f,0.1424f,0.9076f,0.2029f,-0.0526f,0.9778f,0.0619f,-0.5241f,0.8377f,0.1538f,0.9609f,0f,0f,0f,1f],start_interpolation: 0,interpolation_duration: 0}
$data merge entity $(bone30) {transformation: [0.0035f,-0.873f,0.4877f,0.9725f,0.9935f,-0.0525f,-0.1011f,-0.2321f,0.1139f,0.4849f,0.8671f,1.2457f,0f,0f,0f,1f],start_interpolation: 0,interpolation_duration: 0}
$data merge entity $(bone29) {transformation: [-0.2445f,-0.873f,0.422f,0.9281f,0.9073f,-0.0525f,0.4171f,-0.0531f,-0.342f,0.4849f,0.8049f,1.1762f,0f,0f,0f,1f],start_interpolation: 0,interpolation_duration: 0}
$data merge entity $(bone28) {transformation: [-0.442f,-0.873f,0.2062f,0.8345f,0.5055f,-0.0525f,0.8612f,0.0475f,-0.741f,0.4849f,0.4645f,1.0276f,0f,0f,0f,1f],start_interpolation: 0,interpolation_duration: 0}
$data merge entity $(bone7) {transformation: [0.9629f,-0.0836f,0.2565f,0.6017f,0.0482f,0.9887f,0.1417f,0.8969f,-0.2654f,-0.1241f,0.9561f,0.6961f,0f,0f,0f,1f],start_interpolation: 0,interpolation_duration: 0}
$data merge entity $(bone4) {transformation: [-0.9642f,-0.2651f,0.0069f,0.3501f,-0.2439f,0.8968f,0.3691f,1.5764f,-0.104f,0.3542f,-0.9294f,0.988f,0f,0f,0f,1f],start_interpolation: 0,interpolation_duration: 0}
$data merge entity $(bone62) {transformation: [-0.9096f,0.3641f,0.2f,-0.4162f,0.4109f,0.7178f,0.562f,1.4956f,0.0611f,0.5934f,-0.8026f,0.9472f,0f,0f,0f,1f],start_interpolation: 0,interpolation_duration: 0}
$data merge entity $(bone63) {transformation: [0.2521f,0.4856f,0.837f,-0.5858f,0.6259f,0.5779f,-0.5238f,1.3453f,-0.7381f,0.6559f,-0.1582f,0.8098f,0f,0f,0f,1f],start_interpolation: 0,interpolation_duration: 0}
$data merge entity $(bone65) {transformation: [-0.0353f,0.1539f,-0.9874f,-0.8443f,0.2178f,0.9655f,0.1427f,0.7929f,0.9754f,-0.21f,-0.0677f,0.6207f,0f,0f,0f,1f],start_interpolation: 0,interpolation_duration: 0}
$data merge entity $(bone66) {transformation: [-0.0353f,0.1539f,-0.9874f,-0.996f,0.2178f,0.9655f,0.1427f,0.9781f,0.9754f,-0.21f,-0.0677f,0.5664f,0f,0f,0f,1f],start_interpolation: 0,interpolation_duration: 0}
$data merge entity $(bone67) {transformation: [0.0126f,0.1574f,-0.9874f,-0.8329f,0.498f,0.8553f,0.1427f,0.7789f,0.8671f,-0.4936f,-0.0677f,0.5952f,0f,0f,0f,1f],start_interpolation: 0,interpolation_duration: 0}
$data merge entity $(bone69) {transformation: [-0.2617f,0.0714f,-0.9625f,-0.9148f,0.2994f,0.9541f,-0.0106f,0.2181f,0.9176f,-0.2909f,-0.271f,0.7735f,0f,0f,0f,1f],start_interpolation: 0,interpolation_duration: 0}
$data merge entity $(bone72) {transformation: [0.9274f,0.2511f,0.2772f,-0.6292f,-0.345f,0.2885f,0.8932f,0.1364f,0.1444f,-0.924f,0.3542f,0.7944f,0f,0f,0f,1f],start_interpolation: 0,interpolation_duration: 0}
$data merge entity $(bone71) {transformation: [0.7568f,0.2511f,0.6035f,-0.7257f,-0.6537f,0.2885f,0.6996f,0.2221f,0.0016f,-0.924f,0.3825f,0.7935f,0f,0f,0f,1f],start_interpolation: 0,interpolation_duration: 0}
$data merge entity $(bone70) {transformation: [0.5047f,0.2511f,0.826f,-0.7917f,-0.8536f,0.2885f,0.4338f,0.3329f,-0.1293f,-0.924f,0.3599f,0.8067f,0f,0f,0f,1f],start_interpolation: 0,interpolation_duration: 0}
$data merge entity $(bone81) {transformation: [0.1296f,0.9908f,0.0396f,-0.8048f,-0.3482f,0.0081f,0.9374f,-0.0579f,0.9284f,-0.1353f,0.346f,1.1382f,0f,0f,0f,1f],start_interpolation: 0,interpolation_duration: 0}
$data merge entity $(bone80) {transformation: [0.1015f,0.9908f,0.0898f,-0.8248f,-0.7056f,0.0081f,0.7086f,0.0811f,0.7014f,-0.1353f,0.6999f,1f,0f,0f,0f,1f],start_interpolation: 0,interpolation_duration: 0}
$data merge entity $(bone73) {transformation: [0.1268f,0.9908f,0.0478f,-0.8392f,-0.4071f,0.0081f,0.9133f,0.1393f,0.9045f,-0.1353f,0.4044f,0.8661f,0f,0f,0f,1f],start_interpolation: 0,interpolation_duration: 0}
$data merge entity $(bone84) {transformation: [-0.7136f,0.6939f,0.0964f,-1.2559f,0.1089f,-0.0262f,0.9937f,0.03f,0.6921f,0.7196f,-0.0569f,1.0213f,0f,0f,0f,1f],start_interpolation: 0,interpolation_duration: 0}
$data merge entity $(bone83) {transformation: [-0.6858f,0.7113f,-0.1539f,-1.1453f,-0.2246f,-0.0057f,0.9744f,0.0659f,0.6922f,0.7029f,0.1636f,0.9189f,0f,0f,0f,1f],start_interpolation: 0,interpolation_duration: 0}
$data merge entity $(bone82) {transformation: [-0.6226f,0.7113f,-0.3262f,-1.029f,-0.4691f,-0.0057f,0.8831f,0.1493f,0.6263f,0.7029f,0.3372f,0.8081f,0f,0f,0f,1f],start_interpolation: 0,interpolation_duration: 0}
$data merge entity $(bone103) {transformation: [-0.2936f,0.949f,-0.1147f,-1.0397f,-0.3275f,0.0128f,0.9448f,-0.0709f,0.8981f,0.315f,0.307f,1.1624f,0f,0f,0f,1f],start_interpolation: 0,interpolation_duration: 0}
$data merge entity $(bone102) {transformation: [-0.2367f,0.949f,-0.2082f,-0.9972f,-0.6309f,0.0128f,0.7758f,0.0533f,0.7389f,0.315f,0.5957f,1.0155f,0f,0f,0f,1f],start_interpolation: 0,interpolation_duration: 0}
$data merge entity $(bone85) {transformation: [-0.2828f,0.949f,-0.1393f,-0.9356f,-0.407f,0.0128f,0.9133f,0.1342f,0.8686f,0.315f,0.3826f,0.8404f,0f,0f,0f,1f],start_interpolation: 0,interpolation_duration: 0}
$data merge entity $(bone64) {transformation: [0.9874f,0.1553f,-0.0286f,-0.7815f,-0.1427f,0.9551f,0.2597f,1.1142f,0.0677f,-0.2524f,0.9653f,0.5292f,0f,0f,0f,1f],start_interpolation: 0,interpolation_duration: 0}
$data merge entity $(bone61) {transformation: [-0.837f,0.5093f,0.2f,-0.3501f,0.5238f,0.6402f,0.562f,1.5764f,0.1582f,0.5752f,-0.8026f,0.988f,0f,0f,0f,1f],start_interpolation: 0,interpolation_duration: 0}
$data merge entity $(bone23) {transformation: [-0.7934f,-0.6088f,0f,0.1071f,-0.0742f,0.0967f,0.9925f,1.4989f,-0.6042f,0.7874f,-0.1219f,1.0106f,0f,0f,0f,1f],start_interpolation: 0,interpolation_duration: 0}
$data merge entity $(bone22) {transformation: [-0.7934f,0.6088f,0f,-0.1071f,0.0742f,0.0967f,0.9925f,1.4989f,0.6042f,0.7874f,-0.1219f,1.0106f,0f,0f,0f,1f],start_interpolation: 0,interpolation_duration: 0}
$data merge entity $(bone89) {transformation: [-1f,0.0072f,0.0007f,0.002f,0.0055f,0.6952f,0.7188f,2.195f,0.0047f,0.7188f,-0.6952f,1.4731f,0f,0f,0f,1f],start_interpolation: 0,interpolation_duration: 0}
$data merge entity $(bone90) {transformation: [-1f,0.0069f,0.0019f,0.0013f,0.0055f,0.5598f,0.8286f,2.132f,0.0047f,0.8286f,-0.5599f,1.3954f,0f,0f,0f,1f],start_interpolation: 0,interpolation_duration: 0}
$data merge entity $(bone88) {transformation: [-1f,0.0071f,0.0013f,0.0312f,0.0055f,0.6299f,0.7766f,1.9905f,0.0047f,0.7766f,-0.63f,1.2806f,0f,0f,0f,1f],start_interpolation: 0,interpolation_duration: 0}
$data merge entity $(bone42) {transformation: [-1f,0f,0f,0f,0f,0.7511f,0.6602f,1.6992f,0f,0.6602f,-0.7511f,1.6884f,0f,0f,0f,1f],start_interpolation: 0,interpolation_duration: 0}
$data merge entity $(bone87) {transformation: [-0.9998f,0.0157f,-0.0096f,-0.0044f,0.0031f,0.6573f,0.7536f,1.2533f,0.0181f,0.7534f,-0.6573f,2.2482f,0f,0f,0f,1f],start_interpolation: 0,interpolation_duration: 0}
$data merge entity $(bone86) {transformation: [-1f,0f,0f,0f,0f,0.7376f,0.6753f,1.4038f,0f,0.6753f,-0.7376f,2.0766f,0f,0f,0f,1f],start_interpolation: 0,interpolation_duration: 0}
$data merge entity $(bone92) {transformation: [-0.8818f,0.2593f,-0.3939f,0.1194f,-0.0604f,0.7664f,0.6396f,1.7725f,0.4677f,0.5878f,-0.6601f,1.7274f,0f,0f,0f,1f],start_interpolation: 0,interpolation_duration: 0}
$data merge entity $(bone3) {transformation: [-0.8818f,-0.2593f,0.3939f,-0.1194f,0.0604f,0.7664f,0.6396f,1.7725f,-0.4677f,0.5878f,-0.6601f,1.7274f,0f,0f,0f,1f],start_interpolation: 0,interpolation_duration: 0}
$data merge entity $(head) {transformation: [-1f,0f,0f,0f,0f,0.7719f,0.6357f,1.6925f,0f,0.6357f,-0.7719f,1.5048f,0f,0f,0f,1f],start_interpolation: 0,interpolation_duration: 0}
$data merge entity $(neck) {transformation: [-1f,0f,0f,0f,0f,0.5811f,0.8139f,1.5945f,0f,0.8139f,-0.5811f,1.3674f,0f,0f,0f,1f],start_interpolation: 0,interpolation_duration: 0}
$data merge entity $(bone2) {transformation: [-1f,0f,0f,0f,0f,0.1219f,0.9925f,1.5351f,0f,0.9925f,-0.1219f,1.055f,0f,0f,0f,1f],start_interpolation: 0,interpolation_duration: 0}
$data merge entity $(bone136) {transformation: [-1f,0f,0f,0f,0f,0.1736f,1.0527f,1.5186f,0f,0.9848f,-0.1856f,0.859f,0f,0f,0f,1f],start_interpolation: 0,interpolation_duration: 0}
$data merge entity $(bone118) {transformation: [-0.0597f,-0.849f,-0.525f,0.2556f,0.9926f,-0.1063f,0.0591f,1.6808f,-0.106f,-0.5176f,0.849f,0.7767f,0f,0f,0f,1f],start_interpolation: 0,interpolation_duration: 0}
$data merge entity $(bone119) {transformation: [-0.1232f,-0.849f,-0.5138f,0.7367f,0.9924f,-0.1063f,-0.0623f,1.7028f,-0.0017f,-0.5176f,0.8556f,-0.0286f,0f,0f,0f,1f],start_interpolation: 0,interpolation_duration: 0}
$data merge entity $(bone120) {transformation: [-0.4996f,-0.849f,0.1719f,1.6077f,-0.1572f,-0.1063f,-0.9818f,0.9693f,0.8519f,-0.5176f,-0.0803f,0.6419f,0f,0f,0f,1f],start_interpolation: 0,interpolation_duration: 0}
$data merge entity $(bone121) {transformation: [0f,0f,0f,0.991f,0f,0f,0f,1.8035f,0f,0f,0f,-0.4549f,0f,0f,0f,1f],start_interpolation: 0,interpolation_duration: 0}
$data merge entity $(bone123) {transformation: [0.0681f,-1.731f,-1.062f,0.8948f,1.9793f,-0.1811f,0.4222f,1.2741f,-0.4543f,-1.0487f,1.6801f,2.4183f,0f,0f,0f,1f],start_interpolation: 0,interpolation_duration: 0}
$data merge entity $(bone124) {transformation: [-0.1029f,-0.8519f,-0.5135f,0.7506f,0.9947f,-0.0891f,-0.0514f,2.6625f,-0.002f,-0.5161f,0.8565f,-0.2569f,0f,0f,0f,1f],start_interpolation: 0,interpolation_duration: 0}
$data merge entity $(bone122) {transformation: [-0.3579f,-1.3126f,-0.7233f,0.5745f,1.4599f,-0.1374f,-0.4732f,2.6528f,0.3386f,-0.7952f,1.2755f,0.0339f,0f,0f,0f,1f],start_interpolation: 0,interpolation_duration: 0}
$data merge entity $(bone126) {transformation: [0.2866f,-0.8519f,-0.4384f,1.1531f,0.7455f,-0.0891f,0.6605f,1.9318f,-0.6018f,-0.5161f,0.6095f,-0.7939f,0f,0f,0f,1f],start_interpolation: 0,interpolation_duration: 0}
$data merge entity $(bone127) {transformation: [0.1633f,-0.8519f,-0.4976f,0.8145f,0.8911f,-0.0891f,0.4451f,2.3416f,-0.4235f,-0.5161f,0.7445f,-0.307f,0f,0f,0f,1f],start_interpolation: 0,interpolation_duration: 0}
$data merge entity $(bone125) {transformation: [0.0406f,-1.1942f,-0.7331f,0.6495f,1.3681f,-0.125f,0.2794f,2.5069f,-0.3033f,-0.7235f,1.1618f,-0.0558f,0f,0f,0f,1f],start_interpolation: 0,interpolation_duration: 0}
$data merge entity $(bone129) {transformation: [1.0394f,-1.5886f,-0.1801f,0.4891f,0.0511f,-0.1662f,2.0054f,3.8175f,-1.7244f,-0.9624f,-0.0491f,2.6486f,0f,0f,0f,1f],start_interpolation: 0,interpolation_duration: 0}
$data merge entity $(bone130) {transformation: [0.5385f,-0.8519f,-0.1732f,0.8542f,0.1768f,-0.0891f,1.0611f,1.5064f,-0.9193f,-0.5161f,0.1026f,-0.2282f,0f,0f,0f,1f],start_interpolation: 0,interpolation_duration: 0}
$data merge entity $(bone131) {transformation: [0.4643f,-0.8519f,-0.3231f,0.7165f,0.4793f,-0.0891f,0.963f,2.0893f,-0.8492f,-0.5161f,0.3669f,-0.1017f,0f,0f,0f,1f],start_interpolation: 0,interpolation_duration: 0}
$data merge entity $(bone128) {transformation: [0.3847f,-0.8981f,-0.4557f,0.6128f,0.7508f,-0.094f,0.8499f,2.3953f,-0.7646f,-0.5441f,0.6053f,0.0061f,0f,0f,0f,1f],start_interpolation: 0,interpolation_duration: 0}
$data merge entity $(bone132) {transformation: [-0.2032f,-0.8519f,-0.4827f,0.4914f,0.9645f,-0.0891f,-0.2487f,2.5339f,0.1688f,-0.5161f,0.8397f,0.2054f,0f,0f,0f,1f],start_interpolation: 0,interpolation_duration: 0}
$data merge entity $(bone133) {transformation: [-0.3553f,-1.4462f,-0.713f,0.557f,1.6865f,-0.1513f,-0.3673f,2.5499f,0.2952f,-0.8762f,1.2403f,0.106f,0f,0f,0f,1f],start_interpolation: 0,interpolation_duration: 0}
$data merge entity $(w5) {transformation: [-0.2032f,-0.8519f,-0.4827f,0.5643f,0.9645f,-0.0891f,-0.2487f,2.4831f,0.1688f,-0.5161f,0.8397f,0.1183f,0f,0f,0f,1f],start_interpolation: 0,interpolation_duration: 0}
$data merge entity $(w2) {transformation: [-0.5079f,-0.849f,-0.1457f,0.7104f,0.4344f,-0.1063f,-0.8944f,1.7193f,0.7439f,-0.5176f,0.4228f,-0.0122f,0f,0f,0f,1f],start_interpolation: 0,interpolation_duration: 0}
$data merge entity $(wing3) {transformation: [-0.0597f,-0.849f,-0.525f,0.2175f,0.9926f,-0.1063f,0.0591f,1.785f,-0.106f,-0.5176f,0.849f,0.7829f,0f,0f,0f,1f],start_interpolation: 0,interpolation_duration: 0}
$data merge entity $(bone104) {transformation: [-0.0597f,0.849f,0.525f,-0.2556f,-0.9926f,-0.1063f,0.0591f,1.6808f,0.106f,-0.5176f,0.849f,0.7767f,0f,0f,0f,1f],start_interpolation: 0,interpolation_duration: 0}
$data merge entity $(bone105) {transformation: [-0.1232f,0.849f,0.5138f,-0.7367f,-0.9924f,-0.1063f,-0.0623f,1.7028f,0.0017f,-0.5176f,0.8556f,-0.0286f,0f,0f,0f,1f],start_interpolation: 0,interpolation_duration: 0}
$data merge entity $(bone106) {transformation: [-0.4996f,0.849f,-0.1719f,-1.6077f,0.1572f,-0.1063f,-0.9818f,0.9693f,-0.8519f,-0.5176f,-0.0803f,0.6419f,0f,0f,0f,1f],start_interpolation: 0,interpolation_duration: 0}
$data merge entity $(bone107) {transformation: [0f,0f,0f,-0.991f,0f,0f,0f,1.8035f,0f,0f,0f,-0.4549f,0f,0f,0f,1f],start_interpolation: 0,interpolation_duration: 0}
$data merge entity $(bone109) {transformation: [0.0811f,1.731f,0.9995f,-0.9296f,-1.8137f,-0.1811f,0.3626f,1.3816f,0.4471f,-1.0487f,1.5871f,2.3422f,0f,0f,0f,1f],start_interpolation: 0,interpolation_duration: 0}
$data merge entity $(bone110) {transformation: [-0.0888f,0.8519f,0.4855f,-0.741f,-0.9083f,-0.0891f,-0.0587f,2.6656f,0.0104f,-0.5161f,0.8114f,-0.2415f,0f,0f,0f,1f],start_interpolation: 0,interpolation_duration: 0}
$data merge entity $(bone108) {transformation: [-0.3257f,1.3126f,0.6871f,-0.5745f,-1.3285f,-0.1374f,-0.4495f,2.6528f,-0.3082f,-0.7952f,1.2118f,0.0339f,0f,0f,0f,1f],start_interpolation: 0,interpolation_duration: 0}
$data merge entity $(bone112) {transformation: [0.2866f,0.8519f,0.4384f,-1.1531f,-0.7455f,-0.0891f,0.6605f,1.9318f,0.6018f,-0.5161f,0.6095f,-0.7939f,0f,0f,0f,1f],start_interpolation: 0,interpolation_duration: 0}
$data merge entity $(bone113) {transformation: [0.1633f,0.8519f,0.4976f,-0.8145f,-0.8911f,-0.0891f,0.4451f,2.3416f,0.4235f,-0.5161f,0.7445f,-0.307f,0f,0f,0f,1f],start_interpolation: 0,interpolation_duration: 0}
$data merge entity $(bone111) {transformation: [0.0406f,1.1942f,0.7331f,-0.6495f,-1.3681f,-0.125f,0.2794f,2.5069f,0.3033f,-0.7235f,1.1618f,-0.0558f,0f,0f,0f,1f],start_interpolation: 0,interpolation_duration: 0}
$data merge entity $(bone115) {transformation: [1.0394f,1.5886f,0.1801f,-0.4891f,-0.0511f,-0.1662f,2.0054f,3.8175f,1.7244f,-0.9624f,-0.0491f,2.6486f,0f,0f,0f,1f],start_interpolation: 0,interpolation_duration: 0}
$data merge entity $(bone116) {transformation: [0.5385f,0.8519f,0.1732f,-0.8542f,-0.1768f,-0.0891f,1.0611f,1.5064f,0.9193f,-0.5161f,0.1026f,-0.2282f,0f,0f,0f,1f],start_interpolation: 0,interpolation_duration: 0}
$data merge entity $(bone117) {transformation: [0.4643f,0.8519f,0.3231f,-0.7165f,-0.4793f,-0.0891f,0.963f,2.0893f,0.8492f,-0.5161f,0.3669f,-0.1017f,0f,0f,0f,1f],start_interpolation: 0,interpolation_duration: 0}
$data merge entity $(bone114) {transformation: [0.3847f,0.8981f,0.4557f,-0.6128f,-0.7508f,-0.094f,0.8499f,2.3953f,0.7646f,-0.5441f,0.6053f,0.0061f,0f,0f,0f,1f],start_interpolation: 0,interpolation_duration: 0}
$data merge entity $(bone134) {transformation: [-0.2032f,0.8519f,0.4827f,-0.4914f,-0.9645f,-0.0891f,-0.2487f,2.5339f,-0.1688f,-0.5161f,0.8397f,0.2054f,0f,0f,0f,1f],start_interpolation: 0,interpolation_duration: 0}
$data merge entity $(bone135) {transformation: [-0.3553f,1.4462f,0.713f,-0.557f,-1.6865f,-0.1513f,-0.3673f,2.5499f,-0.2952f,-0.8762f,1.2403f,0.106f,0f,0f,0f,1f],start_interpolation: 0,interpolation_duration: 0}
$data merge entity $(w4) {transformation: [-0.2032f,0.8519f,0.4827f,-0.5643f,-0.9645f,-0.0891f,-0.2487f,2.4831f,-0.1688f,-0.5161f,0.8397f,0.1183f,0f,0f,0f,1f],start_interpolation: 0,interpolation_duration: 0}
$data merge entity $(w3) {transformation: [-0.5079f,0.849f,0.1457f,-0.7104f,-0.4344f,-0.1063f,-0.8944f,1.7193f,-0.7439f,-0.5176f,0.4228f,-0.0122f,0f,0f,0f,1f],start_interpolation: 0,interpolation_duration: 0}
$data merge entity $(wing2) {transformation: [-0.0597f,0.849f,0.525f,-0.2175f,-0.9926f,-0.1063f,0.0591f,1.785f,0.106f,-0.5176f,0.849f,0.7829f,0f,0f,0f,1f],start_interpolation: 0,interpolation_duration: 0}
$data merge entity $(bone20) {transformation: [-1f,0f,0f,-0.1563f,0f,-0.1822f,0.9833f,1.5423f,0f,0.9833f,0.1822f,0.3246f,0f,0f,0f,1f],start_interpolation: 0,interpolation_duration: 0}
$data merge entity $(bone101) {transformation: [-1f,0f,0f,0f,0f,-0.4865f,0.8737f,1.1593f,0f,0.8737f,0.4865f,-2.6624f,0f,0f,0f,1f],start_interpolation: 0,interpolation_duration: 0}
$data merge entity $(bone100) {transformation: [-1f,0f,0f,0f,0f,0.0669f,0.9978f,0.7076f,0f,0.9978f,-0.0669f,-2.6258f,0f,0f,0f,1f],start_interpolation: 0,interpolation_duration: 0}
$data merge entity $(bone99) {transformation: [-1f,0f,0f,0f,0f,0.5171f,0.8559f,0.2743f,0f,0.8559f,-0.5171f,-2.364f,0f,0f,0f,1f],start_interpolation: 0,interpolation_duration: 0}
$data merge entity $(bone98) {transformation: [-1f,0f,0f,0f,0f,0.8949f,0.4464f,0.0539f,0f,0.4464f,-0.8949f,-1.9222f,0f,0f,0f,1f],start_interpolation: 0,interpolation_duration: 0}
$data merge entity $(bone97) {transformation: [-1f,0f,0f,0f,0f,0.9889f,-0.1488f,0.1302f,0f,-0.1488f,-0.9889f,-1.4154f,0f,0f,0f,1f],start_interpolation: 0,interpolation_duration: 0}
$data merge entity $(bone96) {transformation: [-1f,0f,0f,0f,0f,0.8566f,-0.5159f,0.3881f,0f,-0.5159f,-0.8566f,-0.9871f,0f,0f,0f,1f],start_interpolation: 0,interpolation_duration: 0}
$data merge entity $(bone95) {transformation: [-1f,0f,0f,0f,0f,0.6618f,-0.7496f,0.7583f,0f,-0.7496f,-0.6618f,-0.6603f,0f,0f,0f,1f],start_interpolation: 0,interpolation_duration: 0}
$data merge entity $(bone94) {transformation: [-1f,0f,0f,0f,0f,0.594f,-0.8045f,1.1555f,0f,-0.8045f,-0.594f,-0.367f,0f,0f,0f,1f],start_interpolation: 0,interpolation_duration: 0}
$data merge entity $(bone93) {transformation: [-1f,0f,0f,0f,0f,0.7247f,-0.6891f,1.4161f,0f,-0.6891f,-0.7247f,-0.093f,0f,0f,0f,1f],start_interpolation: 0,interpolation_duration: 0}
$data merge entity $(bone) {transformation: [-1f,0f,0f,0f,0f,0.5373f,0.8434f,1.3238f,0f,0.8434f,-0.5373f,-0.0343f,0f,0f,0f,1f],start_interpolation: 0,interpolation_duration: 0}
$data merge entity $(bone24) {transformation: [-0.9666f,-0.2564f,-0.0062f,0.1031f,-0.2561f,0.9638f,0.0743f,1.2651f,-0.0131f,0.0734f,-0.9972f,-0.0354f,0f,0f,0f,1f],start_interpolation: 0,interpolation_duration: 0}
$data merge entity $(bone32) {transformation: [-0.9974f,-0.049f,-0.0528f,0.2273f,-0.0684f,0.4157f,0.9069f,0.611f,-0.0225f,0.9082f,-0.418f,-0.3286f,0f,0f,0f,1f],start_interpolation: 0,interpolation_duration: 0}
$data merge entity $(bone36) {transformation: [-0.9989f,-0.0284f,-0.0384f,0.3374f,-0.0276f,0.9994f,-0.0227f,0.282f,0.0391f,-0.0216f,-0.999f,-1.0284f,0f,0f,0f,1f],start_interpolation: 0,interpolation_duration: 0}
$data merge entity $(bone35) {transformation: [-0.9989f,-0.0054f,-0.0475f,0.298f,-0.0276f,0.8768f,0.48f,0.4095f,0.0391f,0.4808f,-0.876f,-0.9519f,0f,0f,0f,1f],start_interpolation: 0,interpolation_duration: 0}
$data merge entity $(bone34) {transformation: [-0.9989f,0.0008f,-0.0478f,0.2993f,-0.0276f,0.8067f,0.5904f,0.4882f,0.0391f,0.591f,-0.8057f,-0.8969f,0f,0f,0f,1f],start_interpolation: 0,interpolation_duration: 0}
$data merge entity $(bone77) {transformation: [-0.9314f,0.3634f,-0.0213f,0.1057f,-0.0019f,-0.0635f,-0.998f,0.0695f,-0.364f,-0.9295f,0.0598f,-0.3584f,0f,0f,0f,1f],start_interpolation: 0,interpolation_duration: 0}
$data merge entity $(bone75) {transformation: [-0.9314f,0.3634f,-0.0213f,0.1697f,-0.0019f,-0.0635f,-0.998f,0.0597f,-0.364f,-0.9295f,0.0598f,-0.533f,0f,0f,0f,1f],start_interpolation: 0,interpolation_duration: 0}
$data merge entity $(bone39) {transformation: [-0.9314f,0.3634f,-0.0213f,0.2329f,-0.0019f,-0.0635f,-0.998f,0.0468f,-0.364f,-0.9295f,0.0598f,-0.6911f,0f,0f,0f,1f],start_interpolation: 0,interpolation_duration: 0}
$data merge entity $(bone76) {transformation: [-0.9626f,-0.2706f,-0.0097f,0.4976f,0.0153f,-0.0188f,-0.9997f,0.052f,0.2704f,-0.9625f,0.0222f,-0.3324f,0f,0f,0f,1f],start_interpolation: 0,interpolation_duration: 0}
$data merge entity $(bone74) {transformation: [-0.9626f,-0.2706f,-0.0097f,0.4829f,0.0153f,-0.0188f,-0.9997f,0.0569f,0.2704f,-0.9625f,0.0222f,-0.5288f,0f,0f,0f,1f],start_interpolation: 0,interpolation_duration: 0}
$data merge entity $(bone40) {transformation: [-0.9626f,-0.2706f,-0.0097f,0.4354f,0.0153f,-0.0188f,-0.9997f,0.0517f,0.2704f,-0.9625f,0.0222f,-0.6928f,0f,0f,0f,1f],start_interpolation: 0,interpolation_duration: 0}
$data merge entity $(bone79) {transformation: [-0.9994f,0.035f,0.0058f,0.3112f,-0.0065f,-0.0197f,-0.9998f,0.0589f,-0.0349f,-0.9992f,0.0199f,-0.2932f,0f,0f,0f,1f],start_interpolation: 0,interpolation_duration: 0}
$data merge entity $(bone78) {transformation: [-0.9994f,0.035f,0.0058f,0.3222f,-0.0065f,-0.0197f,-0.9998f,0.057f,-0.0349f,-0.9992f,0.0199f,-0.4937f,0f,0f,0f,1f],start_interpolation: 0,interpolation_duration: 0}
$data merge entity $(bone41) {transformation: [-0.9994f,0.035f,0.0058f,0.3278f,-0.0065f,-0.0197f,-0.9998f,0.051f,-0.0349f,-0.9992f,0.0199f,-0.6928f,0f,0f,0f,1f],start_interpolation: 0,interpolation_duration: 0}
$data merge entity $(bone38) {transformation: [-1f,-0.0054f,0.003f,0.3376f,-0.0062f,0.9007f,-0.4343f,0.3076f,-0.0003f,-0.4343f,-0.9008f,-0.7922f,0f,0f,0f,1f],start_interpolation: 0,interpolation_duration: 0}
$data merge entity $(bone33) {transformation: [-0.9991f,-0.036f,-0.0213f,0.3177f,-0.0418f,0.876f,0.4806f,0.5398f,0.0014f,0.481f,-0.8767f,-0.664f,0f,0f,0f,1f],start_interpolation: 0,interpolation_duration: 0}
$data merge entity $(bone31) {transformation: [-0.9974f,-0.0396f,-0.0601f,0.2802f,-0.0684f,0.2604f,0.9631f,0.6368f,-0.0225f,0.9647f,-0.2624f,0.1949f,0f,0f,0f,1f],start_interpolation: 0,interpolation_duration: 0}
$data merge entity $(bone19) {transformation: [-0.9852f,-0.1682f,0.0325f,0.1713f,-0.1711f,0.974f,-0.1486f,1.2727f,-0.0066f,-0.152f,-0.9884f,-0.0343f,0f,0f,0f,1f],start_interpolation: 0,interpolation_duration: 0}
$data merge entity $(bone44) {transformation: [-0.7978f,0.5285f,0.2904f,-0.1115f,0.1741f,0.6629f,-0.7282f,1.2669f,-0.5773f,-0.5303f,-0.6209f,-0.001f,0f,0f,0f,1f],start_interpolation: 0,interpolation_duration: 0}
$data merge entity $(bone46) {transformation: [-0.8895f,-0.2324f,0.3934f,-0.2884f,0.0634f,0.7899f,0.6099f,0.7855f,-0.4525f,0.5675f,-0.6879f,0.119f,0f,0f,0f,1f],start_interpolation: 0,interpolation_duration: 0}
$data merge entity $(bone50) {transformation: [-0.8713f,-0.1288f,0.4736f,-0.0766f,0.0277f,0.9505f,0.3096f,0.3305f,-0.49f,0.2829f,-0.8246f,-0.5352f,0f,0f,0f,1f],start_interpolation: 0,interpolation_duration: 0}
$data merge entity $(bone49) {transformation: [-0.8713f,-0.3484f,0.3457f,-0.096f,0.0277f,0.6683f,0.7433f,0.4259f,-0.49f,0.6572f,-0.5727f,-0.4161f,0f,0f,0f,1f],start_interpolation: 0,interpolation_duration: 0}
$data merge entity $(bone48) {transformation: [-0.8713f,-0.3905f,0.2973f,-0.134f,0.0277f,0.5656f,0.8242f,0.482f,-0.49f,0.7264f,-0.482f,-0.348f,0f,0f,0f,1f],start_interpolation: 0,interpolation_duration: 0}
$data merge entity $(bone54) {transformation: [-0.9808f,0.1953f,-0.0007f,-0.2561f,-0.0093f,-0.05f,-0.9987f,0.0659f,-0.195f,-0.9795f,0.0509f,0.2177f,0f,0f,0f,1f],start_interpolation: 0,interpolation_duration: 0}
$data merge entity $(bone53) {transformation: [-0.9808f,0.1953f,-0.0007f,-0.2158f,-0.0093f,-0.05f,-0.9987f,0.0586f,-0.195f,-0.9795f,0.0509f,0.0361f,0f,0f,0f,1f],start_interpolation: 0,interpolation_duration: 0}
$data merge entity $(bone52) {transformation: [-0.9808f,0.1953f,-0.0007f,-0.1838f,-0.0093f,-0.05f,-0.9987f,0.048f,-0.195f,-0.9795f,0.0509f,-0.1314f,0f,0f,0f,1f],start_interpolation: 0,interpolation_duration: 0}
$data merge entity $(bone57) {transformation: [-0.7282f,0.6853f,0.0008f,-0.5846f,-0.0111f,-0.0107f,-0.9999f,0.0584f,-0.6853f,-0.7281f,0.0154f,0.0652f,0f,0f,0f,1f],start_interpolation: 0,interpolation_duration: 0}
$data merge entity $(bone56) {transformation: [-0.7282f,0.6853f,0.0008f,-0.4806f,-0.0111f,-0.0107f,-0.9999f,0.0651f,-0.6853f,-0.7281f,0.0154f,-0.1021f,0f,0f,0f,1f],start_interpolation: 0,interpolation_duration: 0}
$data merge entity $(bone55) {transformation: [-0.7282f,0.6853f,0.0008f,-0.3626f,-0.0111f,-0.0107f,-0.9999f,0.0612f,-0.6853f,-0.7281f,0.0154f,-0.2255f,0f,0f,0f,1f],start_interpolation: 0,interpolation_duration: 0}
$data merge entity $(bone60) {transformation: [-0.8809f,0.4721f,-0.0344f,-0.4537f,0.0161f,-0.0427f,-0.999f,0.0733f,-0.4731f,-0.8805f,0.03f,0.1773f,0f,0f,0f,1f],start_interpolation: 0,interpolation_duration: 0}
$data merge entity $(bone59) {transformation: [-0.8809f,0.4721f,-0.0344f,-0.3623f,0.0161f,-0.0427f,-0.999f,0.0667f,-0.4731f,-0.8805f,0.03f,-0.0014f,0f,0f,0f,1f],start_interpolation: 0,interpolation_duration: 0}
$data merge entity $(bone58) {transformation: [-0.8809f,0.4721f,-0.0344f,-0.2672f,0.0161f,-0.0427f,-0.999f,0.0561f,-0.4731f,-0.8805f,0.03f,-0.1762f,0f,0f,0f,1f],start_interpolation: 0,interpolation_duration: 0}
$data merge entity $(bone51) {transformation: [-0.8874f,0.2137f,0.4085f,-0.2275f,0.0472f,0.9235f,-0.3808f,0.3183f,-0.4586f,-0.3186f,-0.8296f,-0.2506f,0f,0f,0f,1f],start_interpolation: 0,interpolation_duration: 0}
$data merge entity $(bone47) {transformation: [-0.8874f,-0.1223f,0.4445f,-0.251f,0.0472f,0.9351f,0.3513f,0.5662f,-0.4586f,0.3327f,-0.824f,-0.1571f,0f,0f,0f,1f],start_interpolation: 0,interpolation_duration: 0}
$data merge entity $(bone45) {transformation: [-0.8895f,-0.2941f,0.3496f,-0.5378f,0.0634f,0.6784f,0.7319f,1.0509f,-0.4525f,0.6732f,-0.5848f,0.4998f,0f,0f,0f,1f],start_interpolation: 0,interpolation_duration: 0}
$data merge entity $(bone43) {transformation: [-0.8408f,0.5105f,0.1801f,-0.1713f,0.1157f,0.4945f,-0.8615f,1.2727f,-0.5289f,-0.7035f,-0.4748f,-0.0343f,0f,0f,0f,1f],start_interpolation: 0,interpolation_duration: 0}