# This file was generated by Animated Java via MC-Build. It is not recommended to edit this file directly.
$data merge entity $(bone5) {transformation: [-0.9947f,-0.1023f,0.0074f,0.3851f,-0.0925f,0.9256f,0.367f,1.4752f,-0.0444f,0.3644f,-0.9302f,0.9745f,0f,0f,0f,1f],start_interpolation: 0,interpolation_duration: 0}
$data merge entity $(bone6) {transformation: [0.0204f,-0.2644f,-0.9642f,0.4944f,-0.4588f,0.8544f,-0.244f,1.2475f,0.8883f,0.4474f,-0.1039f,0.8942f,0f,0f,0f,1f],start_interpolation: 0,interpolation_duration: 0}
$data merge entity $(bone8) {transformation: [-0.2598f,-0.0715f,0.963f,0.641f,-0.0968f,0.9942f,0.0477f,0.566f,-0.9608f,-0.0808f,-0.2652f,0.7431f,0f,0f,0f,1f],start_interpolation: 0,interpolation_duration: 0}
$data merge entity $(bone9) {transformation: [-0.2598f,-0.0715f,0.963f,0.8005f,-0.0968f,0.9942f,0.0477f,0.7398f,-0.9608f,-0.0808f,-0.2652f,0.675f,0f,0f,0f,1f],start_interpolation: 0,interpolation_duration: 0}
$data merge entity $(bone10) {transformation: [-0.2262f,-0.1463f,0.963f,0.623f,-0.3913f,0.919f,0.0477f,0.5564f,-0.892f,-0.366f,-0.2652f,0.7196f,0f,0f,0f,1f],start_interpolation: 0,interpolation_duration: 0}
$data merge entity $(bone12) {transformation: [-0.1744f,-0.5223f,0.8347f,0.7712f,-0.9003f,0.4279f,0.0796f,0.0552f,-0.3988f,-0.7376f,-0.5449f,0.9381f,0f,0f,0f,1f],start_interpolation: 0,interpolation_duration: 0}
$data merge entity $(bone15) {transformation: [0.9859f,-0.1023f,0.1328f,0.3833f,-0.1518f,-0.2095f,0.966f,0.0208f,-0.071f,-0.9725f,-0.222f,0.9914f,0f,0f,0f,1f],start_interpolation: 0,interpolation_duration: 0}
$data merge entity $(bone14) {transformation: [0.96f,-0.1023f,-0.2608f,0.5068f,0.2355f,-0.2095f,0.949f,0.0522f,-0.1517f,-0.9725f,-0.177f,0.9704f,0f,0f,0f,1f],start_interpolation: 0,interpolation_duration: 0}
$data merge entity $(bone13) {transformation: [0.8129f,-0.1023f,-0.5734f,0.6127f,0.5459f,-0.2095f,0.8112f,0.1209f,-0.2031f,-0.9725f,-0.1144f,0.9411f,0f,0f,0f,1f],start_interpolation: 0,interpolation_duration: 0}
$data merge entity $(bone18) {transformation: [-0.0752f,-0.9963f,-0.0407f,0.7549f,0.9393f,-0.0571f,-0.3384f,-0.217f,0.3348f,-0.0637f,0.9401f,1.273f,0f,0f,0f,1f],start_interpolation: 0,interpolation_duration: 0}
$data merge entity $(bone17) {transformation: [-0.0314f,-0.9963f,-0.0796f,0.7487f,0.937f,-0.0571f,0.3446f,-0.0324f,-0.3478f,-0.0637f,0.9354f,1.2045f,0f,0f,0f,1f],start_interpolation: 0,interpolation_duration: 0}
$data merge entity $(bone16) {transformation: [0.0239f,-0.9963f,-0.0821f,0.748f,0.5292f,-0.0571f,0.8466f,0.0436f,-0.8481f,-0.0637f,0.5259f,1.0789f,0f,0f,0f,1f],start_interpolation: 0,interpolation_duration: 0}
$data merge entity $(bone27) {transformation: [-0.8491f,-0.5214f,-0.0848f,1.1923f,-0.0572f,-0.0688f,0.996f,0.0363f,-0.5252f,0.8505f,0.0286f,1.1311f,0f,0f,0f,1f],start_interpolation: 0,interpolation_duration: 0}
$data merge entity $(bone26) {transformation: [-0.837f,-0.5421f,-0.0746f,1.0591f,-0.0535f,-0.0547f,0.9971f,0.0289f,-0.5445f,0.8386f,0.0168f,1.0522f,0f,0f,0f,1f],start_interpolation: 0,interpolation_duration: 0}
$data merge entity $(bone25) {transformation: [-0.8278f,-0.5421f,0.1446f,0.9067f,0.2064f,-0.0547f,0.9769f,0.0643f,-0.5216f,0.8386f,0.1572f,0.9612f,0f,0f,0f,1f],start_interpolation: 0,interpolation_duration: 0}
$data merge entity $(bone30) {transformation: [-0.0216f,-0.8726f,0.4879f,0.9779f,0.9974f,-0.0523f,-0.0494f,-0.2167f,0.0686f,0.4856f,0.8715f,1.2582f,0f,0f,0f,1f],start_interpolation: 0,interpolation_duration: 0}
$data merge entity $(bone29) {transformation: [-0.2663f,-0.8726f,0.4094f,0.9291f,0.8845f,-0.0523f,0.4637f,-0.0422f,-0.3832f,0.4856f,0.7857f,1.1807f,0f,0f,0f,1f],start_interpolation: 0,interpolation_duration: 0}
$data merge entity $(bone28) {transformation: [-0.452f,-0.8726f,0.185f,0.8336f,0.4632f,-0.0523f,0.8847f,0.0498f,-0.7623f,0.4856f,0.4278f,1.0278f,0f,0f,0f,1f],start_interpolation: 0,interpolation_duration: 0}
$data merge entity $(bone7) {transformation: [0.963f,-0.0827f,0.2564f,0.6017f,0.0477f,0.989f,0.1401f,0.9006f,-0.2652f,-0.1227f,0.9564f,0.6978f,0f,0f,0f,1f],start_interpolation: 0,interpolation_duration: 0}
$data merge entity $(bone4) {transformation: [-0.9642f,-0.2651f,0.0074f,0.3501f,-0.244f,0.8976f,0.367f,1.5808f,-0.1039f,0.3521f,-0.9302f,0.988f,0f,0f,0f,1f],start_interpolation: 0,interpolation_duration: 0}
$data merge entity $(bone62) {transformation: [-0.9096f,0.3652f,0.1982f,-0.4162f,0.4109f,0.7199f,0.5594f,1.4998f,0.0616f,0.5902f,-0.8049f,0.9476f,0f,0f,0f,1f],start_interpolation: 0,interpolation_duration: 0}
$data merge entity $(bone63) {transformation: [0.2504f,0.4868f,0.8369f,-0.5861f,0.6234f,0.5802f,-0.5241f,1.349f,-0.7407f,0.653f,-0.1582f,0.8111f,0f,0f,0f,1f],start_interpolation: 0,interpolation_duration: 0}
$data merge entity $(bone65) {transformation: [-0.0345f,0.153f,-0.9876f,-0.8448f,0.2137f,0.9665f,0.1422f,0.7952f,0.9763f,-0.2061f,-0.066f,0.6219f,0f,0f,0f,1f],start_interpolation: 0,interpolation_duration: 0}
$data merge entity $(bone66) {transformation: [-0.0345f,0.153f,-0.9876f,-0.9967f,0.2137f,0.9665f,0.1422f,0.9805f,0.9763f,-0.2061f,-0.066f,0.5685f,0f,0f,0f,1f],start_interpolation: 0,interpolation_duration: 0}
$data merge entity $(bone67) {transformation: [0.0131f,0.1563f,-0.9876f,-0.8334f,0.4944f,0.8575f,0.1422f,0.7814f,0.8691f,-0.4902f,-0.066f,0.5963f,0f,0f,0f,1f],start_interpolation: 0,interpolation_duration: 0}
$data merge entity $(bone69) {transformation: [-0.2608f,0.0709f,-0.9628f,-0.9148f,0.2975f,0.9547f,-0.0102f,0.2198f,0.9184f,-0.2891f,-0.2701f,0.7727f,0f,0f,0f,1f],start_interpolation: 0,interpolation_duration: 0}
$data merge entity $(bone72) {transformation: [0.9271f,0.2502f,0.279f,-0.6291f,-0.3468f,0.2904f,0.8919f,0.1381f,0.1421f,-0.9236f,0.356f,0.7932f,0f,0f,0f,1f],start_interpolation: 0,interpolation_duration: 0}
$data merge entity $(bone71) {transformation: [0.7569f,0.2502f,0.6038f,-0.7257f,-0.6536f,0.2904f,0.6989f,0.2238f,-0.0005f,-0.9236f,0.3833f,0.7926f,0f,0f,0f,1f],start_interpolation: 0,interpolation_duration: 0}
$data merge entity $(bone70) {transformation: [0.5047f,0.2502f,0.8262f,-0.7917f,-0.8532f,0.2904f,0.4333f,0.3345f,-0.1315f,-0.9236f,0.36f,0.806f,0f,0f,0f,1f],start_interpolation: 0,interpolation_duration: 0}
$data merge entity $(bone81) {transformation: [0.1305f,0.991f,0.0311f,-0.8043f,-0.3187f,0.0123f,0.9478f,-0.0547f,0.9388f,-0.1336f,0.3174f,1.138f,0f,0f,0f,1f],start_interpolation: 0,interpolation_duration: 0}
$data merge entity $(bone80) {transformation: [0.1035f,0.991f,0.0854f,-0.8246f,-0.7039f,0.0123f,0.7102f,0.0839f,0.7027f,-0.1336f,0.6988f,0.9996f,0f,0f,0f,1f],start_interpolation: 0,interpolation_duration: 0}
$data merge entity $(bone73) {transformation: [0.1274f,0.991f,0.042f,-0.8391f,-0.3978f,0.0123f,0.9174f,0.1408f,0.9086f,-0.1336f,0.3958f,0.8651f,0f,0f,0f,1f],start_interpolation: 0,interpolation_duration: 0}
$data merge entity $(bone84) {transformation: [-0.714f,0.6936f,0.0949f,-1.2555f,0.1052f,-0.0277f,0.9941f,0.0297f,0.6922f,0.7198f,-0.0531f,1.0198f,0f,0f,0f,1f],start_interpolation: 0,interpolation_duration: 0}
$data merge entity $(bone83) {transformation: [-0.6854f,0.711f,-0.1573f,-1.145f,-0.2307f,-0.0071f,0.973f,0.0665f,0.6906f,0.7032f,0.1689f,0.9176f,0f,0f,0f,1f],start_interpolation: 0,interpolation_duration: 0}
$data merge entity $(bone82) {transformation: [-0.6213f,0.711f,-0.3294f,-1.029f,-0.4747f,-0.0071f,0.8801f,0.1509f,0.6234f,0.7032f,0.3419f,0.8073f,0f,0f,0f,1f],start_interpolation: 0,interpolation_duration: 0}
$data merge entity $(bone103) {transformation: [-0.2954f,0.9493f,-0.1076f,-1.0399f,-0.3013f,0.0143f,0.9534f,-0.0653f,0.9066f,0.3141f,0.2818f,1.1639f,0f,0f,0f,1f],start_interpolation: 0,interpolation_duration: 0}
$data merge entity $(bone102) {transformation: [-0.2373f,0.9493f,-0.2063f,-0.9972f,-0.623f,0.0143f,0.7821f,0.0574f,0.7454f,0.3141f,0.588f,1.0157f,0f,0f,0f,1f],start_interpolation: 0,interpolation_duration: 0}
$data merge entity $(bone85) {transformation: [-0.2833f,0.9493f,-0.1364f,-0.9355f,-0.3945f,0.0143f,0.9188f,0.1358f,0.8741f,0.3141f,0.3705f,0.8395f,0f,0f,0f,1f],start_interpolation: 0,interpolation_duration: 0}
$data merge entity $(bone64) {transformation: [0.9876f,0.1543f,-0.0278f,-0.7824f,-0.1422f,0.9563f,0.2556f,1.1169f,0.066f,-0.2485f,0.9664f,0.5317f,0f,0f,0f,1f],start_interpolation: 0,interpolation_duration: 0}
$data merge entity $(bone61) {transformation: [-0.8369f,0.5103f,0.1982f,-0.3501f,0.5241f,0.6422f,0.5594f,1.5808f,0.1582f,0.572f,-0.8049f,0.988f,0f,0f,0f,1f],start_interpolation: 0,interpolation_duration: 0}
$data merge entity $(bone23) {transformation: [-0.7934f,-0.6088f,0f,0.1071f,-0.0745f,0.097f,0.9925f,1.5033f,-0.6042f,0.7874f,-0.1223f,1.0106f,0f,0f,0f,1f],start_interpolation: 0,interpolation_duration: 0}
$data merge entity $(bone22) {transformation: [-0.7934f,0.6088f,0f,-0.1071f,0.0745f,0.097f,0.9925f,1.5033f,0.6042f,0.7874f,-0.1223f,1.0106f,0f,0f,0f,1f],start_interpolation: 0,interpolation_duration: 0}
$data merge entity $(bone89) {transformation: [-1f,0.0072f,0.0007f,0.002f,0.0054f,0.6899f,0.7239f,2.1988f,0.0047f,0.7238f,-0.6899f,1.4775f,0f,0f,0f,1f],start_interpolation: 0,interpolation_duration: 0}
$data merge entity $(bone90) {transformation: [-1f,0.0069f,0.0019f,0.0013f,0.0054f,0.5537f,0.8327f,2.1364f,0.0047f,0.8327f,-0.5538f,1.3993f,0f,0f,0f,1f],start_interpolation: 0,interpolation_duration: 0}
$data merge entity $(bone88) {transformation: [-1f,0.0071f,0.0013f,0.0312f,0.0054f,0.6242f,0.7812f,1.9957f,0.0047f,0.7812f,-0.6242f,1.2835f,0f,0f,0f,1f],start_interpolation: 0,interpolation_duration: 0}
$data merge entity $(bone42) {transformation: [-1f,0f,0f,0f,0f,0.7502f,0.6613f,1.7014f,0f,0.6613f,-0.7502f,1.6891f,0f,0f,0f,1f],start_interpolation: 0,interpolation_duration: 0}
$data merge entity $(bone87) {transformation: [-0.9998f,0.0157f,-0.0096f,-0.0044f,0.003f,0.6518f,0.7584f,1.2514f,0.0182f,0.7582f,-0.6517f,2.2457f,0f,0f,0f,1f],start_interpolation: 0,interpolation_duration: 0}
$data merge entity $(bone86) {transformation: [-1f,0f,0f,0f,0f,0.7326f,0.6807f,1.4031f,0f,0.6807f,-0.7326f,2.0751f,0f,0f,0f,1f],start_interpolation: 0,interpolation_duration: 0}
$data merge entity $(bone92) {transformation: [-0.8818f,0.2593f,-0.3939f,0.1194f,-0.0638f,0.762f,0.6444f,1.7744f,0.4673f,0.5934f,-0.6554f,1.7287f,0f,0f,0f,1f],start_interpolation: 0,interpolation_duration: 0}
$data merge entity $(bone3) {transformation: [-0.8818f,-0.2593f,0.3939f,-0.1194f,0.0638f,0.762f,0.6444f,1.7744f,-0.4673f,0.5934f,-0.6554f,1.7287f,0f,0f,0f,1f],start_interpolation: 0,interpolation_duration: 0}
$data merge entity $(head) {transformation: [-1f,0f,0f,0f,0f,0.7672f,0.6414f,1.6961f,0f,0.6414f,-0.7672f,1.5054f,0f,0f,0f,1f],start_interpolation: 0,interpolation_duration: 0}
$data merge entity $(neck) {transformation: [-1f,0f,0f,0f,0f,0.5751f,0.8181f,1.5991f,0f,0.8181f,-0.5751f,1.3674f,0f,0f,0f,1f],start_interpolation: 0,interpolation_duration: 0}
$data merge entity $(bone2) {transformation: [-1f,0f,0f,0f,0f,0.1223f,0.9925f,1.5395f,0f,0.9925f,-0.1223f,1.055f,0f,0f,0f,1f],start_interpolation: 0,interpolation_duration: 0}
$data merge entity $(bone136) {transformation: [-1f,0f,0f,0f,0f,0.1741f,1.0602f,1.5229f,0f,0.9847f,-0.1874f,0.8591f,0f,0f,0f,1f],start_interpolation: 0,interpolation_duration: 0}
$data merge entity $(bone118) {transformation: [-0.0604f,-0.849f,-0.5249f,0.2556f,0.9926f,-0.1066f,0.0582f,1.6852f,-0.1054f,-0.5175f,0.8492f,0.7765f,0f,0f,0f,1f],start_interpolation: 0,interpolation_duration: 0}
$data merge entity $(bone119) {transformation: [-0.124f,-0.849f,-0.5136f,0.7366f,0.9923f,-0.1066f,-0.0632f,1.708f,-0.0011f,-0.5175f,0.8557f,-0.0289f,0f,0f,0f,1f],start_interpolation: 0,interpolation_duration: 0}
$data merge entity $(bone120) {transformation: [-0.4994f,-0.849f,0.1726f,1.6083f,-0.158f,-0.1066f,-0.9817f,0.9747f,0.8518f,-0.5175f,-0.0809f,0.6411f,0f,0f,0f,1f],start_interpolation: 0,interpolation_duration: 0}
$data merge entity $(bone121) {transformation: [0f,0f,0f,0.9908f,0f,0f,0f,1.8091f,0f,0f,0f,-0.4551f,0f,0f,0f,1f],start_interpolation: 0,interpolation_duration: 0}
$data merge entity $(bone123) {transformation: [0.0711f,-1.731f,-1.0618f,0.892f,1.9779f,-0.1818f,0.4287f,1.2854f,-0.4602f,-1.0486f,1.6786f,2.4222f,0f,0f,0f,1f],start_interpolation: 0,interpolation_duration: 0}
$data merge entity $(bone124) {transformation: [-0.1015f,-0.8519f,-0.5138f,0.7504f,0.9948f,-0.0895f,-0.0481f,2.666f,-0.005f,-0.516f,0.8566f,-0.2572f,0f,0f,0f,1f],start_interpolation: 0,interpolation_duration: 0}
$data merge entity $(bone122) {transformation: [-0.3559f,-1.3126f,-0.7242f,0.5742f,1.4614f,-0.1378f,-0.4684f,2.6575f,0.3342f,-0.7951f,1.2768f,0.0336f,0f,0f,0f,1f],start_interpolation: 0,interpolation_duration: 0}
$data merge entity $(bone126) {transformation: [0.2878f,-0.8519f,-0.4376f,1.1519f,0.7433f,-0.0895f,0.6629f,1.9332f,-0.6039f,-0.516f,0.6075f,-0.7919f,0f,0f,0f,1f],start_interpolation: 0,interpolation_duration: 0}
$data merge entity $(bone127) {transformation: [0.1647f,-0.8519f,-0.4972f,0.8138f,0.8896f,-0.0895f,0.448f,2.3449f,-0.4261f,-0.516f,0.7431f,-0.3062f,0f,0f,0f,1f],start_interpolation: 0,interpolation_duration: 0}
$data merge entity $(bone125) {transformation: [0.0426f,-1.1942f,-0.733f,0.649f,1.3671f,-0.1254f,0.2838f,2.5112f,-0.3074f,-0.7234f,1.1608f,-0.0556f,0f,0f,0f,1f],start_interpolation: 0,interpolation_duration: 0}
$data merge entity $(bone129) {transformation: [1.0398f,-1.5886f,-0.1772f,0.4899f,0.0445f,-0.1668f,2.0055f,3.83f,-1.7243f,-0.9623f,-0.0551f,2.6448f,0f,0f,0f,1f],start_interpolation: 0,interpolation_duration: 0}
$data merge entity $(bone130) {transformation: [0.5389f,-0.8519f,-0.1717f,0.8523f,0.1733f,-0.0895f,1.0616f,1.5099f,-0.9197f,-0.516f,0.0994f,-0.225f,0f,0f,0f,1f],start_interpolation: 0,interpolation_duration: 0}
$data merge entity $(bone131) {transformation: [0.4652f,-0.8519f,-0.3218f,0.7154f,0.4761f,-0.0895f,0.9646f,2.0934f,-0.8505f,-0.516f,0.364f,-0.1002f,0f,0f,0f,1f],start_interpolation: 0,interpolation_duration: 0}
$data merge entity $(bone128) {transformation: [0.3859f,-0.8981f,-0.4546f,0.6121f,0.748f,-0.0943f,0.8523f,2.3998f,-0.7668f,-0.544f,0.6027f,0.0066f,0f,0f,0f,1f],start_interpolation: 0,interpolation_duration: 0}
$data merge entity $(bone132) {transformation: [-0.2019f,-0.8519f,-0.4833f,0.4908f,0.9653f,-0.0895f,-0.2455f,2.5392f,0.1659f,-0.516f,0.8403f,0.2054f,0f,0f,0f,1f],start_interpolation: 0,interpolation_duration: 0}
$data merge entity $(bone133) {transformation: [-0.353f,-1.4462f,-0.7138f,0.5565f,1.6879f,-0.1519f,-0.3626f,2.5548f,0.2901f,-0.8761f,1.2412f,0.106f,0f,0f,0f,1f],start_interpolation: 0,interpolation_duration: 0}
$data merge entity $(w5) {transformation: [-0.2019f,-0.8519f,-0.4833f,0.5637f,0.9653f,-0.0895f,-0.2455f,2.4881f,0.1659f,-0.516f,0.8403f,0.1186f,0f,0f,0f,1f],start_interpolation: 0,interpolation_duration: 0}
$data merge entity $(w2) {transformation: [-0.5081f,-0.849f,-0.145f,0.7104f,0.4336f,-0.1066f,-0.8948f,1.7244f,0.7442f,-0.5175f,0.4223f,-0.0124f,0f,0f,0f,1f],start_interpolation: 0,interpolation_duration: 0}
$data merge entity $(wing3) {transformation: [-0.0604f,-0.849f,-0.5249f,0.2175f,0.9926f,-0.1066f,0.0582f,1.7893f,-0.1054f,-0.5175f,0.8492f,0.7828f,0f,0f,0f,1f],start_interpolation: 0,interpolation_duration: 0}
$data merge entity $(bone104) {transformation: [-0.0604f,0.849f,0.5249f,-0.2556f,-0.9926f,-0.1066f,0.0582f,1.6852f,0.1054f,-0.5175f,0.8492f,0.7765f,0f,0f,0f,1f],start_interpolation: 0,interpolation_duration: 0}
$data merge entity $(bone105) {transformation: [-0.124f,0.849f,0.5136f,-0.7366f,-0.9923f,-0.1066f,-0.0632f,1.708f,0.0011f,-0.5175f,0.8557f,-0.0289f,0f,0f,0f,1f],start_interpolation: 0,interpolation_duration: 0}
$data merge entity $(bone106) {transformation: [-0.4994f,0.849f,-0.1726f,-1.6083f,0.158f,-0.1066f,-0.9817f,0.9747f,-0.8518f,-0.5175f,-0.0809f,0.6411f,0f,0f,0f,1f],start_interpolation: 0,interpolation_duration: 0}
$data merge entity $(bone107) {transformation: [0f,0f,0f,-0.9908f,0f,0f,0f,1.8091f,0f,0f,0f,-0.4551f,0f,0f,0f,1f],start_interpolation: 0,interpolation_duration: 0}
$data merge entity $(bone109) {transformation: [0.0838f,1.731f,0.9993f,-0.9269f,-1.8122f,-0.1818f,0.3687f,1.3926f,0.4525f,-1.0486f,1.5858f,2.3458f,0f,0f,0f,1f],start_interpolation: 0,interpolation_duration: 0}
$data merge entity $(bone110) {transformation: [-0.0875f,0.8519f,0.4857f,-0.7407f,-0.9084f,-0.0895f,-0.0556f,2.6692f,0.0131f,-0.516f,0.8115f,-0.2418f,0f,0f,0f,1f],start_interpolation: 0,interpolation_duration: 0}
$data merge entity $(bone108) {transformation: [-0.3239f,1.3126f,0.688f,-0.5742f,-1.3299f,-0.1378f,-0.4449f,2.6575f,-0.3041f,-0.7951f,1.2129f,0.0336f,0f,0f,0f,1f],start_interpolation: 0,interpolation_duration: 0}
$data merge entity $(bone112) {transformation: [0.2878f,0.8519f,0.4376f,-1.1519f,-0.7433f,-0.0895f,0.6629f,1.9332f,0.6039f,-0.516f,0.6075f,-0.7919f,0f,0f,0f,1f],start_interpolation: 0,interpolation_duration: 0}
$data merge entity $(bone113) {transformation: [0.1647f,0.8519f,0.4972f,-0.8138f,-0.8896f,-0.0895f,0.448f,2.3449f,0.4261f,-0.516f,0.7431f,-0.3062f,0f,0f,0f,1f],start_interpolation: 0,interpolation_duration: 0}
$data merge entity $(bone111) {transformation: [0.0426f,1.1942f,0.733f,-0.649f,-1.3671f,-0.1254f,0.2838f,2.5112f,0.3074f,-0.7234f,1.1608f,-0.0556f,0f,0f,0f,1f],start_interpolation: 0,interpolation_duration: 0}
$data merge entity $(bone115) {transformation: [1.0398f,1.5886f,0.1772f,-0.4899f,-0.0445f,-0.1668f,2.0055f,3.83f,1.7243f,-0.9623f,-0.0551f,2.6448f,0f,0f,0f,1f],start_interpolation: 0,interpolation_duration: 0}
$data merge entity $(bone116) {transformation: [0.5389f,0.8519f,0.1717f,-0.8523f,-0.1733f,-0.0895f,1.0616f,1.5099f,0.9197f,-0.516f,0.0994f,-0.225f,0f,0f,0f,1f],start_interpolation: 0,interpolation_duration: 0}
$data merge entity $(bone117) {transformation: [0.4652f,0.8519f,0.3218f,-0.7154f,-0.4761f,-0.0895f,0.9646f,2.0934f,0.8505f,-0.516f,0.364f,-0.1002f,0f,0f,0f,1f],start_interpolation: 0,interpolation_duration: 0}
$data merge entity $(bone114) {transformation: [0.3859f,0.8981f,0.4546f,-0.6121f,-0.748f,-0.0943f,0.8523f,2.3998f,0.7668f,-0.544f,0.6027f,0.0066f,0f,0f,0f,1f],start_interpolation: 0,interpolation_duration: 0}
$data merge entity $(bone134) {transformation: [-0.2019f,0.8519f,0.4833f,-0.4908f,-0.9653f,-0.0895f,-0.2455f,2.5392f,-0.1659f,-0.516f,0.8403f,0.2054f,0f,0f,0f,1f],start_interpolation: 0,interpolation_duration: 0}
$data merge entity $(bone135) {transformation: [-0.353f,1.4462f,0.7138f,-0.5565f,-1.6879f,-0.1519f,-0.3626f,2.5548f,-0.2901f,-0.8761f,1.2412f,0.106f,0f,0f,0f,1f],start_interpolation: 0,interpolation_duration: 0}
$data merge entity $(w4) {transformation: [-0.2019f,0.8519f,0.4833f,-0.5637f,-0.9653f,-0.0895f,-0.2455f,2.4881f,-0.1659f,-0.516f,0.8403f,0.1186f,0f,0f,0f,1f],start_interpolation: 0,interpolation_duration: 0}
$data merge entity $(w3) {transformation: [-0.5081f,0.849f,0.145f,-0.7104f,-0.4336f,-0.1066f,-0.8948f,1.7244f,-0.7442f,-0.5175f,0.4223f,-0.0124f,0f,0f,0f,1f],start_interpolation: 0,interpolation_duration: 0}
$data merge entity $(wing2) {transformation: [-0.0604f,0.849f,0.5249f,-0.2175f,-0.9926f,-0.1066f,0.0582f,1.7893f,0.1054f,-0.5175f,0.8492f,0.7828f,0f,0f,0f,1f],start_interpolation: 0,interpolation_duration: 0}
$data merge entity $(bone20) {transformation: [-1f,0f,0f,-0.1563f,0f,-0.1818f,0.9833f,1.5464f,0f,0.9833f,0.1818f,0.3246f,0f,0f,0f,1f],start_interpolation: 0,interpolation_duration: 0}
$data merge entity $(bone101) {transformation: [-1f,0f,0f,0f,0f,-0.491f,0.8712f,1.1576f,0f,0.8712f,0.491f,-2.6667f,0f,0f,0f,1f],start_interpolation: 0,interpolation_duration: 0}
$data merge entity $(bone100) {transformation: [-1f,0f,0f,0f,0f,0.0774f,0.997f,0.7063f,0f,0.997f,-0.0774f,-2.6254f,0f,0f,0f,1f],start_interpolation: 0,interpolation_duration: 0}
$data merge entity $(bone99) {transformation: [-1f,0f,0f,0f,0f,0.5218f,0.8531f,0.2745f,0f,0.8531f,-0.5218f,-2.3613f,0f,0f,0f,1f],start_interpolation: 0,interpolation_duration: 0}
$data merge entity $(bone98) {transformation: [-1f,0f,0f,0f,0f,0.895f,0.4461f,0.0542f,0f,0.4461f,-0.895f,-1.9194f,0f,0f,0f,1f],start_interpolation: 0,interpolation_duration: 0}
$data merge entity $(bone97) {transformation: [-1f,0f,0f,0f,0f,0.9885f,-0.1509f,0.1315f,0f,-0.1509f,-0.9885f,-1.4127f,0f,0f,0f,1f],start_interpolation: 0,interpolation_duration: 0}
$data merge entity $(bone96) {transformation: [-1f,0f,0f,0f,0f,0.8556f,-0.5177f,0.3904f,0f,-0.5177f,-0.8556f,-0.985f,0f,0f,0f,1f],start_interpolation: 0,interpolation_duration: 0}
$data merge entity $(bone95) {transformation: [-1f,0f,0f,0f,0f,0.6603f,-0.751f,0.7612f,0f,-0.751f,-0.6603f,-0.659f,0f,0f,0f,1f],start_interpolation: 0,interpolation_duration: 0}
$data merge entity $(bone94) {transformation: [-1f,0f,0f,0f,0f,0.5923f,-0.8057f,1.159f,0f,-0.8057f,-0.5923f,-0.3665f,0f,0f,0f,1f],start_interpolation: 0,interpolation_duration: 0}
$data merge entity $(bone93) {transformation: [-1f,0f,0f,0f,0f,0.7232f,-0.6906f,1.4202f,0f,-0.6906f,-0.7232f,-0.093f,0f,0f,0f,1f],start_interpolation: 0,interpolation_duration: 0}
$data merge entity $(bone) {transformation: [-1f,0f,0f,0f,0f,0.5373f,0.8434f,1.3279f,0f,0.8434f,-0.5373f,-0.0343f,0f,0f,0f,1f],start_interpolation: 0,interpolation_duration: 0}
$data merge entity $(bone24) {transformation: [-0.9666f,-0.2564f,-0.0053f,0.1031f,-0.2562f,0.9642f,0.0692f,1.2692f,-0.0126f,0.0682f,-0.9976f,-0.0354f,0f,0f,0f,1f],start_interpolation: 0,interpolation_duration: 0}
$data merge entity $(bone32) {transformation: [-0.9974f,-0.0499f,-0.0523f,0.2276f,-0.0685f,0.4223f,0.9039f,0.6125f,-0.023f,0.9051f,-0.4246f,-0.3251f,0f,0f,0f,1f],start_interpolation: 0,interpolation_duration: 0}
$data merge entity $(bone36) {transformation: [-0.9989f,-0.0267f,-0.0393f,0.3373f,-0.0261f,0.9996f,-0.0143f,0.2841f,0.0396f,-0.0133f,-0.9991f,-1.0265f,0f,0f,0f,1f],start_interpolation: 0,interpolation_duration: 0}
$data merge entity $(bone35) {transformation: [-0.9989f,-0.0034f,-0.0474f,0.2982f,-0.0261f,0.8728f,0.4874f,0.411f,0.0396f,0.4881f,-0.8719f,-0.9489f,0f,0f,0f,1f],start_interpolation: 0,interpolation_duration: 0}
$data merge entity $(bone34) {transformation: [-0.9989f,0.0028f,-0.0474f,0.2997f,-0.0261f,0.8017f,0.5971f,0.4892f,0.0396f,0.5977f,-0.8007f,-0.8932f,0f,0f,0f,1f],start_interpolation: 0,interpolation_duration: 0}
$data merge entity $(bone77) {transformation: [-0.9317f,0.3623f,-0.0253f,0.1058f,0.0016f,-0.0656f,-0.9978f,0.0698f,-0.3632f,-0.9298f,0.0606f,-0.3583f,0f,0f,0f,1f],start_interpolation: 0,interpolation_duration: 0}
$data merge entity $(bone75) {transformation: [-0.9317f,0.3623f,-0.0253f,0.1696f,0.0016f,-0.0656f,-0.9978f,0.0596f,-0.3632f,-0.9298f,0.0606f,-0.5329f,0f,0f,0f,1f],start_interpolation: 0,interpolation_duration: 0}
$data merge entity $(bone39) {transformation: [-0.9317f,0.3623f,-0.0253f,0.2327f,0.0016f,-0.0656f,-0.9978f,0.0463f,-0.3632f,-0.9298f,0.0606f,-0.691f,0f,0f,0f,1f],start_interpolation: 0,interpolation_duration: 0}
$data merge entity $(bone76) {transformation: [-0.9622f,-0.2721f,-0.0106f,0.4979f,0.0168f,-0.0206f,-0.9996f,0.0518f,0.2718f,-0.962f,0.0244f,-0.3325f,0f,0f,0f,1f],start_interpolation: 0,interpolation_duration: 0}
$data merge entity $(bone74) {transformation: [-0.9622f,-0.2721f,-0.0106f,0.4829f,0.0168f,-0.0206f,-0.9996f,0.0564f,0.2718f,-0.962f,0.0244f,-0.529f,0f,0f,0f,1f],start_interpolation: 0,interpolation_duration: 0}
$data merge entity $(bone40) {transformation: [-0.9622f,-0.2721f,-0.0106f,0.4351f,0.0168f,-0.0206f,-0.9996f,0.0508f,0.2718f,-0.962f,0.0244f,-0.6928f,0f,0f,0f,1f],start_interpolation: 0,interpolation_duration: 0}
$data merge entity $(bone79) {transformation: [-0.9995f,0.0328f,0.0037f,0.3118f,-0.0044f,-0.0215f,-0.9998f,0.059f,-0.0327f,-0.9992f,0.0216f,-0.2932f,0f,0f,0f,1f],start_interpolation: 0,interpolation_duration: 0}
$data merge entity $(bone78) {transformation: [-0.9995f,0.0328f,0.0037f,0.3224f,-0.0044f,-0.0215f,-0.9998f,0.0567f,-0.0327f,-0.9992f,0.0216f,-0.4937f,0f,0f,0f,1f],start_interpolation: 0,interpolation_duration: 0}
$data merge entity $(bone41) {transformation: [-0.9995f,0.0328f,0.0037f,0.3276f,-0.0044f,-0.0215f,-0.9998f,0.0503f,-0.0327f,-0.9992f,0.0216f,-0.6928f,0f,0f,0f,1f],start_interpolation: 0,interpolation_duration: 0}
$data merge entity $(bone38) {transformation: [-1f,-0.0042f,0.0015f,0.3377f,-0.0044f,0.9043f,-0.4268f,0.3078f,0.0005f,-0.4268f,-0.9043f,-0.7901f,0f,0f,0f,1f],start_interpolation: 0,interpolation_duration: 0}
$data merge entity $(bone33) {transformation: [-0.9992f,-0.0341f,-0.0212f,0.3184f,-0.0401f,0.872f,0.4879f,0.5389f,0.0018f,0.4883f,-0.8727f,-0.6599f,0f,0f,0f,1f],start_interpolation: 0,interpolation_duration: 0}
$data merge entity $(bone31) {transformation: [-0.9974f,-0.0406f,-0.0598f,0.28f,-0.0685f,0.2673f,0.9612f,0.6421f,-0.023f,0.9628f,-0.2694f,0.1983f,0f,0f,0f,1f],start_interpolation: 0,interpolation_duration: 0}
$data merge entity $(bone19) {transformation: [-0.9852f,-0.168f,0.0333f,0.1713f,-0.1711f,0.9732f,-0.1537f,1.2768f,-0.0066f,-0.1571f,-0.9876f,-0.0343f,0f,0f,0f,1f],start_interpolation: 0,interpolation_duration: 0}
$data merge entity $(bone44) {transformation: [-0.7979f,0.527f,0.2927f,-0.1115f,0.1745f,0.6667f,-0.7246f,1.271f,-0.577f,-0.5271f,-0.6239f,-0.001f,0f,0f,0f,1f],start_interpolation: 0,interpolation_duration: 0}
$data merge entity $(bone46) {transformation: [-0.8894f,-0.2328f,0.3933f,-0.2879f,0.0629f,0.79f,0.6099f,0.7863f,-0.4527f,0.5672f,-0.688f,0.118f,0f,0f,0f,1f],start_interpolation: 0,interpolation_duration: 0}
$data merge entity $(bone50) {transformation: [-0.8712f,-0.1284f,0.4739f,-0.076f,0.0272f,0.9511f,0.3076f,0.3304f,-0.4902f,0.2808f,-0.8251f,-0.5357f,0f,0f,0f,1f],start_interpolation: 0,interpolation_duration: 0}
$data merge entity $(bone49) {transformation: [-0.8712f,-0.3481f,0.3462f,-0.0954f,0.0272f,0.6699f,0.7419f,0.426f,-0.4902f,0.6558f,-0.5742f,-0.4168f,0f,0f,0f,1f],start_interpolation: 0,interpolation_duration: 0}
$data merge entity $(bone48) {transformation: [-0.8712f,-0.3903f,0.2978f,-0.1334f,0.0272f,0.5673f,0.823f,0.4822f,-0.4902f,0.7251f,-0.4837f,-0.3488f,0f,0f,0f,1f],start_interpolation: 0,interpolation_duration: 0}
$data merge entity $(bone54) {transformation: [-0.9807f,0.1955f,0.0017f,-0.2558f,-0.0112f,-0.0475f,-0.9988f,0.0657f,-0.1952f,-0.9796f,0.0488f,0.2178f,0f,0f,0f,1f],start_interpolation: 0,interpolation_duration: 0}
$data merge entity $(bone53) {transformation: [-0.9807f,0.1955f,0.0017f,-0.2155f,-0.0112f,-0.0475f,-0.9988f,0.0589f,-0.1952f,-0.9796f,0.0488f,0.0362f,0f,0f,0f,1f],start_interpolation: 0,interpolation_duration: 0}
$data merge entity $(bone52) {transformation: [-0.9807f,0.1955f,0.0017f,-0.1834f,-0.0112f,-0.0475f,-0.9988f,0.0487f,-0.1952f,-0.9796f,0.0488f,-0.1313f,0f,0f,0f,1f],start_interpolation: 0,interpolation_duration: 0}
$data merge entity $(bone57) {transformation: [-0.7281f,0.6855f,0.0024f,-0.5842f,-0.0121f,-0.0094f,-0.9999f,0.0587f,-0.6854f,-0.728f,0.0152f,0.0652f,0f,0f,0f,1f],start_interpolation: 0,interpolation_duration: 0}
$data merge entity $(bone56) {transformation: [-0.7281f,0.6855f,0.0024f,-0.4802f,-0.0121f,-0.0094f,-0.9999f,0.0655f,-0.6854f,-0.728f,0.0152f,-0.102f,0f,0f,0f,1f],start_interpolation: 0,interpolation_duration: 0}
$data merge entity $(bone55) {transformation: [-0.7281f,0.6855f,0.0024f,-0.3622f,-0.0121f,-0.0094f,-0.9999f,0.0618f,-0.6854f,-0.728f,0.0152f,-0.2254f,0f,0f,0f,1f],start_interpolation: 0,interpolation_duration: 0}
$data merge entity $(bone60) {transformation: [-0.8808f,0.4724f,-0.0331f,-0.4534f,0.0156f,-0.0409f,-0.999f,0.0732f,-0.4733f,-0.8804f,0.0287f,0.1773f,0f,0f,0f,1f],start_interpolation: 0,interpolation_duration: 0}
$data merge entity $(bone59) {transformation: [-0.8808f,0.4724f,-0.0331f,-0.362f,0.0156f,-0.0409f,-0.999f,0.0671f,-0.4733f,-0.8804f,0.0287f,-0.0014f,0f,0f,0f,1f],start_interpolation: 0,interpolation_duration: 0}
$data merge entity $(bone58) {transformation: [-0.8808f,0.4724f,-0.0331f,-0.2668f,0.0156f,-0.0409f,-0.999f,0.0568f,-0.4733f,-0.8804f,0.0287f,-0.1761f,0f,0f,0f,1f],start_interpolation: 0,interpolation_duration: 0}
$data merge entity $(bone51) {transformation: [-0.8873f,0.2143f,0.4084f,-0.2269f,0.0467f,0.9227f,-0.3827f,0.3188f,-0.4588f,-0.3205f,-0.8287f,-0.251f,0f,0f,0f,1f],start_interpolation: 0,interpolation_duration: 0}
$data merge entity $(bone47) {transformation: [-0.8873f,-0.1218f,0.4448f,-0.2504f,0.0467f,0.9358f,0.3493f,0.5669f,-0.4588f,0.3307f,-0.8247f,-0.1581f,0f,0f,0f,1f],start_interpolation: 0,interpolation_duration: 0}
$data merge entity $(bone45) {transformation: [-0.8894f,-0.2946f,0.3495f,-0.5375f,0.0629f,0.6785f,0.7319f,1.0516f,-0.4527f,0.673f,-0.5849f,0.4986f,0f,0f,0f,1f],start_interpolation: 0,interpolation_duration: 0}
$data merge entity $(bone43) {transformation: [-0.8408f,0.5096f,0.1828f,-0.1713f,0.1157f,0.4989f,-0.8589f,1.2768f,-0.5289f,-0.701f,-0.4784f,-0.0343f,0f,0f,0f,1f],start_interpolation: 0,interpolation_duration: 0}