# This file was generated by Animated Java via MC-Build. It is not recommended to edit this file directly.
$data merge entity $(bone5) {transformation: [-0.9947f,-0.1023f,0.0079f,0.385f,-0.0924f,0.9265f,0.3647f,1.4796f,-0.0446f,0.362f,-0.9311f,0.9747f,0f,0f,0f,1f],start_interpolation: 0,interpolation_duration: 0}
$data merge entity $(bone6) {transformation: [0.0199f,-0.2644f,-0.9642f,0.4944f,-0.4566f,0.8555f,-0.244f,1.2517f,0.8895f,0.4451f,-0.1037f,0.8951f,0f,0f,0f,1f],start_interpolation: 0,interpolation_duration: 0}
$data merge entity $(bone8) {transformation: [-0.2596f,-0.0703f,0.9631f,0.6406f,-0.0949f,0.9944f,0.047f,0.5696f,-0.961f,-0.0792f,-0.2648f,0.7444f,0f,0f,0f,1f],start_interpolation: 0,interpolation_duration: 0}
$data merge entity $(bone9) {transformation: [-0.2596f,-0.0703f,0.9631f,0.8003f,-0.0949f,0.9944f,0.047f,0.7433f,-0.961f,-0.0792f,-0.2648f,0.6766f,0f,0f,0f,1f],start_interpolation: 0,interpolation_duration: 0}
$data merge entity $(bone10) {transformation: [-0.2265f,-0.1451f,0.9631f,0.6226f,-0.3895f,0.9198f,0.047f,0.56f,-0.8927f,-0.3645f,-0.2648f,0.7208f,0f,0f,0f,1f],start_interpolation: 0,interpolation_duration: 0}
$data merge entity $(bone12) {transformation: [-0.1768f,-0.5212f,0.8349f,0.77f,-0.8982f,0.4322f,0.0796f,0.0579f,-0.4023f,-0.7359f,-0.5446f,0.9383f,0f,0f,0f,1f],start_interpolation: 0,interpolation_duration: 0}
$data merge entity $(bone15) {transformation: [0.9858f,-0.1027f,0.133f,0.3837f,-0.1518f,-0.205f,0.9669f,0.0208f,-0.072f,-0.9734f,-0.2177f,0.992f,0f,0f,0f,1f],start_interpolation: 0,interpolation_duration: 0}
$data merge entity $(bone14) {transformation: [0.9566f,-0.1027f,-0.2728f,0.5067f,0.248f,-0.205f,0.9468f,0.0538f,-0.1531f,-0.9734f,-0.1706f,0.9708f,0f,0f,0f,1f],start_interpolation: 0,interpolation_duration: 0}
$data merge entity $(bone13) {transformation: [0.8056f,-0.1027f,-0.5835f,0.6117f,0.5569f,-0.205f,0.8049f,0.1239f,-0.2022f,-0.9734f,-0.108f,0.9416f,0f,0f,0f,1f],start_interpolation: 0,interpolation_duration: 0}
$data merge entity $(bone18) {transformation: [-0.0733f,-0.9964f,-0.0416f,0.7532f,0.959f,-0.059f,-0.2772f,-0.2031f,0.2737f,-0.0602f,0.9599f,1.2889f,0f,0f,0f,1f],start_interpolation: 0,interpolation_duration: 0}
$data merge entity $(bone17) {transformation: [-0.0294f,-0.9964f,-0.079f,0.7474f,0.9128f,-0.059f,0.4041f,-0.0232f,-0.4073f,-0.0602f,0.9113f,1.2086f,0f,0f,0f,1f],start_interpolation: 0,interpolation_duration: 0}
$data merge entity $(bone16) {transformation: [0.0244f,-0.9964f,-0.0806f,0.7468f,0.482f,-0.059f,0.8742f,0.0457f,-0.8758f,-0.0602f,0.4788f,1.0791f,0f,0f,0f,1f],start_interpolation: 0,interpolation_duration: 0}
$data merge entity $(bone27) {transformation: [-0.8502f,-0.5199f,-0.0824f,1.1914f,-0.053f,-0.0712f,0.9961f,0.0372f,-0.5237f,0.8512f,0.033f,1.1306f,0f,0f,0f,1f],start_interpolation: 0,interpolation_duration: 0}
$data merge entity $(bone26) {transformation: [-0.8382f,-0.5405f,-0.0722f,1.058f,-0.0492f,-0.057f,0.9972f,0.0304f,-0.5431f,0.8394f,0.0212f,1.052f,0f,0f,0f,1f],start_interpolation: 0,interpolation_duration: 0}
$data merge entity $(bone25) {transformation: [-0.8284f,-0.5405f,0.1472f,0.9056f,0.2106f,-0.057f,0.9759f,0.0666f,-0.5191f,0.8394f,0.161f,0.9614f,0f,0f,0f,1f],start_interpolation: 0,interpolation_duration: 0}
$data merge entity $(bone30) {transformation: [-0.0459f,-0.8723f,0.4868f,0.9824f,0.9986f,-0.052f,0.0009f,-0.2011f,0.0245f,0.4862f,0.8735f,1.2699f,0f,0f,0f,1f],start_interpolation: 0,interpolation_duration: 0}
$data merge entity $(bone29) {transformation: [-0.2866f,-0.8723f,0.3962f,0.9296f,0.86f,-0.052f,0.5077f,-0.0315f,-0.4222f,0.4862f,0.7651f,1.1846f,0f,0f,0f,1f],start_interpolation: 0,interpolation_duration: 0}
$data merge entity $(bone28) {transformation: [-0.4606f,-0.8723f,0.1642f,0.8324f,0.4212f,-0.052f,0.9055f,0.052f,-0.7813f,0.4862f,0.3914f,1.028f,0f,0f,0f,1f],start_interpolation: 0,interpolation_duration: 0}
$data merge entity $(bone7) {transformation: [0.9631f,-0.0815f,0.2563f,0.6017f,0.047f,0.9893f,0.1382f,0.9042f,-0.2648f,-0.1211f,0.9567f,0.6996f,0f,0f,0f,1f],start_interpolation: 0,interpolation_duration: 0}
$data merge entity $(bone4) {transformation: [-0.9642f,-0.2651f,0.0079f,0.3501f,-0.244f,0.8986f,0.3647f,1.5853f,-0.1037f,0.3497f,-0.9311f,0.988f,0f,0f,0f,1f],start_interpolation: 0,interpolation_duration: 0}
$data merge entity $(bone62) {transformation: [-0.9096f,0.3661f,0.1963f,-0.4163f,0.4108f,0.7222f,0.5565f,1.5041f,0.062f,0.5868f,-0.8073f,0.948f,0f,0f,0f,1f],start_interpolation: 0,interpolation_duration: 0}
$data merge entity $(bone63) {transformation: [0.2486f,0.4879f,0.8367f,-0.5864f,0.6208f,0.5828f,-0.5243f,1.3528f,-0.7435f,0.6498f,-0.158f,0.8124f,0f,0f,0f,1f],start_interpolation: 0,interpolation_duration: 0}
$data merge entity $(bone65) {transformation: [-0.034f,0.1519f,-0.9878f,-0.8451f,0.2086f,0.9677f,0.1416f,0.7973f,0.9774f,-0.2013f,-0.0645f,0.6228f,0f,0f,0f,1f],start_interpolation: 0,interpolation_duration: 0}
$data merge entity $(bone66) {transformation: [-0.034f,0.1519f,-0.9878f,-0.9972f,0.2086f,0.9677f,0.1416f,0.9828f,0.9774f,-0.2013f,-0.0645f,0.5705f,0f,0f,0f,1f],start_interpolation: 0,interpolation_duration: 0}
$data merge entity $(bone67) {transformation: [0.0133f,0.155f,-0.9878f,-0.8337f,0.4899f,0.8602f,0.1416f,0.7836f,0.8717f,-0.4859f,-0.0645f,0.5972f,0f,0f,0f,1f],start_interpolation: 0,interpolation_duration: 0}
$data merge entity $(bone69) {transformation: [-0.2599f,0.0714f,-0.963f,-0.9148f,0.2984f,0.9544f,-0.0098f,0.2212f,0.9184f,-0.2899f,-0.2694f,0.7718f,0f,0f,0f,1f],start_interpolation: 0,interpolation_duration: 0}
$data merge entity $(bone72) {transformation: [0.9268f,0.2497f,0.2804f,-0.6292f,-0.3478f,0.2894f,0.8918f,0.1394f,0.1415f,-0.9241f,0.3551f,0.7922f,0f,0f,0f,1f],start_interpolation: 0,interpolation_duration: 0}
$data merge entity $(bone71) {transformation: [0.7564f,0.2497f,0.6046f,-0.7257f,-0.6541f,0.2894f,0.6988f,0.2251f,-0.0005f,-0.9241f,0.3823f,0.7916f,0f,0f,0f,1f],start_interpolation: 0,interpolation_duration: 0}
$data merge entity $(bone70) {transformation: [0.504f,0.2497f,0.8268f,-0.7916f,-0.8537f,0.2894f,0.433f,0.3359f,-0.1312f,-0.9241f,0.359f,0.805f,0f,0f,0f,1f],start_interpolation: 0,interpolation_duration: 0}
$data merge entity $(bone81) {transformation: [0.1322f,0.9909f,0.0255f,-0.8035f,-0.3046f,0.0162f,0.9523f,-0.053f,0.9433f,-0.1336f,0.304f,1.137f,0f,0f,0f,1f],start_interpolation: 0,interpolation_duration: 0}
$data merge entity $(bone80) {transformation: [0.106f,0.9909f,0.083f,-0.8244f,-0.7059f,0.0162f,0.7081f,0.0861f,0.7004f,-0.1336f,0.7012f,0.999f,0f,0f,0f,1f],start_interpolation: 0,interpolation_duration: 0}
$data merge entity $(bone73) {transformation: [0.1292f,0.9909f,0.0378f,-0.8391f,-0.3932f,0.0162f,0.9193f,0.1423f,0.9103f,-0.1336f,0.3917f,0.8642f,0f,0f,0f,1f],start_interpolation: 0,interpolation_duration: 0}
$data merge entity $(bone84) {transformation: [-0.7146f,0.6932f,0.0938f,-1.2552f,0.1026f,-0.0287f,0.9943f,0.0293f,0.692f,0.7202f,-0.0506f,1.0183f,0f,0f,0f,1f],start_interpolation: 0,interpolation_duration: 0}
$data merge entity $(bone83) {transformation: [-0.685f,0.7105f,-0.1611f,-1.1448f,-0.2367f,-0.0079f,0.9716f,0.067f,0.689f,0.7037f,0.1736f,0.9164f,0f,0f,0f,1f],start_interpolation: 0,interpolation_duration: 0}
$data merge entity $(bone82) {transformation: [-0.62f,0.7105f,-0.3329f,-1.029f,-0.4801f,-0.0079f,0.8772f,0.1524f,0.6206f,0.7037f,0.346f,0.8066f,0f,0f,0f,1f],start_interpolation: 0,interpolation_duration: 0}
$data merge entity $(bone103) {transformation: [-0.2965f,0.9495f,-0.1025f,-1.0398f,-0.282f,0.0155f,0.9593f,-0.0617f,0.9124f,0.3133f,0.2632f,1.1643f,0f,0f,0f,1f],start_interpolation: 0,interpolation_duration: 0}
$data merge entity $(bone102) {transformation: [-0.2368f,0.9495f,-0.2058f,-0.9972f,-0.6198f,0.0155f,0.7846f,0.0603f,0.7482f,0.3133f,0.5848f,1.0155f,0f,0f,0f,1f],start_interpolation: 0,interpolation_duration: 0}
$data merge entity $(bone85) {transformation: [-0.2832f,0.9495f,-0.135f,-0.9355f,-0.3875f,0.0155f,0.9217f,0.1372f,0.8773f,0.3133f,0.3636f,0.8388f,0f,0f,0f,1f],start_interpolation: 0,interpolation_duration: 0}
$data merge entity $(bone64) {transformation: [0.9878f,0.1532f,-0.0273f,-0.7831f,-0.1416f,0.9577f,0.2506f,1.1195f,0.0645f,-0.2437f,0.9677f,0.5343f,0f,0f,0f,1f],start_interpolation: 0,interpolation_duration: 0}
$data merge entity $(bone61) {transformation: [-0.8367f,0.5112f,0.1963f,-0.3501f,0.5243f,0.6445f,0.5565f,1.5853f,0.158f,0.5685f,-0.8073f,0.988f,0f,0f,0f,1f],start_interpolation: 0,interpolation_duration: 0}
$data merge entity $(bone23) {transformation: [-0.7934f,-0.6088f,0f,0.1071f,-0.0749f,0.0976f,0.9924f,1.5078f,-0.6041f,0.7873f,-0.123f,1.0107f,0f,0f,0f,1f],start_interpolation: 0,interpolation_duration: 0}
$data merge entity $(bone22) {transformation: [-0.7934f,0.6088f,0f,-0.1071f,0.0749f,0.0976f,0.9924f,1.5078f,0.6041f,0.7873f,-0.123f,1.0107f,0f,0f,0f,1f],start_interpolation: 0,interpolation_duration: 0}
$data merge entity $(bone89) {transformation: [-1f,0.0072f,0.0007f,0.002f,0.0054f,0.6849f,0.7287f,2.2028f,0.0047f,0.7286f,-0.6849f,1.4816f,0f,0f,0f,1f],start_interpolation: 0,interpolation_duration: 0}
$data merge entity $(bone90) {transformation: [-1f,0.0069f,0.0019f,0.0013f,0.0054f,0.5479f,0.8365f,2.1409f,0.0047f,0.8365f,-0.548f,1.4031f,0f,0f,0f,1f],start_interpolation: 0,interpolation_duration: 0}
$data merge entity $(bone88) {transformation: [-1f,0.0071f,0.0013f,0.0312f,0.0054f,0.6188f,0.7856f,2.001f,0.0047f,0.7856f,-0.6188f,1.2862f,0f,0f,0f,1f],start_interpolation: 0,interpolation_duration: 0}
$data merge entity $(bone42) {transformation: [-1f,0f,0f,0f,0f,0.7475f,0.6643f,1.7039f,0f,0.6643f,-0.7475f,1.6898f,0f,0f,0f,1f],start_interpolation: 0,interpolation_duration: 0}
$data merge entity $(bone87) {transformation: [-0.9998f,0.0157f,-0.0096f,-0.0044f,0.0029f,0.6465f,0.7629f,1.25f,0.0182f,0.7628f,-0.6464f,2.2432f,0f,0f,0f,1f],start_interpolation: 0,interpolation_duration: 0}
$data merge entity $(bone86) {transformation: [-1f,0f,0f,0f,0f,0.7278f,0.6858f,1.4029f,0f,0.6858f,-0.7278f,2.0737f,0f,0f,0f,1f],start_interpolation: 0,interpolation_duration: 0}
$data merge entity $(bone92) {transformation: [-0.8818f,0.2593f,-0.3939f,0.1194f,-0.0671f,0.7579f,0.649f,1.7766f,0.4668f,0.5987f,-0.6509f,1.7299f,0f,0f,0f,1f],start_interpolation: 0,interpolation_duration: 0}
$data merge entity $(bone3) {transformation: [-0.8818f,-0.2593f,0.3939f,-0.1194f,0.0671f,0.7579f,0.649f,1.7766f,-0.4668f,0.5987f,-0.6509f,1.7299f,0f,0f,0f,1f],start_interpolation: 0,interpolation_duration: 0}
$data merge entity $(head) {transformation: [-1f,0f,0f,0f,0f,0.7627f,0.6467f,1.6999f,0f,0.6467f,-0.7627f,1.5061f,0f,0f,0f,1f],start_interpolation: 0,interpolation_duration: 0}
$data merge entity $(neck) {transformation: [-1f,0f,0f,0f,0f,0.5694f,0.8221f,1.6038f,0f,0.8221f,-0.5694f,1.3674f,0f,0f,0f,1f],start_interpolation: 0,interpolation_duration: 0}
$data merge entity $(bone2) {transformation: [-1f,0f,0f,0f,0f,0.123f,0.9924f,1.544f,0f,0.9924f,-0.123f,1.055f,0f,0f,0f,1f],start_interpolation: 0,interpolation_duration: 0}
$data merge entity $(bone136) {transformation: [-1f,0f,0f,0f,0f,0.1748f,1.0676f,1.5273f,0f,0.9846f,-0.1895f,0.8591f,0f,0f,0f,1f],start_interpolation: 0,interpolation_duration: 0}
$data merge entity $(bone118) {transformation: [-0.0614f,-0.849f,-0.5248f,0.2557f,0.9926f,-0.1071f,0.0572f,1.6895f,-0.1047f,-0.5174f,0.8493f,0.7763f,0f,0f,0f,1f],start_interpolation: 0,interpolation_duration: 0}
$data merge entity $(bone119) {transformation: [-0.1249f,-0.849f,-0.5134f,0.7365f,0.9922f,-0.1071f,-0.0642f,1.7133f,-0.0005f,-0.5174f,0.8557f,-0.0292f,0f,0f,0f,1f],start_interpolation: 0,interpolation_duration: 0}
$data merge entity $(bone120) {transformation: [-0.4991f,-0.849f,0.1735f,1.609f,-0.159f,-0.1071f,-0.9814f,0.9804f,0.8518f,-0.5174f,-0.0816f,0.6402f,0f,0f,0f,1f],start_interpolation: 0,interpolation_duration: 0}
$data merge entity $(bone121) {transformation: [0f,0f,0f,0.9906f,0f,0f,0f,1.815f,0f,0f,0f,-0.4554f,0f,0f,0f,1f],start_interpolation: 0,interpolation_duration: 0}
$data merge entity $(bone123) {transformation: [0.0735f,-1.731f,-1.0616f,0.8893f,1.9765f,-0.1827f,0.4347f,1.2966f,-0.4658f,-1.0484f,1.6771f,2.4259f,0f,0f,0f,1f],start_interpolation: 0,interpolation_duration: 0}
$data merge entity $(bone124) {transformation: [-0.1003f,-0.8519f,-0.514f,0.7499f,0.9949f,-0.0899f,-0.0451f,2.6698f,-0.0078f,-0.5159f,0.8566f,-0.2574f,0f,0f,0f,1f],start_interpolation: 0,interpolation_duration: 0}
$data merge entity $(bone122) {transformation: [-0.3542f,-1.3126f,-0.725f,0.5736f,1.4628f,-0.1385f,-0.4639f,2.6623f,0.33f,-0.7949f,1.278f,0.0333f,0f,0f,0f,1f],start_interpolation: 0,interpolation_duration: 0}
$data merge entity $(bone126) {transformation: [0.2887f,-0.8519f,-0.4369f,1.1506f,0.7412f,-0.0899f,0.6652f,1.935f,-0.606f,-0.5159f,0.6055f,-0.79f,0f,0f,0f,1f],start_interpolation: 0,interpolation_duration: 0}
$data merge entity $(bone127) {transformation: [0.1658f,-0.8519f,-0.4968f,0.813f,0.8882f,-0.0899f,0.4507f,2.3485f,-0.4286f,-0.5159f,0.7417f,-0.3056f,0f,0f,0f,1f],start_interpolation: 0,interpolation_duration: 0}
$data merge entity $(bone125) {transformation: [0.0443f,-1.1943f,-0.7328f,0.6483f,1.3662f,-0.1261f,0.288f,2.5157f,-0.3112f,-0.7233f,1.1599f,-0.0555f,0f,0f,0f,1f],start_interpolation: 0,interpolation_duration: 0}
$data merge entity $(bone129) {transformation: [1.0402f,-1.5886f,-0.1748f,0.4902f,0.0384f,-0.1677f,2.0055f,3.8424f,-1.7242f,-0.9621f,-0.0609f,2.6412f,0f,0f,0f,1f],start_interpolation: 0,interpolation_duration: 0}
$data merge entity $(bone130) {transformation: [0.5393f,-0.8519f,-0.1705f,0.8504f,0.17f,-0.0899f,1.0621f,1.5137f,-0.9201f,-0.5159f,0.0964f,-0.2219f,0f,0f,0f,1f],start_interpolation: 0,interpolation_duration: 0}
$data merge entity $(bone131) {transformation: [0.4659f,-0.8519f,-0.3207f,0.7142f,0.4731f,-0.0899f,0.966f,2.0977f,-0.8517f,-0.5159f,0.3612f,-0.0989f,0f,0f,0f,1f],start_interpolation: 0,interpolation_duration: 0}
$data merge entity $(bone128) {transformation: [0.3869f,-0.8981f,-0.4537f,0.6113f,0.7454f,-0.0948f,0.8546f,2.4045f,-0.7688f,-0.5439f,0.6002f,0.0071f,0f,0f,0f,1f],start_interpolation: 0,interpolation_duration: 0}
$data merge entity $(bone132) {transformation: [-0.2008f,-0.8519f,-0.4837f,0.4901f,0.966f,-0.0899f,-0.2426f,2.5446f,0.1631f,-0.5159f,0.8409f,0.2055f,0f,0f,0f,1f],start_interpolation: 0,interpolation_duration: 0}
$data merge entity $(bone133) {transformation: [-0.3511f,-1.4462f,-0.7144f,0.5558f,1.6891f,-0.1527f,-0.3583f,2.5599f,0.2853f,-0.8759f,1.2421f,0.106f,0f,0f,0f,1f],start_interpolation: 0,interpolation_duration: 0}
$data merge entity $(w5) {transformation: [-0.2008f,-0.8519f,-0.4837f,0.563f,0.966f,-0.0899f,-0.2426f,2.4931f,0.1631f,-0.5159f,0.8409f,0.1188f,0f,0f,0f,1f],start_interpolation: 0,interpolation_duration: 0}
$data merge entity $(w2) {transformation: [-0.5084f,-0.849f,-0.1441f,0.7103f,0.4327f,-0.1071f,-0.8952f,1.7297f,0.7446f,-0.5174f,0.4218f,-0.0127f,0f,0f,0f,1f],start_interpolation: 0,interpolation_duration: 0}
$data merge entity $(wing3) {transformation: [-0.0614f,-0.849f,-0.5248f,0.2175f,0.9926f,-0.1071f,0.0572f,1.7937f,-0.1047f,-0.5174f,0.8493f,0.7826f,0f,0f,0f,1f],start_interpolation: 0,interpolation_duration: 0}
$data merge entity $(bone104) {transformation: [-0.0614f,0.849f,0.5248f,-0.2557f,-0.9926f,-0.1071f,0.0572f,1.6895f,0.1047f,-0.5174f,0.8493f,0.7763f,0f,0f,0f,1f],start_interpolation: 0,interpolation_duration: 0}
$data merge entity $(bone105) {transformation: [-0.1249f,0.849f,0.5134f,-0.7365f,-0.9922f,-0.1071f,-0.0642f,1.7133f,0.0005f,-0.5174f,0.8557f,-0.0292f,0f,0f,0f,1f],start_interpolation: 0,interpolation_duration: 0}
$data merge entity $(bone106) {transformation: [-0.4991f,0.849f,-0.1735f,-1.609f,0.159f,-0.1071f,-0.9814f,0.9804f,-0.8518f,-0.5174f,-0.0816f,0.6402f,0f,0f,0f,1f],start_interpolation: 0,interpolation_duration: 0}
$data merge entity $(bone107) {transformation: [0f,0f,0f,-0.9906f,0f,0f,0f,1.815f,0f,0f,0f,-0.4554f,0f,0f,0f,1f],start_interpolation: 0,interpolation_duration: 0}
$data merge entity $(bone109) {transformation: [0.086f,1.731f,0.9992f,-0.9245f,-1.8108f,-0.1827f,0.3744f,1.4036f,0.4576f,-1.0484f,1.5846f,2.3492f,0f,0f,0f,1f],start_interpolation: 0,interpolation_duration: 0}
$data merge entity $(bone110) {transformation: [-0.0864f,0.8519f,0.4859f,-0.7402f,-0.9085f,-0.0899f,-0.0527f,2.6731f,0.0157f,-0.5159f,0.8115f,-0.2421f,0f,0f,0f,1f],start_interpolation: 0,interpolation_duration: 0}
$data merge entity $(bone108) {transformation: [-0.3224f,1.3126f,0.6888f,-0.5736f,-1.3311f,-0.1385f,-0.4407f,2.6623f,-0.3003f,-0.7949f,1.2141f,0.0333f,0f,0f,0f,1f],start_interpolation: 0,interpolation_duration: 0}
$data merge entity $(bone112) {transformation: [0.2887f,0.8519f,0.4369f,-1.1506f,-0.7412f,-0.0899f,0.6652f,1.935f,0.606f,-0.5159f,0.6055f,-0.79f,0f,0f,0f,1f],start_interpolation: 0,interpolation_duration: 0}
$data merge entity $(bone113) {transformation: [0.1658f,0.8519f,0.4968f,-0.813f,-0.8882f,-0.0899f,0.4507f,2.3485f,0.4286f,-0.5159f,0.7417f,-0.3056f,0f,0f,0f,1f],start_interpolation: 0,interpolation_duration: 0}
$data merge entity $(bone111) {transformation: [0.0443f,1.1943f,0.7328f,-0.6483f,-1.3662f,-0.1261f,0.288f,2.5157f,0.3112f,-0.7233f,1.1599f,-0.0555f,0f,0f,0f,1f],start_interpolation: 0,interpolation_duration: 0}
$data merge entity $(bone115) {transformation: [1.0402f,1.5886f,0.1748f,-0.4902f,-0.0384f,-0.1677f,2.0055f,3.8424f,1.7242f,-0.9621f,-0.0609f,2.6412f,0f,0f,0f,1f],start_interpolation: 0,interpolation_duration: 0}
$data merge entity $(bone116) {transformation: [0.5393f,0.8519f,0.1705f,-0.8504f,-0.17f,-0.0899f,1.0621f,1.5137f,0.9201f,-0.5159f,0.0964f,-0.2219f,0f,0f,0f,1f],start_interpolation: 0,interpolation_duration: 0}
$data merge entity $(bone117) {transformation: [0.4659f,0.8519f,0.3207f,-0.7142f,-0.4731f,-0.0899f,0.966f,2.0977f,0.8517f,-0.5159f,0.3612f,-0.0989f,0f,0f,0f,1f],start_interpolation: 0,interpolation_duration: 0}
$data merge entity $(bone114) {transformation: [0.3869f,0.8981f,0.4537f,-0.6113f,-0.7454f,-0.0948f,0.8546f,2.4045f,0.7688f,-0.5439f,0.6002f,0.0071f,0f,0f,0f,1f],start_interpolation: 0,interpolation_duration: 0}
$data merge entity $(bone134) {transformation: [-0.2008f,0.8519f,0.4837f,-0.4901f,-0.966f,-0.0899f,-0.2426f,2.5446f,-0.1631f,-0.5159f,0.8409f,0.2055f,0f,0f,0f,1f],start_interpolation: 0,interpolation_duration: 0}
$data merge entity $(bone135) {transformation: [-0.3511f,1.4462f,0.7144f,-0.5558f,-1.6891f,-0.1527f,-0.3583f,2.5599f,-0.2853f,-0.8759f,1.2421f,0.106f,0f,0f,0f,1f],start_interpolation: 0,interpolation_duration: 0}
$data merge entity $(w4) {transformation: [-0.2008f,0.8519f,0.4837f,-0.563f,-0.966f,-0.0899f,-0.2426f,2.4931f,-0.1631f,-0.5159f,0.8409f,0.1188f,0f,0f,0f,1f],start_interpolation: 0,interpolation_duration: 0}
$data merge entity $(w3) {transformation: [-0.5084f,0.849f,0.1441f,-0.7103f,-0.4327f,-0.1071f,-0.8952f,1.7297f,-0.7446f,-0.5174f,0.4218f,-0.0127f,0f,0f,0f,1f],start_interpolation: 0,interpolation_duration: 0}
$data merge entity $(wing2) {transformation: [-0.0614f,0.849f,0.5248f,-0.2175f,-0.9926f,-0.1071f,0.0572f,1.7937f,0.1047f,-0.5174f,0.8493f,0.7826f,0f,0f,0f,1f],start_interpolation: 0,interpolation_duration: 0}
$data merge entity $(bone20) {transformation: [-1f,0f,0f,-0.1563f,0f,-0.1811f,0.9835f,1.5504f,0f,0.9835f,0.1811f,0.3246f,0f,0f,0f,1f],start_interpolation: 0,interpolation_duration: 0}
$data merge entity $(bone101) {transformation: [-1f,0f,0f,0f,0f,-0.4944f,0.8692f,1.1563f,0f,0.8692f,0.4944f,-2.6711f,0f,0f,0f,1f],start_interpolation: 0,interpolation_duration: 0}
$data merge entity $(bone100) {transformation: [-1f,0f,0f,0f,0f,0.0887f,0.9961f,0.7055f,0f,0.9961f,-0.0887f,-2.6246f,0f,0f,0f,1f],start_interpolation: 0,interpolation_duration: 0}
$data merge entity $(bone99) {transformation: [-1f,0f,0f,0f,0f,0.5259f,0.8505f,0.2749f,0f,0.8505f,-0.5259f,-2.3584f,0f,0f,0f,1f],start_interpolation: 0,interpolation_duration: 0}
$data merge entity $(bone98) {transformation: [-1f,0f,0f,0f,0f,0.8948f,0.4464f,0.0545f,0f,0.4464f,-0.8948f,-1.9166f,0f,0f,0f,1f],start_interpolation: 0,interpolation_duration: 0}
$data merge entity $(bone97) {transformation: [-1f,0f,0f,0f,0f,0.9882f,-0.1529f,0.1329f,0f,-0.1529f,-0.9882f,-1.4101f,0f,0f,0f,1f],start_interpolation: 0,interpolation_duration: 0}
$data merge entity $(bone96) {transformation: [-1f,0f,0f,0f,0f,0.8545f,-0.5195f,0.3926f,0f,-0.5195f,-0.8545f,-0.9829f,0f,0f,0f,1f],start_interpolation: 0,interpolation_duration: 0}
$data merge entity $(bone95) {transformation: [-1f,0f,0f,0f,0f,0.6587f,-0.7524f,0.7641f,0f,-0.7524f,-0.6587f,-0.6576f,0f,0f,0f,1f],start_interpolation: 0,interpolation_duration: 0}
$data merge entity $(bone94) {transformation: [-1f,0f,0f,0f,0f,0.5907f,-0.8069f,1.1625f,0f,-0.8069f,-0.5907f,-0.366f,0f,0f,0f,1f],start_interpolation: 0,interpolation_duration: 0}
$data merge entity $(bone93) {transformation: [-1f,0f,0f,0f,0f,0.7218f,-0.6921f,1.4242f,0f,-0.6921f,-0.7218f,-0.093f,0f,0f,0f,1f],start_interpolation: 0,interpolation_duration: 0}
$data merge entity $(bone) {transformation: [-1f,0f,0f,0f,0f,0.5373f,0.8434f,1.3319f,0f,0.8434f,-0.5373f,-0.0343f,0f,0f,0f,1f],start_interpolation: 0,interpolation_duration: 0}
$data merge entity $(bone24) {transformation: [-0.9666f,-0.2564f,-0.0044f,0.1031f,-0.2562f,0.9645f,0.0642f,1.2732f,-0.0122f,0.0631f,-0.9979f,-0.0354f,0f,0f,0f,1f],start_interpolation: 0,interpolation_duration: 0}
$data merge entity $(bone32) {transformation: [-0.9974f,-0.0508f,-0.0518f,0.2279f,-0.0686f,0.4286f,0.9009f,0.614f,-0.0235f,0.902f,-0.431f,-0.3217f,0f,0f,0f,1f],start_interpolation: 0,interpolation_duration: 0}
$data merge entity $(bone36) {transformation: [-0.9989f,-0.0249f,-0.0401f,0.3372f,-0.0247f,0.9997f,-0.0061f,0.2862f,0.0402f,-0.0051f,-0.9992f,-1.0245f,0f,0f,0f,1f],start_interpolation: 0,interpolation_duration: 0}
$data merge entity $(bone35) {transformation: [-0.9989f,-0.0015f,-0.0471f,0.2983f,-0.0247f,0.8688f,0.4946f,0.4126f,0.0402f,0.4952f,-0.8679f,-0.9458f,0f,0f,0f,1f],start_interpolation: 0,interpolation_duration: 0}
$data merge entity $(bone34) {transformation: [-0.9989f,0.0046f,-0.0469f,0.3f,-0.0247f,0.7968f,0.6038f,0.4903f,0.0402f,0.6042f,-0.7958f,-0.8895f,0f,0f,0f,1f],start_interpolation: 0,interpolation_duration: 0}
$data merge entity $(bone77) {transformation: [-0.932f,0.3612f,-0.0292f,0.1059f,0.005f,-0.0677f,-0.9977f,0.0701f,-0.3624f,-0.93f,0.0613f,-0.3581f,0f,0f,0f,1f],start_interpolation: 0,interpolation_duration: 0}
$data merge entity $(bone75) {transformation: [-0.932f,0.3612f,-0.0292f,0.1695f,0.005f,-0.0677f,-0.9977f,0.0595f,-0.3624f,-0.93f,0.0613f,-0.5327f,0f,0f,0f,1f],start_interpolation: 0,interpolation_duration: 0}
$data merge entity $(bone39) {transformation: [-0.932f,0.3612f,-0.0292f,0.2324f,0.005f,-0.0677f,-0.9977f,0.0459f,-0.3624f,-0.93f,0.0613f,-0.6909f,0f,0f,0f,1f],start_interpolation: 0,interpolation_duration: 0}
$data merge entity $(bone76) {transformation: [-0.9618f,-0.2735f,-0.0115f,0.4982f,0.0184f,-0.0224f,-0.9996f,0.0518f,0.2732f,-0.9616f,0.0266f,-0.3326f,0f,0f,0f,1f],start_interpolation: 0,interpolation_duration: 0}
$data merge entity $(bone74) {transformation: [-0.9618f,-0.2735f,-0.0115f,0.4829f,0.0184f,-0.0224f,-0.9996f,0.0559f,0.2732f,-0.9616f,0.0266f,-0.529f,0f,0f,0f,1f],start_interpolation: 0,interpolation_duration: 0}
$data merge entity $(bone40) {transformation: [-0.9618f,-0.2735f,-0.0115f,0.4349f,0.0184f,-0.0224f,-0.9996f,0.05f,0.2732f,-0.9616f,0.0266f,-0.6928f,0f,0f,0f,1f],start_interpolation: 0,interpolation_duration: 0}
$data merge entity $(bone79) {transformation: [-0.9995f,0.0306f,0.0016f,0.3124f,-0.0023f,-0.0232f,-0.9997f,0.0591f,-0.0306f,-0.9993f,0.0232f,-0.2931f,0f,0f,0f,1f],start_interpolation: 0,interpolation_duration: 0}
$data merge entity $(bone78) {transformation: [-0.9995f,0.0306f,0.0016f,0.3225f,-0.0023f,-0.0232f,-0.9997f,0.0564f,-0.0306f,-0.9993f,0.0232f,-0.4936f,0f,0f,0f,1f],start_interpolation: 0,interpolation_duration: 0}
$data merge entity $(bone41) {transformation: [-0.9995f,0.0306f,0.0016f,0.3273f,-0.0023f,-0.0232f,-0.9997f,0.0497f,-0.0306f,-0.9993f,0.0232f,-0.6927f,0f,0f,0f,1f],start_interpolation: 0,interpolation_duration: 0}
$data merge entity $(bone38) {transformation: [-1f,-0.0029f,0f,0.3378f,-0.0026f,0.9078f,-0.4194f,0.3079f,0.0012f,-0.4194f,-0.9078f,-0.7879f,0f,0f,0f,1f],start_interpolation: 0,interpolation_duration: 0}
$data merge entity $(bone33) {transformation: [-0.9993f,-0.0321f,-0.021f,0.319f,-0.0383f,0.868f,0.495f,0.538f,0.0023f,0.4955f,-0.8686f,-0.6559f,0f,0f,0f,1f],start_interpolation: 0,interpolation_duration: 0}
$data merge entity $(bone31) {transformation: [-0.9974f,-0.0415f,-0.0594f,0.2798f,-0.0686f,0.2741f,0.9593f,0.6473f,-0.0235f,0.9608f,-0.2762f,0.2016f,0f,0f,0f,1f],start_interpolation: 0,interpolation_duration: 0}
$data merge entity $(bone19) {transformation: [-0.9852f,-0.1678f,0.0342f,0.1713f,-0.1711f,0.9724f,-0.1586f,1.2808f,-0.0066f,-0.1622f,-0.9867f,-0.0343f,0f,0f,0f,1f],start_interpolation: 0,interpolation_duration: 0}
$data merge entity $(bone44) {transformation: [-0.798f,0.5255f,0.2951f,-0.1115f,0.1748f,0.6704f,-0.7212f,1.275f,-0.5767f,-0.5239f,-0.6268f,-0.001f,0f,0f,0f,1f],start_interpolation: 0,interpolation_duration: 0}
$data merge entity $(bone46) {transformation: [-0.8893f,-0.2333f,0.3933f,-0.2874f,0.0624f,0.79f,0.6099f,0.787f,-0.453f,0.5669f,-0.688f,0.1169f,0f,0f,0f,1f],start_interpolation: 0,interpolation_duration: 0}
$data merge entity $(bone50) {transformation: [-0.8711f,-0.1279f,0.4742f,-0.0754f,0.0266f,0.9518f,0.3056f,0.3302f,-0.4904f,0.2789f,-0.8257f,-0.5361f,0f,0f,0f,1f],start_interpolation: 0,interpolation_duration: 0}
$data merge entity $(bone49) {transformation: [-0.8711f,-0.3479f,0.3467f,-0.0947f,0.0266f,0.6715f,0.7406f,0.4261f,-0.4904f,0.6543f,-0.5756f,-0.4174f,0f,0f,0f,1f],start_interpolation: 0,interpolation_duration: 0}
$data merge entity $(bone48) {transformation: [-0.8711f,-0.3901f,0.2983f,-0.1327f,0.0266f,0.569f,0.8219f,0.4825f,-0.4904f,0.7239f,-0.4853f,-0.3496f,0f,0f,0f,1f],start_interpolation: 0,interpolation_duration: 0}
$data merge entity $(bone54) {transformation: [-0.9807f,0.1957f,0.0041f,-0.2555f,-0.0131f,-0.045f,-0.9989f,0.0655f,-0.1953f,-0.9796f,0.0467f,0.2179f,0f,0f,0f,1f],start_interpolation: 0,interpolation_duration: 0}
$data merge entity $(bone53) {transformation: [-0.9807f,0.1957f,0.0041f,-0.2151f,-0.0131f,-0.045f,-0.9989f,0.0592f,-0.1953f,-0.9796f,0.0467f,0.0363f,0f,0f,0f,1f],start_interpolation: 0,interpolation_duration: 0}
$data merge entity $(bone52) {transformation: [-0.9807f,0.1957f,0.0041f,-0.183f,-0.0131f,-0.045f,-0.9989f,0.0494f,-0.1953f,-0.9796f,0.0467f,-0.1312f,0f,0f,0f,1f],start_interpolation: 0,interpolation_duration: 0}
$data merge entity $(bone57) {transformation: [-0.728f,0.6856f,0.0039f,-0.5838f,-0.0131f,-0.0083f,-0.9999f,0.0589f,-0.6855f,-0.728f,0.015f,0.0652f,0f,0f,0f,1f],start_interpolation: 0,interpolation_duration: 0}
$data merge entity $(bone56) {transformation: [-0.728f,0.6856f,0.0039f,-0.4799f,-0.0131f,-0.0083f,-0.9999f,0.0659f,-0.6855f,-0.728f,0.015f,-0.102f,0f,0f,0f,1f],start_interpolation: 0,interpolation_duration: 0}
$data merge entity $(bone55) {transformation: [-0.728f,0.6856f,0.0039f,-0.3618f,-0.0131f,-0.0083f,-0.9999f,0.0625f,-0.6855f,-0.728f,0.015f,-0.2254f,0f,0f,0f,1f],start_interpolation: 0,interpolation_duration: 0}
$data merge entity $(bone60) {transformation: [-0.8807f,0.4727f,-0.0319f,-0.4531f,0.0151f,-0.0392f,-0.9991f,0.0732f,-0.4735f,-0.8804f,0.0274f,0.1774f,0f,0f,0f,1f],start_interpolation: 0,interpolation_duration: 0}
$data merge entity $(bone59) {transformation: [-0.8807f,0.4727f,-0.0319f,-0.3617f,0.0151f,-0.0392f,-0.9991f,0.0674f,-0.4735f,-0.8804f,0.0274f,-0.0013f,0f,0f,0f,1f],start_interpolation: 0,interpolation_duration: 0}
$data merge entity $(bone58) {transformation: [-0.8807f,0.4727f,-0.0319f,-0.2664f,0.0151f,-0.0392f,-0.9991f,0.0575f,-0.4735f,-0.8804f,0.0274f,-0.176f,0f,0f,0f,1f],start_interpolation: 0,interpolation_duration: 0}
$data merge entity $(bone51) {transformation: [-0.8872f,0.2149f,0.4083f,-0.2264f,0.0462f,0.9219f,-0.3847f,0.3193f,-0.4591f,-0.3224f,-0.8278f,-0.2515f,0f,0f,0f,1f],start_interpolation: 0,interpolation_duration: 0}
$data merge entity $(bone47) {transformation: [-0.8872f,-0.1213f,0.4452f,-0.2497f,0.0462f,0.9366f,0.3474f,0.5676f,-0.4591f,0.3288f,-0.8253f,-0.1591f,0f,0f,0f,1f],start_interpolation: 0,interpolation_duration: 0}
$data merge entity $(bone45) {transformation: [-0.8893f,-0.295f,0.3494f,-0.5372f,0.0624f,0.6785f,0.7319f,1.0524f,-0.453f,0.6727f,-0.585f,0.4974f,0f,0f,0f,1f],start_interpolation: 0,interpolation_duration: 0}
$data merge entity $(bone43) {transformation: [-0.8408f,0.5087f,0.1854f,-0.1713f,0.1157f,0.5033f,-0.8563f,1.2808f,-0.5289f,-0.6985f,-0.482f,-0.0343f,0f,0f,0f,1f],start_interpolation: 0,interpolation_duration: 0}