# This file was generated by Animated Java via MC-Build. It is not recommended to edit this file directly.
$data merge entity $(bone5) {transformation: [-0.9947f,-0.1023f,0.0084f,0.385f,-0.0923f,0.9276f,0.3621f,1.4841f,-0.0448f,0.3594f,-0.9321f,0.975f,0f,0f,0f,1f],start_interpolation: 0,interpolation_duration: 0}
$data merge entity $(bone6) {transformation: [0.0194f,-0.2645f,-0.9642f,0.4944f,-0.4541f,0.8568f,-0.2441f,1.2559f,0.8907f,0.4426f,-0.1035f,0.896f,0f,0f,0f,1f],start_interpolation: 0,interpolation_duration: 0}
$data merge entity $(bone8) {transformation: [-0.2595f,-0.0689f,0.9633f,0.6402f,-0.0928f,0.9946f,0.0461f,0.5731f,-0.9613f,-0.0775f,-0.2645f,0.7458f,0f,0f,0f,1f],start_interpolation: 0,interpolation_duration: 0}
$data merge entity $(bone9) {transformation: [-0.2595f,-0.0689f,0.9633f,0.8001f,-0.0928f,0.9946f,0.0461f,0.7467f,-0.9613f,-0.0775f,-0.2645f,0.6783f,0f,0f,0f,1f],start_interpolation: 0,interpolation_duration: 0}
$data merge entity $(bone10) {transformation: [-0.2268f,-0.1437f,0.9633f,0.6221f,-0.3876f,0.9207f,0.0461f,0.5636f,-0.8935f,-0.3629f,-0.2645f,0.7222f,0f,0f,0f,1f],start_interpolation: 0,interpolation_duration: 0}
$data merge entity $(bone12) {transformation: [-0.1795f,-0.5199f,0.8352f,0.7687f,-0.896f,0.437f,0.0794f,0.0604f,-0.4062f,-0.734f,-0.5442f,0.9385f,0f,0f,0f,1f],start_interpolation: 0,interpolation_duration: 0}
$data merge entity $(bone15) {transformation: [0.9857f,-0.103f,0.1336f,0.3838f,-0.1521f,-0.2f,0.9679f,0.0209f,-0.073f,-0.9744f,-0.2128f,0.9924f,0f,0f,0f,1f],start_interpolation: 0,interpolation_duration: 0}
$data merge entity $(bone14) {transformation: [0.9533f,-0.103f,-0.2839f,0.5064f,0.2598f,-0.2f,0.9447f,0.0554f,-0.1541f,-0.9744f,-0.1639f,0.9711f,0f,0f,0f,1f],start_interpolation: 0,interpolation_duration: 0}
$data merge entity $(bone13) {transformation: [0.7987f,-0.103f,-0.5928f,0.6105f,0.5672f,-0.2f,0.7989f,0.1269f,-0.2009f,-0.9744f,-0.1013f,0.9421f,0f,0f,0f,1f],start_interpolation: 0,interpolation_duration: 0}
$data merge entity $(bone18) {transformation: [-0.0705f,-0.9966f,-0.0422f,0.7512f,0.9743f,-0.0597f,-0.217f,-0.1889f,0.2138f,-0.0564f,0.9753f,1.3035f,0f,0f,0f,1f],start_interpolation: 0,interpolation_duration: 0}
$data merge entity $(bone17) {transformation: [-0.0269f,-0.9966f,-0.0776f,0.7459f,0.8859f,-0.0597f,0.4601f,-0.0144f,-0.4631f,-0.0564f,0.8845f,1.2122f,0f,0f,0f,1f],start_interpolation: 0,interpolation_duration: 0}
$data merge entity $(bone16) {transformation: [0.0248f,-0.9966f,-0.0783f,0.7454f,0.4353f,-0.0597f,0.8983f,0.0477f,-0.8999f,-0.0564f,0.4324f,1.0792f,0f,0f,0f,1f],start_interpolation: 0,interpolation_duration: 0}
$data merge entity $(bone27) {transformation: [-0.8514f,-0.5185f,-0.0797f,1.1903f,-0.0483f,-0.0737f,0.9961f,0.0376f,-0.5223f,0.8519f,0.0377f,1.1302f,0f,0f,0f,1f],start_interpolation: 0,interpolation_duration: 0}
$data merge entity $(bone26) {transformation: [-0.8394f,-0.5391f,-0.0695f,1.0568f,-0.0444f,-0.0594f,0.9972f,0.0315f,-0.5417f,0.8402f,0.0259f,1.0518f,0f,0f,0f,1f],start_interpolation: 0,interpolation_duration: 0}
$data merge entity $(bone25) {transformation: [-0.8288f,-0.5391f,0.1501f,0.9042f,0.2152f,-0.0594f,0.9748f,0.0686f,-0.5166f,0.8402f,0.1652f,0.9617f,0f,0f,0f,1f],start_interpolation: 0,interpolation_duration: 0}
$data merge entity $(bone30) {transformation: [-0.0689f,-0.872f,0.4846f,0.9861f,0.9975f,-0.0515f,0.0492f,-0.1858f,-0.018f,0.4868f,0.8733f,1.2806f,0f,0f,0f,1f],start_interpolation: 0,interpolation_duration: 0}
$data merge entity $(bone29) {transformation: [-0.3054f,-0.872f,0.3826f,0.9297f,0.8345f,-0.0515f,0.5487f,-0.0212f,-0.4587f,0.4868f,0.7434f,1.1881f,0f,0f,0f,1f],start_interpolation: 0,interpolation_duration: 0}
$data merge entity $(bone28) {transformation: [-0.4679f,-0.872f,0.144f,0.831f,0.3801f,-0.0515f,0.9235f,0.0539f,-0.7979f,0.4868f,0.3556f,1.0282f,0f,0f,0f,1f],start_interpolation: 0,interpolation_duration: 0}
$data merge entity $(bone7) {transformation: [0.9633f,-0.0801f,0.2563f,0.6017f,0.0461f,0.9896f,0.1361f,0.9079f,-0.2645f,-0.1193f,0.957f,0.7016f,0f,0f,0f,1f],start_interpolation: 0,interpolation_duration: 0}
$data merge entity $(bone4) {transformation: [-0.9642f,-0.265f,0.0084f,0.3501f,-0.2441f,0.8996f,0.3621f,1.5898f,-0.1035f,0.3471f,-0.9321f,0.988f,0f,0f,0f,1f],start_interpolation: 0,interpolation_duration: 0}
$data merge entity $(bone62) {transformation: [-0.9097f,0.3669f,0.1944f,-0.4163f,0.4105f,0.7247f,0.5534f,1.5084f,0.0621f,0.5833f,-0.8099f,0.9485f,0f,0f,0f,1f],start_interpolation: 0,interpolation_duration: 0}
$data merge entity $(bone63) {transformation: [0.2469f,0.4889f,0.8367f,-0.5866f,0.618f,0.5856f,-0.5245f,1.3564f,-0.7464f,0.6466f,-0.1576f,0.8137f,0f,0f,0f,1f],start_interpolation: 0,interpolation_duration: 0}
$data merge entity $(bone65) {transformation: [-0.0337f,0.1507f,-0.988f,-0.8454f,0.2028f,0.969f,0.1409f,0.7992f,0.9786f,-0.1956f,-0.0632f,0.6236f,0f,0f,0f,1f],start_interpolation: 0,interpolation_duration: 0}
$data merge entity $(bone66) {transformation: [-0.0337f,0.1507f,-0.988f,-0.9977f,0.2028f,0.969f,0.1409f,0.9848f,0.9786f,-0.1956f,-0.0632f,0.5725f,0f,0f,0f,1f],start_interpolation: 0,interpolation_duration: 0}
$data merge entity $(bone67) {transformation: [0.0132f,0.1538f,-0.988f,-0.834f,0.4848f,0.8632f,0.1409f,0.7857f,0.8745f,-0.4808f,-0.0632f,0.5979f,0f,0f,0f,1f],start_interpolation: 0,interpolation_duration: 0}
$data merge entity $(bone69) {transformation: [-0.2591f,0.0726f,-0.9631f,-0.9148f,0.3018f,0.9533f,-0.0093f,0.2224f,0.9175f,-0.2931f,-0.2689f,0.7709f,0f,0f,0f,1f],start_interpolation: 0,interpolation_duration: 0}
$data merge entity $(bone72) {transformation: [0.9265f,0.2497f,0.2814f,-0.6292f,-0.3482f,0.286f,0.8927f,0.1402f,0.1424f,-0.9251f,0.352f,0.7914f,0f,0f,0f,1f],start_interpolation: 0,interpolation_duration: 0}
$data merge entity $(bone71) {transformation: [0.7555f,0.2497f,0.6057f,-0.7257f,-0.6552f,0.286f,0.6992f,0.2261f,0.0013f,-0.9251f,0.3797f,0.7906f,0f,0f,0f,1f],start_interpolation: 0,interpolation_duration: 0}
$data merge entity $(bone70) {transformation: [0.5027f,0.2497f,0.8276f,-0.7914f,-0.8548f,0.286f,0.433f,0.3371f,-0.1286f,-0.9251f,0.3572f,0.8036f,0f,0f,0f,1f],start_interpolation: 0,interpolation_duration: 0}
$data merge entity $(bone81) {transformation: [0.1347f,0.9906f,0.0224f,-0.8025f,-0.3038f,0.0197f,0.9525f,-0.0525f,0.9432f,-0.1351f,0.3036f,1.1352f,0f,0f,0f,1f],start_interpolation: 0,interpolation_duration: 0}
$data merge entity $(bone80) {transformation: [0.1089f,0.9906f,0.0823f,-0.824f,-0.7109f,0.0197f,0.703f,0.0875f,0.6948f,-0.1351f,0.7064f,0.9983f,0f,0f,0f,1f],start_interpolation: 0,interpolation_duration: 0}
$data merge entity $(bone73) {transformation: [0.1319f,0.9906f,0.0351f,-0.8391f,-0.3926f,0.0197f,0.9195f,0.1437f,0.9102f,-0.1351f,0.3915f,0.8635f,0f,0f,0f,1f],start_interpolation: 0,interpolation_duration: 0}
$data merge entity $(bone84) {transformation: [-0.7152f,0.6927f,0.093f,-1.255f,0.101f,-0.0292f,0.9945f,0.0289f,0.6916f,0.7206f,-0.0491f,1.0169f,0f,0f,0f,1f],start_interpolation: 0,interpolation_duration: 0}
$data merge entity $(bone83) {transformation: [-0.6846f,0.71f,-0.1651f,-1.1446f,-0.2425f,-0.0083f,0.9701f,0.0676f,0.6874f,0.7042f,0.1779f,0.9153f,0f,0f,0f,1f],start_interpolation: 0,interpolation_duration: 0}
$data merge entity $(bone82) {transformation: [-0.6186f,0.71f,-0.3366f,-1.0291f,-0.4853f,-0.0083f,0.8743f,0.1539f,0.6179f,0.7042f,0.3497f,0.8059f,0f,0f,0f,1f],start_interpolation: 0,interpolation_duration: 0}
$data merge entity $(bone103) {transformation: [-0.2971f,0.9497f,-0.0992f,-1.0395f,-0.2689f,0.0164f,0.963f,-0.06f,0.9162f,0.3128f,0.2505f,1.1638f,0f,0f,0f,1f],start_interpolation: 0,interpolation_duration: 0}
$data merge entity $(bone102) {transformation: [-0.2356f,0.9497f,-0.2064f,-0.9971f,-0.6206f,0.0164f,0.784f,0.0622f,0.7479f,0.3128f,0.5855f,1.0151f,0f,0f,0f,1f],start_interpolation: 0,interpolation_duration: 0}
$data merge entity $(bone85) {transformation: [-0.2827f,0.9497f,-0.1349f,-0.9356f,-0.3853f,0.0164f,0.9227f,0.1387f,0.8784f,0.3128f,0.3612f,0.8381f,0f,0f,0f,1f],start_interpolation: 0,interpolation_duration: 0}
$data merge entity $(bone64) {transformation: [0.988f,0.152f,-0.0271f,-0.7838f,-0.1409f,0.9593f,0.2449f,1.122f,0.0632f,-0.2381f,0.9692f,0.5369f,0f,0f,0f,1f],start_interpolation: 0,interpolation_duration: 0}
$data merge entity $(bone61) {transformation: [-0.8367f,0.512f,0.1944f,-0.3501f,0.5245f,0.647f,0.5534f,1.5898f,0.1576f,0.565f,-0.8099f,0.988f,0f,0f,0f,1f],start_interpolation: 0,interpolation_duration: 0}
$data merge entity $(bone23) {transformation: [-0.7934f,-0.6088f,0f,0.1071f,-0.0754f,0.0983f,0.9923f,1.5123f,-0.6041f,0.7872f,-0.1239f,1.0107f,0f,0f,0f,1f],start_interpolation: 0,interpolation_duration: 0}
$data merge entity $(bone22) {transformation: [-0.7934f,0.6088f,0f,-0.1071f,0.0754f,0.0983f,0.9923f,1.5123f,0.6041f,0.7872f,-0.1239f,1.0107f,0f,0f,0f,1f],start_interpolation: 0,interpolation_duration: 0}
$data merge entity $(bone89) {transformation: [-1f,0.0072f,0.0007f,0.002f,0.0054f,0.6801f,0.7331f,2.2068f,0.0048f,0.7331f,-0.6801f,1.4855f,0f,0f,0f,1f],start_interpolation: 0,interpolation_duration: 0}
$data merge entity $(bone90) {transformation: [-1f,0.0069f,0.0019f,0.0013f,0.0054f,0.5425f,0.8401f,2.1455f,0.0048f,0.84f,-0.5425f,1.4065f,0f,0f,0f,1f],start_interpolation: 0,interpolation_duration: 0}
$data merge entity $(bone88) {transformation: [-1f,0.0071f,0.0013f,0.0312f,0.0054f,0.6136f,0.7896f,2.0064f,0.0048f,0.7896f,-0.6137f,1.2887f,0f,0f,0f,1f],start_interpolation: 0,interpolation_duration: 0}
$data merge entity $(bone42) {transformation: [-1f,0f,0f,0f,0f,0.745f,0.6671f,1.7066f,0f,0.6671f,-0.745f,1.6904f,0f,0f,0f,1f],start_interpolation: 0,interpolation_duration: 0}
$data merge entity $(bone87) {transformation: [-0.9998f,0.0157f,-0.0096f,-0.0044f,0.0028f,0.6415f,0.7671f,1.2492f,0.0182f,0.7669f,-0.6415f,2.2408f,0f,0f,0f,1f],start_interpolation: 0,interpolation_duration: 0}
$data merge entity $(bone86) {transformation: [-1f,0f,0f,0f,0f,0.7234f,0.6905f,1.4032f,0f,0.6905f,-0.7234f,2.0724f,0f,0f,0f,1f],start_interpolation: 0,interpolation_duration: 0}
$data merge entity $(bone92) {transformation: [-0.8818f,0.2593f,-0.3939f,0.1194f,-0.0701f,0.754f,0.6532f,1.7791f,0.4664f,0.6036f,-0.6467f,1.731f,0f,0f,0f,1f],start_interpolation: 0,interpolation_duration: 0}
$data merge entity $(bone3) {transformation: [-0.8818f,-0.2593f,0.3939f,-0.1194f,0.0701f,0.754f,0.6532f,1.7791f,-0.4664f,0.6036f,-0.6467f,1.731f,0f,0f,0f,1f],start_interpolation: 0,interpolation_duration: 0}
$data merge entity $(head) {transformation: [-1f,0f,0f,0f,0f,0.7585f,0.6517f,1.7038f,0f,0.6517f,-0.7585f,1.5067f,0f,0f,0f,1f],start_interpolation: 0,interpolation_duration: 0}
$data merge entity $(neck) {transformation: [-1f,0f,0f,0f,0f,0.564f,0.8258f,1.6086f,0f,0.8258f,-0.564f,1.3673f,0f,0f,0f,1f],start_interpolation: 0,interpolation_duration: 0}
$data merge entity $(bone2) {transformation: [-1f,0f,0f,0f,0f,0.1239f,0.9923f,1.5486f,0f,0.9923f,-0.1239f,1.055f,0f,0f,0f,1f],start_interpolation: 0,interpolation_duration: 0}
$data merge entity $(bone136) {transformation: [-1f,0f,0f,0f,0f,0.1756f,1.0746f,1.5317f,0f,0.9845f,-0.1917f,0.8591f,0f,0f,0f,1f],start_interpolation: 0,interpolation_duration: 0}
$data merge entity $(bone118) {transformation: [-0.0625f,-0.849f,-0.5247f,0.2559f,0.9926f,-0.1077f,0.056f,1.6939f,-0.104f,-0.5173f,0.8494f,0.776f,0f,0f,0f,1f],start_interpolation: 0,interpolation_duration: 0}
$data merge entity $(bone119) {transformation: [-0.126f,-0.849f,-0.5132f,0.7365f,0.992f,-0.1077f,-0.0654f,1.7188f,0.0003f,-0.5173f,0.8558f,-0.0296f,0f,0f,0f,1f],start_interpolation: 0,interpolation_duration: 0}
$data merge entity $(bone120) {transformation: [-0.4987f,-0.849f,0.1746f,1.6099f,-0.1602f,-0.1077f,-0.9812f,0.9863f,0.8518f,-0.5173f,-0.0823f,0.6391f,0f,0f,0f,1f],start_interpolation: 0,interpolation_duration: 0}
$data merge entity $(bone121) {transformation: [0f,0f,0f,0.9903f,0f,0f,0f,1.821f,0f,0f,0f,-0.4558f,0f,0f,0f,1f],start_interpolation: 0,interpolation_duration: 0}
$data merge entity $(bone123) {transformation: [0.0754f,-1.731f,-1.0614f,0.887f,1.9752f,-0.1839f,0.4402f,1.3076f,-0.471f,-1.0481f,1.6758f,2.4293f,0f,0f,0f,1f],start_interpolation: 0,interpolation_duration: 0}
$data merge entity $(bone124) {transformation: [-0.0994f,-0.8519f,-0.5142f,0.7492f,0.995f,-0.0905f,-0.0423f,2.6738f,-0.0105f,-0.5158f,0.8566f,-0.2577f,0f,0f,0f,1f],start_interpolation: 0,interpolation_duration: 0}
$data merge entity $(bone122) {transformation: [-0.3529f,-1.3126f,-0.7256f,0.5729f,1.464f,-0.1394f,-0.4598f,2.6672f,0.3261f,-0.7948f,1.2791f,0.0331f,0f,0f,0f,1f],start_interpolation: 0,interpolation_duration: 0}
$data merge entity $(bone126) {transformation: [0.2895f,-0.8519f,-0.4364f,1.1493f,0.7394f,-0.0905f,0.6672f,1.9371f,-0.6079f,-0.5158f,0.6037f,-0.7882f,0f,0f,0f,1f],start_interpolation: 0,interpolation_duration: 0}
$data merge entity $(bone127) {transformation: [0.1667f,-0.8519f,-0.4964f,0.812f,0.8869f,-0.0905f,0.4531f,2.3522f,-0.4309f,-0.5158f,0.7404f,-0.3049f,0f,0f,0f,1f],start_interpolation: 0,interpolation_duration: 0}
$data merge entity $(bone125) {transformation: [0.0456f,-1.1943f,-0.7327f,0.6474f,1.3653f,-0.1269f,0.2918f,2.5203f,-0.3149f,-0.7231f,1.159f,-0.0553f,0f,0f,0f,1f],start_interpolation: 0,interpolation_duration: 0}
$data merge entity $(bone129) {transformation: [1.0404f,-1.5887f,-0.1729f,0.4902f,0.0328f,-0.1688f,2.0055f,3.8543f,-1.7241f,-0.9619f,-0.0662f,2.6378f,0f,0f,0f,1f],start_interpolation: 0,interpolation_duration: 0}
$data merge entity $(bone130) {transformation: [0.5396f,-0.8519f,-0.1695f,0.8486f,0.1671f,-0.0905f,1.0625f,1.5176f,-0.9205f,-0.5158f,0.0935f,-0.2191f,0f,0f,0f,1f],start_interpolation: 0,interpolation_duration: 0}
$data merge entity $(bone131) {transformation: [0.4665f,-0.8519f,-0.3198f,0.713f,0.4704f,-0.0905f,0.9672f,2.1021f,-0.8529f,-0.5158f,0.3586f,-0.0976f,0f,0f,0f,1f],start_interpolation: 0,interpolation_duration: 0}
$data merge entity $(bone128) {transformation: [0.3877f,-0.8981f,-0.453f,0.6103f,0.743f,-0.0954f,0.8566f,2.4093f,-0.7707f,-0.5438f,0.5979f,0.0076f,0f,0f,0f,1f],start_interpolation: 0,interpolation_duration: 0}
$data merge entity $(bone132) {transformation: [-0.1999f,-0.8519f,-0.484f,0.4892f,0.9666f,-0.0905f,-0.2399f,2.55f,0.1605f,-0.5158f,0.8415f,0.2055f,0f,0f,0f,1f],start_interpolation: 0,interpolation_duration: 0}
$data merge entity $(bone133) {transformation: [-0.3495f,-1.4463f,-0.7149f,0.5549f,1.6902f,-0.1536f,-0.3543f,2.565f,0.2807f,-0.8757f,1.2429f,0.1061f,0f,0f,0f,1f],start_interpolation: 0,interpolation_duration: 0}
$data merge entity $(w5) {transformation: [-0.1999f,-0.8519f,-0.484f,0.5621f,0.9666f,-0.0905f,-0.2399f,2.4983f,0.1605f,-0.5158f,0.8415f,0.119f,0f,0f,0f,1f],start_interpolation: 0,interpolation_duration: 0}
$data merge entity $(w2) {transformation: [-0.5087f,-0.849f,-0.1431f,0.7102f,0.4316f,-0.1077f,-0.8956f,1.7351f,0.745f,-0.5173f,0.4212f,-0.013f,0f,0f,0f,1f],start_interpolation: 0,interpolation_duration: 0}
$data merge entity $(wing3) {transformation: [-0.0625f,-0.849f,-0.5247f,0.2175f,0.9926f,-0.1077f,0.056f,1.798f,-0.104f,-0.5173f,0.8494f,0.7824f,0f,0f,0f,1f],start_interpolation: 0,interpolation_duration: 0}
$data merge entity $(bone104) {transformation: [-0.0625f,0.849f,0.5247f,-0.2559f,-0.9926f,-0.1077f,0.056f,1.6939f,0.104f,-0.5173f,0.8494f,0.776f,0f,0f,0f,1f],start_interpolation: 0,interpolation_duration: 0}
$data merge entity $(bone105) {transformation: [-0.126f,0.849f,0.5132f,-0.7365f,-0.992f,-0.1077f,-0.0654f,1.7188f,-0.0003f,-0.5173f,0.8558f,-0.0296f,0f,0f,0f,1f],start_interpolation: 0,interpolation_duration: 0}
$data merge entity $(bone106) {transformation: [-0.4987f,0.849f,-0.1746f,-1.6099f,0.1602f,-0.1077f,-0.9812f,0.9863f,-0.8518f,-0.5173f,-0.0823f,0.6391f,0f,0f,0f,1f],start_interpolation: 0,interpolation_duration: 0}
$data merge entity $(bone107) {transformation: [0f,0f,0f,-0.9903f,0f,0f,0f,1.821f,0f,0f,0f,-0.4558f,0f,0f,0f,1f],start_interpolation: 0,interpolation_duration: 0}
$data merge entity $(bone109) {transformation: [0.0877f,1.731f,0.9991f,-0.9223f,-1.8095f,-0.1839f,0.3795f,1.4144f,0.4624f,-1.0481f,1.5834f,2.3524f,0f,0f,0f,1f],start_interpolation: 0,interpolation_duration: 0}
$data merge entity $(bone110) {transformation: [-0.0855f,0.8519f,0.4861f,-0.7395f,-0.9085f,-0.0905f,-0.0501f,2.6771f,0.0181f,-0.5158f,0.8116f,-0.2423f,0f,0f,0f,1f],start_interpolation: 0,interpolation_duration: 0}
$data merge entity $(bone108) {transformation: [-0.3212f,1.3126f,0.6893f,-0.5729f,-1.3322f,-0.1394f,-0.4368f,2.6672f,-0.2967f,-0.7948f,1.2151f,0.0331f,0f,0f,0f,1f],start_interpolation: 0,interpolation_duration: 0}
$data merge entity $(bone112) {transformation: [0.2895f,0.8519f,0.4364f,-1.1493f,-0.7394f,-0.0905f,0.6672f,1.9371f,0.6079f,-0.5158f,0.6037f,-0.7882f,0f,0f,0f,1f],start_interpolation: 0,interpolation_duration: 0}
$data merge entity $(bone113) {transformation: [0.1667f,0.8519f,0.4964f,-0.812f,-0.8869f,-0.0905f,0.4531f,2.3522f,0.4309f,-0.5158f,0.7404f,-0.3049f,0f,0f,0f,1f],start_interpolation: 0,interpolation_duration: 0}
$data merge entity $(bone111) {transformation: [0.0456f,1.1943f,0.7327f,-0.6474f,-1.3653f,-0.1269f,0.2918f,2.5203f,0.3149f,-0.7231f,1.159f,-0.0553f,0f,0f,0f,1f],start_interpolation: 0,interpolation_duration: 0}
$data merge entity $(bone115) {transformation: [1.0404f,1.5887f,0.1729f,-0.4902f,-0.0328f,-0.1688f,2.0055f,3.8543f,1.7241f,-0.9619f,-0.0662f,2.6378f,0f,0f,0f,1f],start_interpolation: 0,interpolation_duration: 0}
$data merge entity $(bone116) {transformation: [0.5396f,0.8519f,0.1695f,-0.8486f,-0.1671f,-0.0905f,1.0625f,1.5176f,0.9205f,-0.5158f,0.0935f,-0.2191f,0f,0f,0f,1f],start_interpolation: 0,interpolation_duration: 0}
$data merge entity $(bone117) {transformation: [0.4665f,0.8519f,0.3198f,-0.713f,-0.4704f,-0.0905f,0.9672f,2.1021f,0.8529f,-0.5158f,0.3586f,-0.0976f,0f,0f,0f,1f],start_interpolation: 0,interpolation_duration: 0}
$data merge entity $(bone114) {transformation: [0.3877f,0.8981f,0.453f,-0.6103f,-0.743f,-0.0954f,0.8566f,2.4093f,0.7707f,-0.5438f,0.5979f,0.0076f,0f,0f,0f,1f],start_interpolation: 0,interpolation_duration: 0}
$data merge entity $(bone134) {transformation: [-0.1999f,0.8519f,0.484f,-0.4892f,-0.9666f,-0.0905f,-0.2399f,2.55f,-0.1605f,-0.5158f,0.8415f,0.2055f,0f,0f,0f,1f],start_interpolation: 0,interpolation_duration: 0}
$data merge entity $(bone135) {transformation: [-0.3495f,1.4463f,0.7149f,-0.5549f,-1.6902f,-0.1536f,-0.3543f,2.565f,-0.2807f,-0.8757f,1.2429f,0.1061f,0f,0f,0f,1f],start_interpolation: 0,interpolation_duration: 0}
$data merge entity $(w4) {transformation: [-0.1999f,0.8519f,0.484f,-0.5621f,-0.9666f,-0.0905f,-0.2399f,2.4983f,-0.1605f,-0.5158f,0.8415f,0.119f,0f,0f,0f,1f],start_interpolation: 0,interpolation_duration: 0}
$data merge entity $(w3) {transformation: [-0.5087f,0.849f,0.1431f,-0.7102f,-0.4316f,-0.1077f,-0.8956f,1.7351f,-0.745f,-0.5173f,0.4212f,-0.013f,0f,0f,0f,1f],start_interpolation: 0,interpolation_duration: 0}
$data merge entity $(wing2) {transformation: [-0.0625f,0.849f,0.5247f,-0.2175f,-0.9926f,-0.1077f,0.056f,1.798f,0.104f,-0.5173f,0.8494f,0.7824f,0f,0f,0f,1f],start_interpolation: 0,interpolation_duration: 0}
$data merge entity $(bone20) {transformation: [-1f,0f,0f,-0.1563f,0f,-0.1802f,0.9836f,1.5543f,0f,0.9836f,0.1802f,0.3246f,0f,0f,0f,1f],start_interpolation: 0,interpolation_duration: 0}
$data merge entity $(bone101) {transformation: [-1f,0f,0f,0f,0f,-0.4969f,0.8678f,1.1552f,0f,0.8678f,0.4969f,-2.6753f,0f,0f,0f,1f],start_interpolation: 0,interpolation_duration: 0}
$data merge entity $(bone100) {transformation: [-1f,0f,0f,0f,0f,0.1006f,0.9949f,0.705f,0f,0.9949f,-0.1006f,-2.6235f,0f,0f,0f,1f],start_interpolation: 0,interpolation_duration: 0}
$data merge entity $(bone99) {transformation: [-1f,0f,0f,0f,0f,0.5294f,0.8484f,0.2755f,0f,0.8484f,-0.5294f,-2.3555f,0f,0f,0f,1f],start_interpolation: 0,interpolation_duration: 0}
$data merge entity $(bone98) {transformation: [-1f,0f,0f,0f,0f,0.8945f,0.4471f,0.0548f,0f,0.4471f,-0.8945f,-1.9139f,0f,0f,0f,1f],start_interpolation: 0,interpolation_duration: 0}
$data merge entity $(bone97) {transformation: [-1f,0f,0f,0f,0f,0.9879f,-0.1549f,0.1341f,0f,-0.1549f,-0.9879f,-1.4076f,0f,0f,0f,1f],start_interpolation: 0,interpolation_duration: 0}
$data merge entity $(bone96) {transformation: [-1f,0f,0f,0f,0f,0.8535f,-0.5211f,0.3947f,0f,-0.5211f,-0.8535f,-0.9808f,0f,0f,0f,1f],start_interpolation: 0,interpolation_duration: 0}
$data merge entity $(bone95) {transformation: [-1f,0f,0f,0f,0f,0.6573f,-0.7537f,0.7668f,0f,-0.7537f,-0.6573f,-0.6563f,0f,0f,0f,1f],start_interpolation: 0,interpolation_duration: 0}
$data merge entity $(bone94) {transformation: [-1f,0f,0f,0f,0f,0.5891f,-0.8081f,1.1658f,0f,-0.8081f,-0.5891f,-0.3654f,0f,0f,0f,1f],start_interpolation: 0,interpolation_duration: 0}
$data merge entity $(bone93) {transformation: [-1f,0f,0f,0f,0f,0.7204f,-0.6935f,1.4281f,0f,-0.6935f,-0.7204f,-0.093f,0f,0f,0f,1f],start_interpolation: 0,interpolation_duration: 0}
$data merge entity $(bone) {transformation: [-1f,0f,0f,0f,0f,0.5373f,0.8434f,1.3358f,0f,0.8434f,-0.5373f,-0.0343f,0f,0f,0f,1f],start_interpolation: 0,interpolation_duration: 0}
$data merge entity $(bone24) {transformation: [-0.9666f,-0.2565f,-0.0036f,0.1031f,-0.2562f,0.9648f,0.0593f,1.2771f,-0.0118f,0.0582f,-0.9982f,-0.0354f,0f,0f,0f,1f],start_interpolation: 0,interpolation_duration: 0}
$data merge entity $(bone32) {transformation: [-0.9974f,-0.0516f,-0.0513f,0.2282f,-0.0686f,0.4348f,0.8979f,0.6154f,-0.0241f,0.899f,-0.4372f,-0.3183f,0f,0f,0f,1f],start_interpolation: 0,interpolation_duration: 0}
$data merge entity $(bone36) {transformation: [-0.9989f,-0.0232f,-0.0408f,0.3371f,-0.0232f,0.9997f,0.0019f,0.2883f,0.0407f,0.0028f,-0.9992f,-1.0225f,0f,0f,0f,1f],start_interpolation: 0,interpolation_duration: 0}
$data merge entity $(bone35) {transformation: [-0.9989f,0.0003f,-0.0469f,0.2985f,-0.0232f,0.8648f,0.5015f,0.4141f,0.0407f,0.502f,-0.8639f,-0.9428f,0f,0f,0f,1f],start_interpolation: 0,interpolation_duration: 0}
$data merge entity $(bone34) {transformation: [-0.9989f,0.0064f,-0.0464f,0.3004f,-0.0232f,0.792f,0.6101f,0.4914f,0.0407f,0.6105f,-0.791f,-0.8859f,0f,0f,0f,1f],start_interpolation: 0,interpolation_duration: 0}
$data merge entity $(bone77) {transformation: [-0.9323f,0.3602f,-0.033f,0.106f,0.0083f,-0.0698f,-0.9975f,0.0704f,-0.3616f,-0.9303f,0.0621f,-0.3578f,0f,0f,0f,1f],start_interpolation: 0,interpolation_duration: 0}
$data merge entity $(bone75) {transformation: [-0.9323f,0.3602f,-0.033f,0.1694f,0.0083f,-0.0698f,-0.9975f,0.0595f,-0.3616f,-0.9303f,0.0621f,-0.5325f,0f,0f,0f,1f],start_interpolation: 0,interpolation_duration: 0}
$data merge entity $(bone39) {transformation: [-0.9323f,0.3602f,-0.033f,0.2321f,0.0083f,-0.0698f,-0.9975f,0.0455f,-0.3616f,-0.9303f,0.0621f,-0.6908f,0f,0f,0f,1f],start_interpolation: 0,interpolation_duration: 0}
$data merge entity $(bone76) {transformation: [-0.9614f,-0.2749f,-0.0124f,0.4984f,0.0198f,-0.0242f,-0.9995f,0.0518f,0.2745f,-0.9612f,0.0287f,-0.3327f,0f,0f,0f,1f],start_interpolation: 0,interpolation_duration: 0}
$data merge entity $(bone74) {transformation: [-0.9614f,-0.2749f,-0.0124f,0.4829f,0.0198f,-0.0242f,-0.9995f,0.0555f,0.2745f,-0.9612f,0.0287f,-0.5291f,0f,0f,0f,1f],start_interpolation: 0,interpolation_duration: 0}
$data merge entity $(bone40) {transformation: [-0.9614f,-0.2749f,-0.0124f,0.4346f,0.0198f,-0.0242f,-0.9995f,0.0493f,0.2745f,-0.9612f,0.0287f,-0.6928f,0f,0f,0f,1f],start_interpolation: 0,interpolation_duration: 0}
$data merge entity $(bone79) {transformation: [-0.9996f,0.0285f,-0.0004f,0.313f,-0.0003f,-0.0248f,-0.9997f,0.0592f,-0.0285f,-0.9993f,0.0248f,-0.293f,0f,0f,0f,1f],start_interpolation: 0,interpolation_duration: 0}
$data merge entity $(bone78) {transformation: [-0.9996f,0.0285f,-0.0004f,0.3227f,-0.0003f,-0.0248f,-0.9997f,0.0562f,-0.0285f,-0.9993f,0.0248f,-0.4935f,0f,0f,0f,1f],start_interpolation: 0,interpolation_duration: 0}
$data merge entity $(bone41) {transformation: [-0.9996f,0.0285f,-0.0004f,0.327f,-0.0003f,-0.0248f,-0.9997f,0.0492f,-0.0285f,-0.9993f,0.0248f,-0.6926f,0f,0f,0f,1f],start_interpolation: 0,interpolation_duration: 0}
$data merge entity $(bone38) {transformation: [-1f,-0.0016f,-0.0013f,0.3379f,-0.0009f,0.9111f,-0.4122f,0.3081f,0.0019f,-0.4122f,-0.9111f,-0.7857f,0f,0f,0f,1f],start_interpolation: 0,interpolation_duration: 0}
$data merge entity $(bone33) {transformation: [-0.9993f,-0.0303f,-0.0207f,0.3196f,-0.0366f,0.8641f,0.5019f,0.5372f,0.0027f,0.5023f,-0.8647f,-0.6519f,0f,0f,0f,1f],start_interpolation: 0,interpolation_duration: 0}
$data merge entity $(bone31) {transformation: [-0.9974f,-0.0424f,-0.0591f,0.2796f,-0.0686f,0.2806f,0.9574f,0.6523f,-0.0241f,0.9589f,-0.2828f,0.2047f,0f,0f,0f,1f],start_interpolation: 0,interpolation_duration: 0}
$data merge entity $(bone19) {transformation: [-0.9852f,-0.1677f,0.035f,0.1713f,-0.1711f,0.9716f,-0.1634f,1.2847f,-0.0066f,-0.167f,-0.9859f,-0.0343f,0f,0f,0f,1f],start_interpolation: 0,interpolation_duration: 0}
$data merge entity $(bone44) {transformation: [-0.7981f,0.524f,0.2973f,-0.1115f,0.1751f,0.6739f,-0.7178f,1.2789f,-0.5765f,-0.5208f,-0.6296f,-0.001f,0f,0f,0f,1f],start_interpolation: 0,interpolation_duration: 0}
$data merge entity $(bone46) {transformation: [-0.8892f,-0.2337f,0.3932f,-0.2869f,0.062f,0.7901f,0.6099f,0.7878f,-0.4532f,0.5667f,-0.6881f,0.1159f,0f,0f,0f,1f],start_interpolation: 0,interpolation_duration: 0}
$data merge entity $(bone50) {transformation: [-0.871f,-0.1274f,0.4745f,-0.0748f,0.0261f,0.9524f,0.3037f,0.33f,-0.4906f,0.2769f,-0.8262f,-0.5366f,0f,0f,0f,1f],start_interpolation: 0,interpolation_duration: 0}
$data merge entity $(bone49) {transformation: [-0.871f,-0.3476f,0.3472f,-0.0941f,0.0261f,0.6729f,0.7392f,0.4262f,-0.4906f,0.6529f,-0.577f,-0.4181f,0f,0f,0f,1f],start_interpolation: 0,interpolation_duration: 0}
$data merge entity $(bone48) {transformation: [-0.871f,-0.39f,0.2989f,-0.1321f,0.0261f,0.5707f,0.8207f,0.4827f,-0.4906f,0.7227f,-0.4869f,-0.3504f,0f,0f,0f,1f],start_interpolation: 0,interpolation_duration: 0}
$data merge entity $(bone54) {transformation: [-0.9806f,0.1959f,0.0063f,-0.2552f,-0.015f,-0.0427f,-0.999f,0.0654f,-0.1954f,-0.9797f,0.0448f,0.218f,0f,0f,0f,1f],start_interpolation: 0,interpolation_duration: 0}
$data merge entity $(bone53) {transformation: [-0.9806f,0.1959f,0.0063f,-0.2148f,-0.015f,-0.0427f,-0.999f,0.0595f,-0.1954f,-0.9797f,0.0448f,0.0364f,0f,0f,0f,1f],start_interpolation: 0,interpolation_duration: 0}
$data merge entity $(bone52) {transformation: [-0.9806f,0.1959f,0.0063f,-0.1826f,-0.015f,-0.0427f,-0.999f,0.0501f,-0.1954f,-0.9797f,0.0448f,-0.1311f,0f,0f,0f,1f],start_interpolation: 0,interpolation_duration: 0}
$data merge entity $(bone57) {transformation: [-0.7279f,0.6857f,0.0054f,-0.5835f,-0.0141f,-0.0071f,-0.9999f,0.0591f,-0.6856f,-0.7279f,0.0149f,0.0652f,0f,0f,0f,1f],start_interpolation: 0,interpolation_duration: 0}
$data merge entity $(bone56) {transformation: [-0.7279f,0.6857f,0.0054f,-0.4795f,-0.0141f,-0.0071f,-0.9999f,0.0663f,-0.6856f,-0.7279f,0.0149f,-0.102f,0f,0f,0f,1f],start_interpolation: 0,interpolation_duration: 0}
$data merge entity $(bone55) {transformation: [-0.7279f,0.6857f,0.0054f,-0.3614f,-0.0141f,-0.0071f,-0.9999f,0.0631f,-0.6856f,-0.7279f,0.0149f,-0.2254f,0f,0f,0f,1f],start_interpolation: 0,interpolation_duration: 0}
$data merge entity $(bone60) {transformation: [-0.8806f,0.4729f,-0.0306f,-0.4528f,0.0146f,-0.0375f,-0.9992f,0.0732f,-0.4737f,-0.8803f,0.0261f,0.1774f,0f,0f,0f,1f],start_interpolation: 0,interpolation_duration: 0}
$data merge entity $(bone59) {transformation: [-0.8806f,0.4729f,-0.0306f,-0.3613f,0.0146f,-0.0375f,-0.9992f,0.0677f,-0.4737f,-0.8803f,0.0261f,-0.0013f,0f,0f,0f,1f],start_interpolation: 0,interpolation_duration: 0}
$data merge entity $(bone58) {transformation: [-0.8806f,0.4729f,-0.0306f,-0.266f,0.0146f,-0.0375f,-0.9992f,0.0581f,-0.4737f,-0.8803f,0.0261f,-0.176f,0f,0f,0f,1f],start_interpolation: 0,interpolation_duration: 0}
$data merge entity $(bone51) {transformation: [-0.8871f,0.2154f,0.4083f,-0.2259f,0.0458f,0.9211f,-0.3865f,0.3198f,-0.4593f,-0.3242f,-0.827f,-0.252f,0f,0f,0f,1f],start_interpolation: 0,interpolation_duration: 0}
$data merge entity $(bone47) {transformation: [-0.8871f,-0.1209f,0.4455f,-0.249f,0.0458f,0.9373f,0.3455f,0.5683f,-0.4593f,0.3269f,-0.8259f,-0.1601f,0f,0f,0f,1f],start_interpolation: 0,interpolation_duration: 0}
$data merge entity $(bone45) {transformation: [-0.8892f,-0.2954f,0.3492f,-0.5369f,0.062f,0.6786f,0.7319f,1.0531f,-0.4532f,0.6725f,-0.5851f,0.4962f,0f,0f,0f,1f],start_interpolation: 0,interpolation_duration: 0}
$data merge entity $(bone43) {transformation: [-0.8408f,0.5077f,0.1879f,-0.1713f,0.1157f,0.5075f,-0.8538f,1.2847f,-0.5289f,-0.6961f,-0.4855f,-0.0343f,0f,0f,0f,1f],start_interpolation: 0,interpolation_duration: 0}