# This file was generated by Animated Java via MC-Build. It is not recommended to edit this file directly.
$data merge entity $(bone5) {transformation: [-0.9947f,-0.1023f,0.0089f,0.385f,-0.0922f,0.9286f,0.3593f,1.4884f,-0.045f,0.3566f,-0.9332f,0.9753f,0f,0f,0f,1f],start_interpolation: 0,interpolation_duration: 0}
$data merge entity $(bone6) {transformation: [0.0189f,-0.2645f,-0.9642f,0.4943f,-0.4515f,0.8582f,-0.2443f,1.26f,0.8921f,0.44f,-0.1032f,0.897f,0f,0f,0f,1f],start_interpolation: 0,interpolation_duration: 0}
$data merge entity $(bone8) {transformation: [-0.2594f,-0.0674f,0.9634f,0.6396f,-0.0906f,0.9949f,0.0451f,0.5765f,-0.9615f,-0.0756f,-0.2642f,0.7473f,0f,0f,0f,1f],start_interpolation: 0,interpolation_duration: 0}
$data merge entity $(bone9) {transformation: [-0.2594f,-0.0674f,0.9634f,0.7998f,-0.0906f,0.9949f,0.0451f,0.75f,-0.9615f,-0.0756f,-0.2642f,0.6801f,0f,0f,0f,1f],start_interpolation: 0,interpolation_duration: 0}
$data merge entity $(bone10) {transformation: [-0.2272f,-0.1422f,0.9634f,0.6216f,-0.3856f,0.9216f,0.0451f,0.567f,-0.8943f,-0.3612f,-0.2642f,0.7236f,0f,0f,0f,1f],start_interpolation: 0,interpolation_duration: 0}
$data merge entity $(bone12) {transformation: [-0.1824f,-0.5185f,0.8354f,0.7672f,-0.8936f,0.4419f,0.0791f,0.0628f,-0.4102f,-0.7321f,-0.5439f,0.9388f,0f,0f,0f,1f],start_interpolation: 0,interpolation_duration: 0}
$data merge entity $(bone15) {transformation: [0.9855f,-0.1034f,0.1347f,0.3838f,-0.1528f,-0.1946f,0.9689f,0.0211f,-0.074f,-0.9754f,-0.2076f,0.9928f,0f,0f,0f,1f],start_interpolation: 0,interpolation_duration: 0}
$data merge entity $(bone14) {transformation: [0.9502f,-0.1034f,-0.2941f,0.5059f,0.2706f,-0.1946f,0.9428f,0.057f,-0.1547f,-0.9754f,-0.1569f,0.9714f,0f,0f,0f,1f],start_interpolation: 0,interpolation_duration: 0}
$data merge entity $(bone13) {transformation: [0.7923f,-0.1034f,-0.6013f,0.6092f,0.5767f,-0.1946f,0.7934f,0.1298f,-0.1991f,-0.9754f,-0.0946f,0.9426f,0f,0f,0f,1f],start_interpolation: 0,interpolation_duration: 0}
$data merge entity $(bone18) {transformation: [-0.067f,-0.9969f,-0.0423f,0.7491f,0.9855f,-0.0595f,-0.1588f,-0.1747f,0.1557f,-0.0523f,0.9864f,1.3167f,0f,0f,0f,1f],start_interpolation: 0,interpolation_duration: 0}
$data merge entity $(bone17) {transformation: [-0.0241f,-0.9969f,-0.0755f,0.7444f,0.857f,-0.0595f,0.5119f,-0.0059f,-0.5148f,-0.0523f,0.8557f,1.2153f,0f,0f,0f,1f],start_interpolation: 0,interpolation_duration: 0}
$data merge entity $(bone16) {transformation: [0.025f,-0.9969f,-0.0752f,0.7439f,0.3901f,-0.0595f,0.9189f,0.0495f,-0.9205f,-0.0523f,0.3873f,1.0794f,0f,0f,0f,1f],start_interpolation: 0,interpolation_duration: 0}
$data merge entity $(bone27) {transformation: [-0.8525f,-0.5171f,-0.0767f,1.189f,-0.0433f,-0.0763f,0.9961f,0.0378f,-0.521f,0.8525f,0.0426f,1.1298f,0f,0f,0f,1f],start_interpolation: 0,interpolation_duration: 0}
$data merge entity $(bone26) {transformation: [-0.8405f,-0.5377f,-0.0665f,1.0554f,-0.0394f,-0.0618f,0.9973f,0.0325f,-0.5404f,0.8409f,0.0308f,1.0516f,0f,0f,0f,1f],start_interpolation: 0,interpolation_duration: 0}
$data merge entity $(bone25) {transformation: [-0.8291f,-0.5377f,0.1533f,0.9028f,0.22f,-0.0618f,0.9735f,0.0704f,-0.514f,0.8409f,0.1696f,0.9619f,0f,0f,0f,1f],start_interpolation: 0,interpolation_duration: 0}
$data merge entity $(bone30) {transformation: [-0.0906f,-0.8717f,0.4815f,0.9891f,0.9942f,-0.0509f,0.095f,-0.1709f,-0.0583f,0.4873f,0.8713f,1.2902f,0f,0f,0f,1f],start_interpolation: 0,interpolation_duration: 0}
$data merge entity $(bone29) {transformation: [-0.3225f,-0.8717f,0.3689f,0.9293f,0.8084f,-0.0509f,0.5864f,-0.0114f,-0.4924f,0.4873f,0.7211f,1.1911f,0f,0f,0f,1f],start_interpolation: 0,interpolation_duration: 0}
$data merge entity $(bone28) {transformation: [-0.4738f,-0.8717f,0.1247f,0.8295f,0.3407f,-0.0509f,0.9388f,0.0557f,-0.8121f,0.4873f,0.3211f,1.0284f,0f,0f,0f,1f],start_interpolation: 0,interpolation_duration: 0}
$data merge entity $(bone7) {transformation: [0.9634f,-0.0786f,0.2563f,0.6017f,0.0451f,0.99f,0.134f,0.9114f,-0.2642f,-0.1175f,0.9573f,0.7036f,0f,0f,0f,1f],start_interpolation: 0,interpolation_duration: 0}
$data merge entity $(bone4) {transformation: [-0.9642f,-0.265f,0.0089f,0.3501f,-0.2443f,0.9007f,0.3593f,1.5942f,-0.1032f,0.3443f,-0.9332f,0.9879f,0f,0f,0f,1f],start_interpolation: 0,interpolation_duration: 0}
$data merge entity $(bone62) {transformation: [-0.9098f,0.3676f,0.1926f,-0.4164f,0.4103f,0.7273f,0.5502f,1.5126f,0.0622f,0.5796f,-0.8125f,0.9489f,0f,0f,0f,1f],start_interpolation: 0,interpolation_duration: 0}
$data merge entity $(bone63) {transformation: [0.2451f,0.4897f,0.8367f,-0.5868f,0.6151f,0.5885f,-0.5247f,1.36f,-0.7494f,0.6433f,-0.157f,0.8151f,0f,0f,0f,1f],start_interpolation: 0,interpolation_duration: 0}
$data merge entity $(bone65) {transformation: [-0.0335f,0.1494f,-0.9882f,-0.8455f,0.1964f,0.9705f,0.14f,0.8009f,0.9799f,-0.1894f,-0.0619f,0.6242f,0f,0f,0f,1f],start_interpolation: 0,interpolation_duration: 0}
$data merge entity $(bone66) {transformation: [-0.0335f,0.1494f,-0.9882f,-0.9981f,0.1964f,0.9705f,0.14f,0.9866f,0.9799f,-0.1894f,-0.0619f,0.5743f,0f,0f,0f,1f],start_interpolation: 0,interpolation_duration: 0}
$data merge entity $(bone67) {transformation: [0.0129f,0.1526f,-0.9882f,-0.8341f,0.4792f,0.8665f,0.14f,0.7876f,0.8776f,-0.4753f,-0.0619f,0.5984f,0f,0f,0f,1f],start_interpolation: 0,interpolation_duration: 0}
$data merge entity $(bone69) {transformation: [-0.2582f,0.0744f,-0.9632f,-0.9147f,0.3071f,0.9516f,-0.0088f,0.2235f,0.916f,-0.298f,-0.2686f,0.77f,0f,0f,0f,1f],start_interpolation: 0,interpolation_duration: 0}
$data merge entity $(bone72) {transformation: [0.9262f,0.25f,0.282f,-0.6294f,-0.3481f,0.2807f,0.8944f,0.1408f,0.1444f,-0.9267f,0.3471f,0.7908f,0f,0f,0f,1f],start_interpolation: 0,interpolation_duration: 0}
$data merge entity $(bone71) {transformation: [0.7542f,0.25f,0.6072f,-0.7256f,-0.6567f,0.2807f,0.7f,0.2269f,0.0045f,-0.9267f,0.3759f,0.7896f,0f,0f,0f,1f],start_interpolation: 0,interpolation_duration: 0}
$data merge entity $(bone70) {transformation: [0.501f,0.25f,0.8286f,-0.7911f,-0.8565f,0.2807f,0.4332f,0.338f,-0.1243f,-0.9267f,0.3548f,0.8021f,0f,0f,0f,1f],start_interpolation: 0,interpolation_duration: 0}
$data merge entity $(bone81) {transformation: [0.1379f,0.9902f,0.0217f,-0.8015f,-0.3138f,0.0229f,0.9492f,-0.053f,0.9394f,-0.1377f,0.3139f,1.1328f,0f,0f,0f,1f],start_interpolation: 0,interpolation_duration: 0}
$data merge entity $(bone80) {transformation: [0.1121f,0.9902f,0.0832f,-0.8236f,-0.7184f,0.0229f,0.6953f,0.0885f,0.6866f,-0.1377f,0.7139f,0.9975f,0f,0f,0f,1f],start_interpolation: 0,interpolation_duration: 0}
$data merge entity $(bone73) {transformation: [0.1355f,0.9902f,0.0336f,-0.8392f,-0.3952f,0.0229f,0.9183f,0.145f,0.9085f,-0.1377f,0.3945f,0.863f,0f,0f,0f,1f],start_interpolation: 0,interpolation_duration: 0}
$data merge entity $(bone84) {transformation: [-0.7157f,0.6922f,0.0926f,-1.2547f,0.1003f,-0.0293f,0.9945f,0.0286f,0.6912f,0.7211f,-0.0484f,1.0157f,0f,0f,0f,1f],start_interpolation: 0,interpolation_duration: 0}
$data merge entity $(bone83) {transformation: [-0.6841f,0.7095f,-0.1691f,-1.1444f,-0.2481f,-0.0083f,0.9687f,0.0681f,0.6859f,0.7047f,0.1817f,0.9143f,0f,0f,0f,1f],start_interpolation: 0,interpolation_duration: 0}
$data merge entity $(bone82) {transformation: [-0.617f,0.7095f,-0.3404f,-1.0291f,-0.4903f,-0.0083f,0.8715f,0.1553f,0.6155f,0.7047f,0.353f,0.8054f,0f,0f,0f,1f],start_interpolation: 0,interpolation_duration: 0}
$data merge entity $(bone103) {transformation: [-0.2973f,0.9498f,-0.0974f,-1.0391f,-0.2612f,0.0172f,0.9651f,-0.0596f,0.9183f,0.3124f,0.243f,1.1627f,0f,0f,0f,1f],start_interpolation: 0,interpolation_duration: 0}
$data merge entity $(bone102) {transformation: [-0.2338f,0.9498f,-0.2079f,-0.9971f,-0.6246f,0.0172f,0.7808f,0.0633f,0.7451f,0.3124f,0.5892f,1.0146f,0f,0f,0f,1f],start_interpolation: 0,interpolation_duration: 0}
$data merge entity $(bone85) {transformation: [-0.2818f,0.9498f,-0.1359f,-0.9357f,-0.3868f,0.0172f,0.922f,0.1401f,0.878f,0.3124f,0.3626f,0.8376f,0f,0f,0f,1f],start_interpolation: 0,interpolation_duration: 0}
$data merge entity $(bone64) {transformation: [0.9882f,0.1507f,-0.027f,-0.7843f,-0.14f,0.961f,0.2386f,1.1244f,0.0619f,-0.232f,0.9707f,0.5396f,0f,0f,0f,1f],start_interpolation: 0,interpolation_duration: 0}
$data merge entity $(bone61) {transformation: [-0.8367f,0.5127f,0.1926f,-0.3501f,0.5247f,0.6496f,0.5502f,1.5942f,0.157f,0.5614f,-0.8125f,0.9879f,0f,0f,0f,1f],start_interpolation: 0,interpolation_duration: 0}
$data merge entity $(bone23) {transformation: [-0.7934f,-0.6088f,0f,0.1071f,-0.0761f,0.0991f,0.9922f,1.5167f,-0.604f,0.7871f,-0.125f,1.0108f,0f,0f,0f,1f],start_interpolation: 0,interpolation_duration: 0}
$data merge entity $(bone22) {transformation: [-0.7934f,0.6088f,0f,-0.1071f,0.0761f,0.0991f,0.9922f,1.5167f,0.604f,0.7871f,-0.125f,1.0108f,0f,0f,0f,1f],start_interpolation: 0,interpolation_duration: 0}
$data merge entity $(bone89) {transformation: [-1f,0.0072f,0.0007f,0.002f,0.0054f,0.6757f,0.7371f,2.2109f,0.0048f,0.7371f,-0.6758f,1.489f,0f,0f,0f,1f],start_interpolation: 0,interpolation_duration: 0}
$data merge entity $(bone90) {transformation: [-1f,0.0069f,0.0019f,0.0013f,0.0054f,0.5375f,0.8433f,2.1501f,0.0048f,0.8433f,-0.5375f,1.4096f,0f,0f,0f,1f],start_interpolation: 0,interpolation_duration: 0}
$data merge entity $(bone88) {transformation: [-1f,0.0071f,0.0013f,0.0312f,0.0054f,0.6089f,0.7932f,2.0117f,0.0048f,0.7932f,-0.6089f,1.291f,0f,0f,0f,1f],start_interpolation: 0,interpolation_duration: 0}
$data merge entity $(bone42) {transformation: [-1f,0f,0f,0f,0f,0.7426f,0.6698f,1.7095f,0f,0.6698f,-0.7426f,1.6909f,0f,0f,0f,1f],start_interpolation: 0,interpolation_duration: 0}
$data merge entity $(bone87) {transformation: [-0.9998f,0.0157f,-0.0096f,-0.0044f,0.0027f,0.6369f,0.7709f,1.2488f,0.0182f,0.7708f,-0.6369f,2.2386f,0f,0f,0f,1f],start_interpolation: 0,interpolation_duration: 0}
$data merge entity $(bone86) {transformation: [-1f,0f,0f,0f,0f,0.7192f,0.6948f,1.4038f,0f,0.6948f,-0.7192f,2.0711f,0f,0f,0f,1f],start_interpolation: 0,interpolation_duration: 0}
$data merge entity $(bone92) {transformation: [-0.8818f,0.2593f,-0.3939f,0.1194f,-0.0729f,0.7503f,0.657f,1.7818f,0.466f,0.6081f,-0.6428f,1.7319f,0f,0f,0f,1f],start_interpolation: 0,interpolation_duration: 0}
$data merge entity $(bone3) {transformation: [-0.8818f,-0.2593f,0.3939f,-0.1194f,0.0729f,0.7503f,0.657f,1.7818f,-0.466f,0.6081f,-0.6428f,1.7319f,0f,0f,0f,1f],start_interpolation: 0,interpolation_duration: 0}
$data merge entity $(head) {transformation: [-1f,0f,0f,0f,0f,0.7546f,0.6562f,1.7078f,0f,0.6562f,-0.7546f,1.5072f,0f,0f,0f,1f],start_interpolation: 0,interpolation_duration: 0}
$data merge entity $(neck) {transformation: [-1f,0f,0f,0f,0f,0.5591f,0.8291f,1.6134f,0f,0.8291f,-0.5591f,1.3672f,0f,0f,0f,1f],start_interpolation: 0,interpolation_duration: 0}
$data merge entity $(bone2) {transformation: [-1f,0f,0f,0f,0f,0.125f,0.9922f,1.5531f,0f,0.9922f,-0.125f,1.0551f,0f,0f,0f,1f],start_interpolation: 0,interpolation_duration: 0}
$data merge entity $(bone136) {transformation: [-1f,0f,0f,0f,0f,0.1767f,1.0813f,1.5359f,0f,0.9843f,-0.1941f,0.8591f,0f,0f,0f,1f],start_interpolation: 0,interpolation_duration: 0}
$data merge entity $(bone118) {transformation: [-0.0638f,-0.849f,-0.5246f,0.256f,0.9926f,-0.1083f,0.0547f,1.6981f,-0.1033f,-0.5172f,0.8496f,0.7756f,0f,0f,0f,1f],start_interpolation: 0,interpolation_duration: 0}
$data merge entity $(bone119) {transformation: [-0.1272f,-0.849f,-0.5129f,0.7363f,0.9919f,-0.1083f,-0.0667f,1.7242f,0.001f,-0.5172f,0.8559f,-0.03f,0f,0f,0f,1f],start_interpolation: 0,interpolation_duration: 0}
$data merge entity $(bone120) {transformation: [-0.4983f,-0.849f,0.1758f,1.6108f,-0.1614f,-0.1083f,-0.9809f,0.9924f,0.8518f,-0.5172f,-0.0831f,0.6378f,0f,0f,0f,1f],start_interpolation: 0,interpolation_duration: 0}
$data merge entity $(bone121) {transformation: [0f,0f,0f,0.9899f,0f,0f,0f,1.8271f,0f,0f,0f,-0.4562f,0f,0f,0f,1f],start_interpolation: 0,interpolation_duration: 0}
$data merge entity $(bone123) {transformation: [0.0768f,-1.7311f,-1.0613f,0.8849f,1.974f,-0.1853f,0.445f,1.3181f,-0.4759f,-1.0478f,1.6747f,2.4324f,0f,0f,0f,1f],start_interpolation: 0,interpolation_duration: 0}
$data merge entity $(bone124) {transformation: [-0.0987f,-0.8519f,-0.5143f,0.7483f,0.995f,-0.0912f,-0.0399f,2.6779f,-0.0129f,-0.5157f,0.8567f,-0.2579f,0f,0f,0f,1f],start_interpolation: 0,interpolation_duration: 0}
$data merge entity $(bone122) {transformation: [-0.352f,-1.3126f,-0.726f,0.5719f,1.465f,-0.1405f,-0.4562f,2.6721f,0.3224f,-0.7945f,1.2801f,0.0328f,0f,0f,0f,1f],start_interpolation: 0,interpolation_duration: 0}
$data merge entity $(bone126) {transformation: [0.2901f,-0.8519f,-0.436f,1.148f,0.7377f,-0.0912f,0.669f,1.9397f,-0.6097f,-0.5157f,0.602f,-0.7866f,0f,0f,0f,1f],start_interpolation: 0,interpolation_duration: 0}
$data merge entity $(bone127) {transformation: [0.1673f,-0.8519f,-0.4962f,0.8108f,0.8857f,-0.0912f,0.4552f,2.3562f,-0.4331f,-0.5157f,0.7393f,-0.3044f,0f,0f,0f,1f],start_interpolation: 0,interpolation_duration: 0}
$data merge entity $(bone125) {transformation: [0.0466f,-1.1943f,-0.7326f,0.6464f,1.3645f,-0.1278f,0.2951f,2.5249f,-0.3182f,-0.7229f,1.1582f,-0.0552f,0f,0f,0f,1f],start_interpolation: 0,interpolation_duration: 0}
$data merge entity $(bone129) {transformation: [1.0406f,-1.5887f,-0.1716f,0.4899f,0.0279f,-0.17f,2.0054f,3.8656f,-1.7241f,-0.9616f,-0.0711f,2.6347f,0f,0f,0f,1f],start_interpolation: 0,interpolation_duration: 0}
$data merge entity $(bone130) {transformation: [0.5398f,-0.8519f,-0.1688f,0.847f,0.1645f,-0.0912f,1.0629f,1.5218f,-0.9209f,-0.5157f,0.0909f,-0.2165f,0f,0f,0f,1f],start_interpolation: 0,interpolation_duration: 0}
$data merge entity $(bone131) {transformation: [0.4669f,-0.8519f,-0.3192f,0.7117f,0.468f,-0.0912f,0.9683f,2.1066f,-0.854f,-0.5157f,0.3562f,-0.0964f,0f,0f,0f,1f],start_interpolation: 0,interpolation_duration: 0}
$data merge entity $(bone128) {transformation: [0.3883f,-0.8981f,-0.4525f,0.6092f,0.7408f,-0.0961f,0.8584f,2.4141f,-0.7725f,-0.5436f,0.5957f,0.008f,0f,0f,0f,1f],start_interpolation: 0,interpolation_duration: 0}
$data merge entity $(bone132) {transformation: [-0.1992f,-0.8519f,-0.4843f,0.4882f,0.9671f,-0.0912f,-0.2375f,2.5554f,0.1582f,-0.5157f,0.8421f,0.2056f,0f,0f,0f,1f],start_interpolation: 0,interpolation_duration: 0}
$data merge entity $(bone133) {transformation: [-0.3484f,-1.4463f,-0.7153f,0.5539f,1.6911f,-0.1548f,-0.3508f,2.5701f,0.2766f,-0.8754f,1.2437f,0.1061f,0f,0f,0f,1f],start_interpolation: 0,interpolation_duration: 0}
$data merge entity $(w5) {transformation: [-0.1992f,-0.8519f,-0.4843f,0.561f,0.9671f,-0.0912f,-0.2375f,2.5034f,0.1582f,-0.5157f,0.8421f,0.1191f,0f,0f,0f,1f],start_interpolation: 0,interpolation_duration: 0}
$data merge entity $(w2) {transformation: [-0.509f,-0.849f,-0.1418f,0.71f,0.4304f,-0.1083f,-0.8961f,1.7405f,0.7454f,-0.5172f,0.4205f,-0.0135f,0f,0f,0f,1f],start_interpolation: 0,interpolation_duration: 0}
$data merge entity $(wing3) {transformation: [-0.0638f,-0.849f,-0.5246f,0.2175f,0.9926f,-0.1083f,0.0547f,1.8022f,-0.1033f,-0.5172f,0.8496f,0.7822f,0f,0f,0f,1f],start_interpolation: 0,interpolation_duration: 0}
$data merge entity $(bone104) {transformation: [-0.0638f,0.849f,0.5246f,-0.256f,-0.9926f,-0.1083f,0.0547f,1.6981f,0.1033f,-0.5172f,0.8496f,0.7756f,0f,0f,0f,1f],start_interpolation: 0,interpolation_duration: 0}
$data merge entity $(bone105) {transformation: [-0.1272f,0.849f,0.5129f,-0.7363f,-0.9919f,-0.1083f,-0.0667f,1.7242f,-0.001f,-0.5172f,0.8559f,-0.03f,0f,0f,0f,1f],start_interpolation: 0,interpolation_duration: 0}
$data merge entity $(bone106) {transformation: [-0.4983f,0.849f,-0.1758f,-1.6108f,0.1614f,-0.1083f,-0.9809f,0.9924f,-0.8518f,-0.5172f,-0.0831f,0.6378f,0f,0f,0f,1f],start_interpolation: 0,interpolation_duration: 0}
$data merge entity $(bone107) {transformation: [0f,0f,0f,-0.9899f,0f,0f,0f,1.8271f,0f,0f,0f,-0.4562f,0f,0f,0f,1f],start_interpolation: 0,interpolation_duration: 0}
$data merge entity $(bone109) {transformation: [0.089f,1.7311f,0.9989f,-0.9203f,-1.8083f,-0.1853f,0.3841f,1.4247f,0.4668f,-1.0478f,1.5824f,2.3552f,0f,0f,0f,1f],start_interpolation: 0,interpolation_duration: 0}
$data merge entity $(bone110) {transformation: [-0.0849f,0.8519f,0.4862f,-0.7386f,-0.9085f,-0.0912f,-0.0478f,2.6812f,0.0203f,-0.5157f,0.8117f,-0.2426f,0f,0f,0f,1f],start_interpolation: 0,interpolation_duration: 0}
$data merge entity $(bone108) {transformation: [-0.3203f,1.3126f,0.6897f,-0.5719f,-1.3331f,-0.1405f,-0.4334f,2.6721f,-0.2934f,-0.7945f,1.2161f,0.0328f,0f,0f,0f,1f],start_interpolation: 0,interpolation_duration: 0}
$data merge entity $(bone112) {transformation: [0.2901f,0.8519f,0.436f,-1.148f,-0.7377f,-0.0912f,0.669f,1.9397f,0.6097f,-0.5157f,0.602f,-0.7866f,0f,0f,0f,1f],start_interpolation: 0,interpolation_duration: 0}
$data merge entity $(bone113) {transformation: [0.1673f,0.8519f,0.4962f,-0.8108f,-0.8857f,-0.0912f,0.4552f,2.3562f,0.4331f,-0.5157f,0.7393f,-0.3044f,0f,0f,0f,1f],start_interpolation: 0,interpolation_duration: 0}
$data merge entity $(bone111) {transformation: [0.0466f,1.1943f,0.7326f,-0.6464f,-1.3645f,-0.1278f,0.2951f,2.5249f,0.3182f,-0.7229f,1.1582f,-0.0552f,0f,0f,0f,1f],start_interpolation: 0,interpolation_duration: 0}
$data merge entity $(bone115) {transformation: [1.0406f,1.5887f,0.1716f,-0.4899f,-0.0279f,-0.17f,2.0054f,3.8656f,1.7241f,-0.9616f,-0.0711f,2.6347f,0f,0f,0f,1f],start_interpolation: 0,interpolation_duration: 0}
$data merge entity $(bone116) {transformation: [0.5398f,0.8519f,0.1688f,-0.847f,-0.1645f,-0.0912f,1.0629f,1.5218f,0.9209f,-0.5157f,0.0909f,-0.2165f,0f,0f,0f,1f],start_interpolation: 0,interpolation_duration: 0}
$data merge entity $(bone117) {transformation: [0.4669f,0.8519f,0.3192f,-0.7117f,-0.468f,-0.0912f,0.9683f,2.1066f,0.854f,-0.5157f,0.3562f,-0.0964f,0f,0f,0f,1f],start_interpolation: 0,interpolation_duration: 0}
$data merge entity $(bone114) {transformation: [0.3883f,0.8981f,0.4525f,-0.6092f,-0.7408f,-0.0961f,0.8584f,2.4141f,0.7725f,-0.5436f,0.5957f,0.008f,0f,0f,0f,1f],start_interpolation: 0,interpolation_duration: 0}
$data merge entity $(bone134) {transformation: [-0.1992f,0.8519f,0.4843f,-0.4882f,-0.9671f,-0.0912f,-0.2375f,2.5554f,-0.1582f,-0.5157f,0.8421f,0.2056f,0f,0f,0f,1f],start_interpolation: 0,interpolation_duration: 0}
$data merge entity $(bone135) {transformation: [-0.3484f,1.4463f,0.7153f,-0.5539f,-1.6911f,-0.1548f,-0.3508f,2.5701f,-0.2766f,-0.8754f,1.2437f,0.1061f,0f,0f,0f,1f],start_interpolation: 0,interpolation_duration: 0}
$data merge entity $(w4) {transformation: [-0.1992f,0.8519f,0.4843f,-0.561f,-0.9671f,-0.0912f,-0.2375f,2.5034f,-0.1582f,-0.5157f,0.8421f,0.1191f,0f,0f,0f,1f],start_interpolation: 0,interpolation_duration: 0}
$data merge entity $(w3) {transformation: [-0.509f,0.849f,0.1418f,-0.71f,-0.4304f,-0.1083f,-0.8961f,1.7405f,-0.7454f,-0.5172f,0.4205f,-0.0135f,0f,0f,0f,1f],start_interpolation: 0,interpolation_duration: 0}
$data merge entity $(wing2) {transformation: [-0.0638f,0.849f,0.5246f,-0.2175f,-0.9926f,-0.1083f,0.0547f,1.8022f,0.1033f,-0.5172f,0.8496f,0.7822f,0f,0f,0f,1f],start_interpolation: 0,interpolation_duration: 0}
$data merge entity $(bone20) {transformation: [-1f,0f,0f,-0.1563f,0f,-0.1792f,0.9838f,1.558f,0f,0.9838f,0.1792f,0.3246f,0f,0f,0f,1f],start_interpolation: 0,interpolation_duration: 0}
$data merge entity $(bone101) {transformation: [-1f,0f,0f,0f,0f,-0.4984f,0.867f,1.1545f,0f,0.867f,0.4984f,-2.6794f,0f,0f,0f,1f],start_interpolation: 0,interpolation_duration: 0}
$data merge entity $(bone100) {transformation: [-1f,0f,0f,0f,0f,0.1129f,0.9936f,0.705f,0f,0.9936f,-0.1129f,-2.6221f,0f,0f,0f,1f],start_interpolation: 0,interpolation_duration: 0}
$data merge entity $(bone99) {transformation: [-1f,0f,0f,0f,0f,0.5322f,0.8466f,0.2764f,0f,0.8466f,-0.5322f,-2.3526f,0f,0f,0f,1f],start_interpolation: 0,interpolation_duration: 0}
$data merge entity $(bone98) {transformation: [-1f,0f,0f,0f,0f,0.8939f,0.4483f,0.0551f,0f,0.4483f,-0.8939f,-1.9113f,0f,0f,0f,1f],start_interpolation: 0,interpolation_duration: 0}
$data merge entity $(bone97) {transformation: [-1f,0f,0f,0f,0f,0.9876f,-0.1567f,0.1354f,0f,-0.1567f,-0.9876f,-1.4051f,0f,0f,0f,1f],start_interpolation: 0,interpolation_duration: 0}
$data merge entity $(bone96) {transformation: [-1f,0f,0f,0f,0f,0.8525f,-0.5227f,0.3968f,0f,-0.5227f,-0.8525f,-0.9789f,0f,0f,0f,1f],start_interpolation: 0,interpolation_duration: 0}
$data merge entity $(bone95) {transformation: [-1f,0f,0f,0f,0f,0.6558f,-0.7549f,0.7695f,0f,-0.7549f,-0.6558f,-0.6551f,0f,0f,0f,1f],start_interpolation: 0,interpolation_duration: 0}
$data merge entity $(bone94) {transformation: [-1f,0f,0f,0f,0f,0.5875f,-0.8092f,1.169f,0f,-0.8092f,-0.5875f,-0.365f,0f,0f,0f,1f],start_interpolation: 0,interpolation_duration: 0}
$data merge entity $(bone93) {transformation: [-1f,0f,0f,0f,0f,0.7191f,-0.6949f,1.4318f,0f,-0.6949f,-0.7191f,-0.093f,0f,0f,0f,1f],start_interpolation: 0,interpolation_duration: 0}
$data merge entity $(bone) {transformation: [-1f,0f,0f,0f,0f,0.5373f,0.8434f,1.3395f,0f,0.8434f,-0.5373f,-0.0343f,0f,0f,0f,1f],start_interpolation: 0,interpolation_duration: 0}
$data merge entity $(bone24) {transformation: [-0.9665f,-0.2565f,-0.0028f,0.1031f,-0.2562f,0.9651f,0.0547f,1.2808f,-0.0113f,0.0536f,-0.9985f,-0.0355f,0f,0f,0f,1f],start_interpolation: 0,interpolation_duration: 0}
$data merge entity $(bone32) {transformation: [-0.9973f,-0.0524f,-0.0508f,0.2284f,-0.0687f,0.4406f,0.895f,0.6169f,-0.0245f,0.8962f,-0.4431f,-0.3151f,0f,0f,0f,1f],start_interpolation: 0,interpolation_duration: 0}
$data merge entity $(bone36) {transformation: [-0.9989f,-0.0215f,-0.0414f,0.337f,-0.0219f,0.9997f,0.0095f,0.2903f,0.0412f,0.0104f,-0.9991f,-1.0206f,0f,0f,0f,1f],start_interpolation: 0,interpolation_duration: 0}
$data merge entity $(bone35) {transformation: [-0.9989f,0.0021f,-0.0466f,0.2987f,-0.0219f,0.861f,0.5081f,0.4155f,0.0412f,0.5085f,-0.86f,-0.9399f,0f,0f,0f,1f],start_interpolation: 0,interpolation_duration: 0}
$data merge entity $(bone34) {transformation: [-0.9989f,0.0082f,-0.0459f,0.3007f,-0.0219f,0.7873f,0.6161f,0.4924f,0.0412f,0.6165f,-0.7863f,-0.8824f,0f,0f,0f,1f],start_interpolation: 0,interpolation_duration: 0}
$data merge entity $(bone77) {transformation: [-0.9325f,0.3593f,-0.0366f,0.1061f,0.0115f,-0.0717f,-0.9974f,0.0708f,-0.3609f,-0.9305f,0.0628f,-0.3576f,0f,0f,0f,1f],start_interpolation: 0,interpolation_duration: 0}
$data merge entity $(bone75) {transformation: [-0.9325f,0.3593f,-0.0366f,0.1693f,0.0115f,-0.0717f,-0.9974f,0.0595f,-0.3609f,-0.9305f,0.0628f,-0.5323f,0f,0f,0f,1f],start_interpolation: 0,interpolation_duration: 0}
$data merge entity $(bone39) {transformation: [-0.9325f,0.3593f,-0.0366f,0.2318f,0.0115f,-0.0717f,-0.9974f,0.0452f,-0.3609f,-0.9305f,0.0628f,-0.6906f,0f,0f,0f,1f],start_interpolation: 0,interpolation_duration: 0}
$data merge entity $(bone76) {transformation: [-0.961f,-0.2762f,-0.0133f,0.4987f,0.0212f,-0.0259f,-0.9994f,0.0518f,0.2757f,-0.9607f,0.0307f,-0.3327f,0f,0f,0f,1f],start_interpolation: 0,interpolation_duration: 0}
$data merge entity $(bone74) {transformation: [-0.961f,-0.2762f,-0.0133f,0.4828f,0.0212f,-0.0259f,-0.9994f,0.0551f,0.2757f,-0.9607f,0.0307f,-0.5291f,0f,0f,0f,1f],start_interpolation: 0,interpolation_duration: 0}
$data merge entity $(bone40) {transformation: [-0.961f,-0.2762f,-0.0133f,0.4343f,0.0212f,-0.0259f,-0.9994f,0.0487f,0.2757f,-0.9607f,0.0307f,-0.6927f,0f,0f,0f,1f],start_interpolation: 0,interpolation_duration: 0}
$data merge entity $(bone79) {transformation: [-0.9996f,0.0265f,-0.0023f,0.3135f,0.0016f,-0.0264f,-0.9997f,0.0594f,-0.0266f,-0.9993f,0.0263f,-0.2928f,0f,0f,0f,1f],start_interpolation: 0,interpolation_duration: 0}
$data merge entity $(bone78) {transformation: [-0.9996f,0.0265f,-0.0023f,0.3228f,0.0016f,-0.0264f,-0.9997f,0.0561f,-0.0266f,-0.9993f,0.0263f,-0.4934f,0f,0f,0f,1f],start_interpolation: 0,interpolation_duration: 0}
$data merge entity $(bone41) {transformation: [-0.9996f,0.0265f,-0.0023f,0.3268f,0.0016f,-0.0264f,-0.9997f,0.0487f,-0.0266f,-0.9993f,0.0263f,-0.6925f,0f,0f,0f,1f],start_interpolation: 0,interpolation_duration: 0}
$data merge entity $(bone38) {transformation: [-1f,-0.0003f,-0.0026f,0.338f,0.0007f,0.9142f,-0.4053f,0.3084f,0.0025f,-0.4053f,-0.9142f,-0.7837f,0f,0f,0f,1f],start_interpolation: 0,interpolation_duration: 0}
$data merge entity $(bone33) {transformation: [-0.9994f,-0.0285f,-0.0204f,0.3202f,-0.0349f,0.8604f,0.5085f,0.5364f,0.003f,0.5089f,-0.8608f,-0.6481f,0f,0f,0f,1f],start_interpolation: 0,interpolation_duration: 0}
$data merge entity $(bone31) {transformation: [-0.9973f,-0.0433f,-0.0587f,0.2793f,-0.0687f,0.2869f,0.9555f,0.6571f,-0.0245f,0.957f,-0.2891f,0.2077f,0f,0f,0f,1f],start_interpolation: 0,interpolation_duration: 0}
$data merge entity $(bone19) {transformation: [-0.9852f,-0.1675f,0.0358f,0.1713f,-0.1711f,0.9708f,-0.168f,1.2884f,-0.0066f,-0.1716f,-0.9851f,-0.0343f,0f,0f,0f,1f],start_interpolation: 0,interpolation_duration: 0}
$data merge entity $(bone44) {transformation: [-0.7983f,0.5226f,0.2994f,-0.1115f,0.1754f,0.6773f,-0.7145f,1.2826f,-0.5762f,-0.5179f,-0.6323f,-0.001f,0f,0f,0f,1f],start_interpolation: 0,interpolation_duration: 0}
$data merge entity $(bone46) {transformation: [-0.8891f,-0.2342f,0.3932f,-0.2864f,0.0616f,0.7901f,0.6099f,0.7885f,-0.4535f,0.5665f,-0.6881f,0.1149f,0f,0f,0f,1f],start_interpolation: 0,interpolation_duration: 0}
$data merge entity $(bone50) {transformation: [-0.8709f,-0.127f,0.4748f,-0.0743f,0.0256f,0.953f,0.3019f,0.3299f,-0.4908f,0.2751f,-0.8267f,-0.5371f,0f,0f,0f,1f],start_interpolation: 0,interpolation_duration: 0}
$data merge entity $(bone49) {transformation: [-0.8709f,-0.3474f,0.3477f,-0.0935f,0.0256f,0.6743f,0.738f,0.4263f,-0.4908f,0.6516f,-0.5784f,-0.4188f,0f,0f,0f,1f],start_interpolation: 0,interpolation_duration: 0}
$data merge entity $(bone48) {transformation: [-0.8709f,-0.3898f,0.2994f,-0.1315f,0.0256f,0.5723f,0.8197f,0.4829f,-0.4908f,0.7215f,-0.4884f,-0.3512f,0f,0f,0f,1f],start_interpolation: 0,interpolation_duration: 0}
$data merge entity $(bone54) {transformation: [-0.9806f,0.196f,0.0085f,-0.2549f,-0.0167f,-0.0404f,-0.999f,0.0652f,-0.1955f,-0.9798f,0.0429f,0.2181f,0f,0f,0f,1f],start_interpolation: 0,interpolation_duration: 0}
$data merge entity $(bone53) {transformation: [-0.9806f,0.196f,0.0085f,-0.2145f,-0.0167f,-0.0404f,-0.999f,0.0598f,-0.1955f,-0.9798f,0.0429f,0.0365f,0f,0f,0f,1f],start_interpolation: 0,interpolation_duration: 0}
$data merge entity $(bone52) {transformation: [-0.9806f,0.196f,0.0085f,-0.1823f,-0.0167f,-0.0404f,-0.999f,0.0508f,-0.1955f,-0.9798f,0.0429f,-0.131f,0f,0f,0f,1f],start_interpolation: 0,interpolation_duration: 0}
$data merge entity $(bone57) {transformation: [-0.7278f,0.6858f,0.0068f,-0.5831f,-0.015f,-0.006f,-0.9999f,0.0593f,-0.6857f,-0.7278f,0.0147f,0.0651f,0f,0f,0f,1f],start_interpolation: 0,interpolation_duration: 0}
$data merge entity $(bone56) {transformation: [-0.7278f,0.6858f,0.0068f,-0.4791f,-0.015f,-0.006f,-0.9999f,0.0667f,-0.6857f,-0.7278f,0.0147f,-0.102f,0f,0f,0f,1f],start_interpolation: 0,interpolation_duration: 0}
$data merge entity $(bone55) {transformation: [-0.7278f,0.6858f,0.0068f,-0.361f,-0.015f,-0.006f,-0.9999f,0.0637f,-0.6857f,-0.7278f,0.0147f,-0.2254f,0f,0f,0f,1f],start_interpolation: 0,interpolation_duration: 0}
$data merge entity $(bone60) {transformation: [-0.8805f,0.4731f,-0.0295f,-0.4526f,0.0142f,-0.0359f,-0.9993f,0.0732f,-0.4738f,-0.8803f,0.0249f,0.1774f,0f,0f,0f,1f],start_interpolation: 0,interpolation_duration: 0}
$data merge entity $(bone59) {transformation: [-0.8805f,0.4731f,-0.0295f,-0.361f,0.0142f,-0.0359f,-0.9993f,0.068f,-0.4738f,-0.8803f,0.0249f,-0.0013f,0f,0f,0f,1f],start_interpolation: 0,interpolation_duration: 0}
$data merge entity $(bone58) {transformation: [-0.8805f,0.4731f,-0.0295f,-0.2656f,0.0142f,-0.0359f,-0.9993f,0.0588f,-0.4738f,-0.8803f,0.0249f,-0.176f,0f,0f,0f,1f],start_interpolation: 0,interpolation_duration: 0}
$data merge entity $(bone51) {transformation: [-0.887f,0.2159f,0.4082f,-0.2254f,0.0454f,0.9204f,-0.3883f,0.3203f,-0.4596f,-0.3259f,-0.8262f,-0.2525f,0f,0f,0f,1f],start_interpolation: 0,interpolation_duration: 0}
$data merge entity $(bone47) {transformation: [-0.887f,-0.1205f,0.4458f,-0.2484f,0.0454f,0.938f,0.3437f,0.5689f,-0.4596f,0.3251f,-0.8265f,-0.161f,0f,0f,0f,1f],start_interpolation: 0,interpolation_duration: 0}
$data merge entity $(bone45) {transformation: [-0.8891f,-0.2958f,0.3491f,-0.5366f,0.0616f,0.6786f,0.7319f,1.0538f,-0.4535f,0.6723f,-0.5852f,0.4951f,0f,0f,0f,1f],start_interpolation: 0,interpolation_duration: 0}
$data merge entity $(bone43) {transformation: [-0.8408f,0.5068f,0.1903f,-0.1713f,0.1157f,0.5115f,-0.8514f,1.2884f,-0.5289f,-0.6939f,-0.4887f,-0.0343f,0f,0f,0f,1f],start_interpolation: 0,interpolation_duration: 0}