# This file was generated by Animated Java via MC-Build. It is not recommended to edit this file directly.
$data merge entity $(bone5) {transformation: [-0.9947f,-0.1022f,0.0094f,0.385f,-0.0922f,0.9297f,0.3565f,1.4927f,-0.0452f,0.3538f,-0.9342f,0.9756f,0f,0f,0f,1f],start_interpolation: 0,interpolation_duration: 0}
$data merge entity $(bone6) {transformation: [0.0184f,-0.2645f,-0.9642f,0.4943f,-0.4488f,0.8596f,-0.2444f,1.264f,0.8934f,0.4372f,-0.1029f,0.8981f,0f,0f,0f,1f],start_interpolation: 0,interpolation_duration: 0}
$data merge entity $(bone8) {transformation: [-0.2594f,-0.0657f,0.9635f,0.6391f,-0.0884f,0.9951f,0.0441f,0.5797f,-0.9617f,-0.0737f,-0.2639f,0.7488f,0f,0f,0f,1f],start_interpolation: 0,interpolation_duration: 0}
$data merge entity $(bone9) {transformation: [-0.2594f,-0.0657f,0.9635f,0.7996f,-0.0884f,0.9951f,0.0441f,0.7531f,-0.9617f,-0.0737f,-0.2639f,0.682f,0f,0f,0f,1f],start_interpolation: 0,interpolation_duration: 0}
$data merge entity $(bone10) {transformation: [-0.2276f,-0.1407f,0.9635f,0.621f,-0.3835f,0.9225f,0.0441f,0.5704f,-0.895f,-0.3595f,-0.2639f,0.7251f,0f,0f,0f,1f],start_interpolation: 0,interpolation_duration: 0}
$data merge entity $(bone12) {transformation: [-0.1854f,-0.517f,0.8357f,0.7656f,-0.8911f,0.4469f,0.0788f,0.065f,-0.4142f,-0.73f,-0.5435f,0.9391f,0f,0f,0f,1f],start_interpolation: 0,interpolation_duration: 0}
$data merge entity $(bone15) {transformation: [0.9853f,-0.1038f,0.136f,0.3835f,-0.1538f,-0.1891f,0.9698f,0.0214f,-0.0749f,-0.9764f,-0.2023f,0.9932f,0f,0f,0f,1f],start_interpolation: 0,interpolation_duration: 0}
$data merge entity $(bone14) {transformation: [0.9473f,-0.1038f,-0.3032f,0.5053f,0.2805f,-0.1891f,0.941f,0.0586f,-0.155f,-0.9764f,-0.1501f,0.9718f,0f,0f,0f,1f],start_interpolation: 0,interpolation_duration: 0}
$data merge entity $(bone13) {transformation: [0.7864f,-0.1038f,-0.6089f,0.6079f,0.5854f,-0.1891f,0.7884f,0.1325f,-0.197f,-0.9764f,-0.088f,0.9432f,0f,0f,0f,1f],start_interpolation: 0,interpolation_duration: 0}
$data merge entity $(bone18) {transformation: [-0.0631f,-0.9971f,-0.0421f,0.7469f,0.9929f,-0.0585f,-0.1033f,-0.1608f,0.1006f,-0.0483f,0.9938f,1.3286f,0f,0f,0f,1f],start_interpolation: 0,interpolation_duration: 0}
$data merge entity $(bone17) {transformation: [-0.0213f,-0.9971f,-0.0728f,0.7427f,0.8271f,-0.0585f,0.5591f,0.0021f,-0.5617f,-0.0483f,0.8259f,1.2179f,0f,0f,0f,1f],start_interpolation: 0,interpolation_duration: 0}
$data merge entity $(bone16) {transformation: [0.025f,-0.9971f,-0.0716f,0.7422f,0.347f,-0.0585f,0.936f,0.0512f,-0.9375f,-0.0483f,0.3446f,1.0796f,0f,0f,0f,1f],start_interpolation: 0,interpolation_duration: 0}
$data merge entity $(bone27) {transformation: [-0.8535f,-0.5159f,-0.0736f,1.1876f,-0.0383f,-0.0788f,0.9962f,0.0378f,-0.5197f,0.853f,0.0475f,1.1294f,0f,0f,0f,1f],start_interpolation: 0,interpolation_duration: 0}
$data merge entity $(bone26) {transformation: [-0.8415f,-0.5364f,-0.0635f,1.0538f,-0.0343f,-0.0642f,0.9973f,0.0333f,-0.5391f,0.8415f,0.0356f,1.0515f,0f,0f,0f,1f],start_interpolation: 0,interpolation_duration: 0}
$data merge entity $(bone25) {transformation: [-0.8293f,-0.5364f,0.1565f,0.9012f,0.225f,-0.0642f,0.9722f,0.0721f,-0.5115f,0.8415f,0.1739f,0.9623f,0f,0f,0f,1f],start_interpolation: 0,interpolation_duration: 0}
$data merge entity $(bone30) {transformation: [-0.1107f,-0.8715f,0.4777f,0.9915f,0.9892f,-0.0502f,0.1376f,-0.1566f,-0.0959f,0.4878f,0.8677f,1.2989f,0f,0f,0f,1f],start_interpolation: 0,interpolation_duration: 0}
$data merge entity $(bone29) {transformation: [-0.3378f,-0.8715f,0.3554f,0.9287f,0.7825f,-0.0502f,0.6206f,-0.0023f,-0.523f,0.4878f,0.6989f,1.1937f,0f,0f,0f,1f],start_interpolation: 0,interpolation_duration: 0}
$data merge entity $(bone28) {transformation: [-0.4786f,-0.8715f,0.1066f,0.8279f,0.3033f,-0.0502f,0.9516f,0.0573f,-0.824f,0.4878f,0.2884f,1.0286f,0f,0f,0f,1f],start_interpolation: 0,interpolation_duration: 0}
$data merge entity $(bone7) {transformation: [0.9635f,-0.077f,0.2562f,0.6017f,0.0441f,0.9903f,0.1317f,0.9148f,-0.2639f,-0.1156f,0.9576f,0.7058f,0f,0f,0f,1f],start_interpolation: 0,interpolation_duration: 0}
$data merge entity $(bone4) {transformation: [-0.9642f,-0.265f,0.0094f,0.3501f,-0.2444f,0.9018f,0.3565f,1.5985f,-0.1029f,0.3414f,-0.9342f,0.9879f,0f,0f,0f,1f],start_interpolation: 0,interpolation_duration: 0}
$data merge entity $(bone62) {transformation: [-0.91f,0.3681f,0.1908f,-0.4164f,0.41f,0.7299f,0.547f,1.5167f,0.062f,0.576f,-0.8151f,0.9493f,0f,0f,0f,1f],start_interpolation: 0,interpolation_duration: 0}
$data merge entity $(bone63) {transformation: [0.2435f,0.4905f,0.8368f,-0.587f,0.6121f,0.5915f,-0.5248f,1.3635f,-0.7523f,0.64f,-0.1563f,0.8164f,0f,0f,0f,1f],start_interpolation: 0,interpolation_duration: 0}
$data merge entity $(bone65) {transformation: [-0.0336f,0.1481f,-0.9884f,-0.8456f,0.1898f,0.9719f,0.1392f,0.8025f,0.9812f,-0.183f,-0.0608f,0.6247f,0f,0f,0f,1f],start_interpolation: 0,interpolation_duration: 0}
$data merge entity $(bone66) {transformation: [-0.0336f,0.1481f,-0.9884f,-0.9984f,0.1898f,0.9719f,0.1392f,0.9883f,0.9812f,-0.183f,-0.0608f,0.5761f,0f,0f,0f,1f],start_interpolation: 0,interpolation_duration: 0}
$data merge entity $(bone67) {transformation: [0.0125f,0.1513f,-0.9884f,-0.8341f,0.4733f,0.8698f,0.1392f,0.7893f,0.8808f,-0.4696f,-0.0608f,0.5988f,0f,0f,0f,1f],start_interpolation: 0,interpolation_duration: 0}
$data merge entity $(bone69) {transformation: [-0.2574f,0.0767f,-0.9633f,-0.9147f,0.3138f,0.9494f,-0.0082f,0.2244f,0.9139f,-0.3044f,-0.2685f,0.7691f,0f,0f,0f,1f],start_interpolation: 0,interpolation_duration: 0}
$data merge entity $(bone72) {transformation: [0.926f,0.2506f,0.2824f,-0.6295f,-0.3476f,0.2739f,0.8967f,0.1412f,0.1474f,-0.9285f,0.3408f,0.7904f,0f,0f,0f,1f],start_interpolation: 0,interpolation_duration: 0}
$data merge entity $(bone71) {transformation: [0.7525f,0.2506f,0.609f,-0.7256f,-0.6585f,0.2739f,0.701f,0.2274f,0.0089f,-0.9285f,0.3712f,0.7886f,0f,0f,0f,1f],start_interpolation: 0,interpolation_duration: 0}
$data merge entity $(bone70) {transformation: [0.4989f,0.2506f,0.8296f,-0.7908f,-0.8585f,0.2739f,0.4335f,0.3388f,-0.1186f,-0.9285f,0.3518f,0.8004f,0f,0f,0f,1f],start_interpolation: 0,interpolation_duration: 0}
$data merge entity $(bone81) {transformation: [0.1416f,0.9897f,0.0228f,-0.8004f,-0.3323f,0.0258f,0.9428f,-0.0543f,0.9325f,-0.141f,0.3325f,1.13f,0f,0f,0f,1f],start_interpolation: 0,interpolation_duration: 0}
$data merge entity $(bone80) {transformation: [0.1154f,0.9897f,0.0851f,-0.8231f,-0.7276f,0.0258f,0.6855f,0.0891f,0.6762f,-0.141f,0.7231f,0.9967f,0f,0f,0f,1f],start_interpolation: 0,interpolation_duration: 0}
$data merge entity $(bone73) {transformation: [0.1395f,0.9897f,0.0331f,-0.8394f,-0.4003f,0.0258f,0.916f,0.1464f,0.9057f,-0.141f,0.3998f,0.8626f,0f,0f,0f,1f],start_interpolation: 0,interpolation_duration: 0}
$data merge entity $(bone84) {transformation: [-0.7162f,0.6918f,0.0924f,-1.2545f,0.1002f,-0.0291f,0.9945f,0.0284f,0.6907f,0.7215f,-0.0485f,1.0147f,0f,0f,0f,1f],start_interpolation: 0,interpolation_duration: 0}
$data merge entity $(bone83) {transformation: [-0.6836f,0.709f,-0.1732f,-1.1443f,-0.2533f,-0.0079f,0.9674f,0.0687f,0.6845f,0.7051f,0.185f,0.9135f,0f,0f,0f,1f],start_interpolation: 0,interpolation_duration: 0}
$data merge entity $(bone82) {transformation: [-0.6155f,0.709f,-0.3442f,-1.0293f,-0.495f,-0.0079f,0.8688f,0.1568f,0.6133f,0.7051f,0.3559f,0.8049f,0f,0f,0f,1f],start_interpolation: 0,interpolation_duration: 0}
$data merge entity $(bone103) {transformation: [-0.2972f,0.9499f,-0.0968f,-1.0386f,-0.2581f,0.0177f,0.966f,-0.0605f,0.9193f,0.3121f,0.2399f,1.1611f,0f,0f,0f,1f],start_interpolation: 0,interpolation_duration: 0}
$data merge entity $(bone102) {transformation: [-0.2315f,0.9499f,-0.2101f,-0.997f,-0.6312f,0.0177f,0.7754f,0.0638f,0.7403f,0.3121f,0.5954f,1.0139f,0f,0f,0f,1f],start_interpolation: 0,interpolation_duration: 0}
$data merge entity $(bone85) {transformation: [-0.2807f,0.9499f,-0.1377f,-0.9359f,-0.3914f,0.0177f,0.9201f,0.1415f,0.8764f,0.3121f,0.3668f,0.8373f,0f,0f,0f,1f],start_interpolation: 0,interpolation_duration: 0}
$data merge entity $(bone64) {transformation: [0.9884f,0.1494f,-0.0271f,-0.7848f,-0.1392f,0.9627f,0.2321f,1.1266f,0.0608f,-0.2256f,0.9723f,0.5422f,0f,0f,0f,1f],start_interpolation: 0,interpolation_duration: 0}
$data merge entity $(bone61) {transformation: [-0.8368f,0.5132f,0.1908f,-0.3501f,0.5248f,0.6522f,0.547f,1.5985f,0.1563f,0.5578f,-0.8151f,0.9879f,0f,0f,0f,1f],start_interpolation: 0,interpolation_duration: 0}
$data merge entity $(bone23) {transformation: [-0.7934f,-0.6088f,0f,0.1071f,-0.0768f,0.1001f,0.992f,1.5211f,-0.6039f,0.787f,-0.1262f,1.0108f,0f,0f,0f,1f],start_interpolation: 0,interpolation_duration: 0}
$data merge entity $(bone22) {transformation: [-0.7934f,0.6088f,0f,-0.1071f,0.0768f,0.1001f,0.992f,1.5211f,0.6039f,0.787f,-0.1262f,1.0108f,0f,0f,0f,1f],start_interpolation: 0,interpolation_duration: 0}
$data merge entity $(bone89) {transformation: [-1f,0.0072f,0.0007f,0.002f,0.0053f,0.6718f,0.7407f,2.2151f,0.0048f,0.7407f,-0.6718f,1.4921f,0f,0f,0f,1f],start_interpolation: 0,interpolation_duration: 0}
$data merge entity $(bone90) {transformation: [-1f,0.0069f,0.0019f,0.0013f,0.0053f,0.533f,0.8461f,2.1546f,0.0048f,0.8461f,-0.533f,1.4124f,0f,0f,0f,1f],start_interpolation: 0,interpolation_duration: 0}
$data merge entity $(bone88) {transformation: [-1f,0.0071f,0.0013f,0.0312f,0.0053f,0.6047f,0.7965f,2.0169f,0.0048f,0.7964f,-0.6047f,1.2931f,0f,0f,0f,1f],start_interpolation: 0,interpolation_duration: 0}
$data merge entity $(bone42) {transformation: [-1f,0f,0f,0f,0f,0.7404f,0.6722f,1.7126f,0f,0.6722f,-0.7404f,1.6913f,0f,0f,0f,1f],start_interpolation: 0,interpolation_duration: 0}
$data merge entity $(bone87) {transformation: [-0.9998f,0.0157f,-0.0096f,-0.0044f,0.0026f,0.6328f,0.7743f,1.2489f,0.0182f,0.7741f,-0.6328f,2.2366f,0f,0f,0f,1f],start_interpolation: 0,interpolation_duration: 0}
$data merge entity $(bone86) {transformation: [-1f,0f,0f,0f,0f,0.7155f,0.6986f,1.4048f,0f,0.6986f,-0.7155f,2.0699f,0f,0f,0f,1f],start_interpolation: 0,interpolation_duration: 0}
$data merge entity $(bone92) {transformation: [-0.8818f,0.2593f,-0.3939f,0.1194f,-0.0754f,0.7471f,0.6604f,1.7846f,0.4656f,0.6121f,-0.6392f,1.7327f,0f,0f,0f,1f],start_interpolation: 0,interpolation_duration: 0}
$data merge entity $(bone3) {transformation: [-0.8818f,-0.2593f,0.3939f,-0.1194f,0.0754f,0.7471f,0.6604f,1.7846f,-0.4656f,0.6121f,-0.6392f,1.7327f,0f,0f,0f,1f],start_interpolation: 0,interpolation_duration: 0}
$data merge entity $(head) {transformation: [-1f,0f,0f,0f,0f,0.7511f,0.6602f,1.7118f,0f,0.6602f,-0.7511f,1.5076f,0f,0f,0f,1f],start_interpolation: 0,interpolation_duration: 0}
$data merge entity $(neck) {transformation: [-1f,0f,0f,0f,0f,0.5546f,0.8321f,1.6182f,0f,0.8321f,-0.5546f,1.3672f,0f,0f,0f,1f],start_interpolation: 0,interpolation_duration: 0}
$data merge entity $(bone2) {transformation: [-1f,0f,0f,0f,0f,0.1262f,0.992f,1.5575f,0f,0.992f,-0.1262f,1.0551f,0f,0f,0f,1f],start_interpolation: 0,interpolation_duration: 0}
$data merge entity $(bone136) {transformation: [-1f,0f,0f,0f,0f,0.178f,1.0875f,1.5401f,0f,0.984f,-0.1967f,0.8591f,0f,0f,0f,1f],start_interpolation: 0,interpolation_duration: 0}
$data merge entity $(bone118) {transformation: [-0.0652f,-0.849f,-0.5244f,0.2561f,0.9926f,-0.1091f,0.0533f,1.7022f,-0.1024f,-0.517f,0.8498f,0.7752f,0f,0f,0f,1f],start_interpolation: 0,interpolation_duration: 0}
$data merge entity $(bone119) {transformation: [-0.1286f,-0.849f,-0.5125f,0.7362f,0.9917f,-0.1091f,-0.0681f,1.7296f,0.0019f,-0.517f,0.856f,-0.0305f,0f,0f,0f,1f],start_interpolation: 0,interpolation_duration: 0}
$data merge entity $(bone120) {transformation: [-0.4979f,-0.849f,0.1771f,1.6119f,-0.1628f,-0.1091f,-0.9806f,0.9985f,0.8518f,-0.517f,-0.0839f,0.6365f,0f,0f,0f,1f],start_interpolation: 0,interpolation_duration: 0}
$data merge entity $(bone121) {transformation: [0f,0f,0f,0.9895f,0f,0f,0f,1.8332f,0f,0f,0f,-0.4567f,0f,0f,0f,1f],start_interpolation: 0,interpolation_duration: 0}
$data merge entity $(bone123) {transformation: [0.0776f,-1.7311f,-1.0612f,0.8832f,1.9729f,-0.1869f,0.4491f,1.3281f,-0.4802f,-1.0475f,1.6736f,2.4352f,0f,0f,0f,1f],start_interpolation: 0,interpolation_duration: 0}
$data merge entity $(bone124) {transformation: [-0.0983f,-0.8519f,-0.5143f,0.7472f,0.995f,-0.092f,-0.0378f,2.682f,-0.0151f,-0.5155f,0.8568f,-0.2581f,0f,0f,0f,1f],start_interpolation: 0,interpolation_duration: 0}
$data merge entity $(bone122) {transformation: [-0.3514f,-1.3127f,-0.7263f,0.5708f,1.4658f,-0.1417f,-0.4531f,2.677f,0.3192f,-0.7943f,1.2811f,0.0326f,0f,0f,0f,1f],start_interpolation: 0,interpolation_duration: 0}
$data merge entity $(bone126) {transformation: [0.2904f,-0.8519f,-0.4357f,1.1466f,0.7362f,-0.092f,0.6705f,1.9425f,-0.6113f,-0.5155f,0.6005f,-0.7852f,0f,0f,0f,1f],start_interpolation: 0,interpolation_duration: 0}
$data merge entity $(bone127) {transformation: [0.1677f,-0.8519f,-0.496f,0.8096f,0.8847f,-0.092f,0.4571f,2.3602f,-0.435f,-0.5155f,0.7383f,-0.3039f,0f,0f,0f,1f],start_interpolation: 0,interpolation_duration: 0}
$data merge entity $(bone125) {transformation: [0.0471f,-1.1943f,-0.7326f,0.6452f,1.3638f,-0.1289f,0.2979f,2.5296f,-0.3212f,-0.7227f,1.1575f,-0.0551f,0f,0f,0f,1f],start_interpolation: 0,interpolation_duration: 0}
$data merge entity $(bone129) {transformation: [1.0407f,-1.5887f,-0.1708f,0.4892f,0.0237f,-0.1715f,2.0053f,3.8762f,-1.7241f,-0.9613f,-0.0755f,2.6318f,0f,0f,0f,1f],start_interpolation: 0,interpolation_duration: 0}
$data merge entity $(bone130) {transformation: [0.5399f,-0.8519f,-0.1683f,0.8454f,0.1622f,-0.092f,1.0631f,1.526f,-0.9212f,-0.5155f,0.0886f,-0.2142f,0f,0f,0f,1f],start_interpolation: 0,interpolation_duration: 0}
$data merge entity $(bone131) {transformation: [0.4671f,-0.8519f,-0.3188f,0.7104f,0.466f,-0.092f,0.9692f,2.1111f,-0.8551f,-0.5155f,0.354f,-0.0954f,0f,0f,0f,1f],start_interpolation: 0,interpolation_duration: 0}
$data merge entity $(bone128) {transformation: [0.3886f,-0.8982f,-0.4521f,0.608f,0.739f,-0.097f,0.8599f,2.4189f,-0.7741f,-0.5435f,0.5938f,0.0083f,0f,0f,0f,1f],start_interpolation: 0,interpolation_duration: 0}
$data merge entity $(bone132) {transformation: [-0.1988f,-0.8519f,-0.4844f,0.4871f,0.9675f,-0.092f,-0.2354f,2.5607f,0.156f,-0.5155f,0.8426f,0.2056f,0f,0f,0f,1f],start_interpolation: 0,interpolation_duration: 0}
$data merge entity $(bone133) {transformation: [-0.3477f,-1.4463f,-0.7155f,0.5528f,1.6918f,-0.1561f,-0.3477f,2.5751f,0.2728f,-0.8751f,1.2445f,0.1061f,0f,0f,0f,1f],start_interpolation: 0,interpolation_duration: 0}
$data merge entity $(w5) {transformation: [-0.1988f,-0.8519f,-0.4844f,0.5598f,0.9675f,-0.092f,-0.2354f,2.5085f,0.156f,-0.5155f,0.8426f,0.1193f,0f,0f,0f,1f],start_interpolation: 0,interpolation_duration: 0}
$data merge entity $(w2) {transformation: [-0.5094f,-0.849f,-0.1405f,0.7099f,0.4291f,-0.1091f,-0.8967f,1.7459f,0.7459f,-0.517f,0.4199f,-0.014f,0f,0f,0f,1f],start_interpolation: 0,interpolation_duration: 0}
$data merge entity $(wing3) {transformation: [-0.0652f,-0.849f,-0.5244f,0.2175f,0.9926f,-0.1091f,0.0533f,1.8062f,-0.1024f,-0.517f,0.8498f,0.7818f,0f,0f,0f,1f],start_interpolation: 0,interpolation_duration: 0}
$data merge entity $(bone104) {transformation: [-0.0652f,0.849f,0.5244f,-0.2561f,-0.9926f,-0.1091f,0.0533f,1.7022f,0.1024f,-0.517f,0.8498f,0.7752f,0f,0f,0f,1f],start_interpolation: 0,interpolation_duration: 0}
$data merge entity $(bone105) {transformation: [-0.1286f,0.849f,0.5125f,-0.7362f,-0.9917f,-0.1091f,-0.0681f,1.7296f,-0.0019f,-0.517f,0.856f,-0.0305f,0f,0f,0f,1f],start_interpolation: 0,interpolation_duration: 0}
$data merge entity $(bone106) {transformation: [-0.4979f,0.849f,-0.1771f,-1.6119f,0.1628f,-0.1091f,-0.9806f,0.9985f,-0.8518f,-0.517f,-0.0839f,0.6365f,0f,0f,0f,1f],start_interpolation: 0,interpolation_duration: 0}
$data merge entity $(bone107) {transformation: [0f,0f,0f,-0.9895f,0f,0f,0f,1.8332f,0f,0f,0f,-0.4567f,0f,0f,0f,1f],start_interpolation: 0,interpolation_duration: 0}
$data merge entity $(bone109) {transformation: [0.0898f,1.7311f,0.9988f,-0.9186f,-1.8073f,-0.1869f,0.388f,1.4345f,0.4708f,-1.0475f,1.5815f,2.3577f,0f,0f,0f,1f],start_interpolation: 0,interpolation_duration: 0}
$data merge entity $(bone110) {transformation: [-0.0846f,0.8519f,0.4863f,-0.7375f,-0.9085f,-0.092f,-0.0458f,2.6854f,0.0223f,-0.5155f,0.8118f,-0.2428f,0f,0f,0f,1f],start_interpolation: 0,interpolation_duration: 0}
$data merge entity $(bone108) {transformation: [-0.3198f,1.3127f,0.69f,-0.5708f,-1.3339f,-0.1417f,-0.4304f,2.677f,-0.2905f,-0.7943f,1.2171f,0.0326f,0f,0f,0f,1f],start_interpolation: 0,interpolation_duration: 0}
$data merge entity $(bone112) {transformation: [0.2904f,0.8519f,0.4357f,-1.1466f,-0.7362f,-0.092f,0.6705f,1.9425f,0.6113f,-0.5155f,0.6005f,-0.7852f,0f,0f,0f,1f],start_interpolation: 0,interpolation_duration: 0}
$data merge entity $(bone113) {transformation: [0.1677f,0.8519f,0.496f,-0.8096f,-0.8847f,-0.092f,0.4571f,2.3602f,0.435f,-0.5155f,0.7383f,-0.3039f,0f,0f,0f,1f],start_interpolation: 0,interpolation_duration: 0}
$data merge entity $(bone111) {transformation: [0.0471f,1.1943f,0.7326f,-0.6452f,-1.3638f,-0.1289f,0.2979f,2.5296f,0.3212f,-0.7227f,1.1575f,-0.0551f,0f,0f,0f,1f],start_interpolation: 0,interpolation_duration: 0}
$data merge entity $(bone115) {transformation: [1.0407f,1.5887f,0.1708f,-0.4892f,-0.0237f,-0.1715f,2.0053f,3.8762f,1.7241f,-0.9613f,-0.0755f,2.6318f,0f,0f,0f,1f],start_interpolation: 0,interpolation_duration: 0}
$data merge entity $(bone116) {transformation: [0.5399f,0.8519f,0.1683f,-0.8454f,-0.1622f,-0.092f,1.0631f,1.526f,0.9212f,-0.5155f,0.0886f,-0.2142f,0f,0f,0f,1f],start_interpolation: 0,interpolation_duration: 0}
$data merge entity $(bone117) {transformation: [0.4671f,0.8519f,0.3188f,-0.7104f,-0.466f,-0.092f,0.9692f,2.1111f,0.8551f,-0.5155f,0.354f,-0.0954f,0f,0f,0f,1f],start_interpolation: 0,interpolation_duration: 0}
$data merge entity $(bone114) {transformation: [0.3886f,0.8982f,0.4521f,-0.608f,-0.739f,-0.097f,0.8599f,2.4189f,0.7741f,-0.5435f,0.5938f,0.0083f,0f,0f,0f,1f],start_interpolation: 0,interpolation_duration: 0}
$data merge entity $(bone134) {transformation: [-0.1988f,0.8519f,0.4844f,-0.4871f,-0.9675f,-0.092f,-0.2354f,2.5607f,-0.156f,-0.5155f,0.8426f,0.2056f,0f,0f,0f,1f],start_interpolation: 0,interpolation_duration: 0}
$data merge entity $(bone135) {transformation: [-0.3477f,1.4463f,0.7155f,-0.5528f,-1.6918f,-0.1561f,-0.3477f,2.5751f,-0.2728f,-0.8751f,1.2445f,0.1061f,0f,0f,0f,1f],start_interpolation: 0,interpolation_duration: 0}
$data merge entity $(w4) {transformation: [-0.1988f,0.8519f,0.4844f,-0.5598f,-0.9675f,-0.092f,-0.2354f,2.5085f,-0.156f,-0.5155f,0.8426f,0.1193f,0f,0f,0f,1f],start_interpolation: 0,interpolation_duration: 0}
$data merge entity $(w3) {transformation: [-0.5094f,0.849f,0.1405f,-0.7099f,-0.4291f,-0.1091f,-0.8967f,1.7459f,-0.7459f,-0.517f,0.4199f,-0.014f,0f,0f,0f,1f],start_interpolation: 0,interpolation_duration: 0}
$data merge entity $(wing2) {transformation: [-0.0652f,0.849f,0.5244f,-0.2175f,-0.9926f,-0.1091f,0.0533f,1.8062f,0.1024f,-0.517f,0.8498f,0.7818f,0f,0f,0f,1f],start_interpolation: 0,interpolation_duration: 0}
$data merge entity $(bone20) {transformation: [-1f,0f,0f,-0.1563f,0f,-0.1779f,0.984f,1.5614f,0f,0.984f,0.1779f,0.3246f,0f,0f,0f,1f],start_interpolation: 0,interpolation_duration: 0}
$data merge entity $(bone101) {transformation: [-1f,0f,0f,0f,0f,-0.4989f,0.8667f,1.1542f,0f,0.8667f,0.4989f,-2.6834f,0f,0f,0f,1f],start_interpolation: 0,interpolation_duration: 0}
$data merge entity $(bone100) {transformation: [-1f,0f,0f,0f,0f,0.1254f,0.9921f,0.7054f,0f,0.9921f,-0.1254f,-2.6203f,0f,0f,0f,1f],start_interpolation: 0,interpolation_duration: 0}
$data merge entity $(bone99) {transformation: [-1f,0f,0f,0f,0f,0.5344f,0.8452f,0.2775f,0f,0.8452f,-0.5344f,-2.3498f,0f,0f,0f,1f],start_interpolation: 0,interpolation_duration: 0}
$data merge entity $(bone98) {transformation: [-1f,0f,0f,0f,0f,0.8931f,0.45f,0.0553f,0f,0.45f,-0.8931f,-1.9089f,0f,0f,0f,1f],start_interpolation: 0,interpolation_duration: 0}
$data merge entity $(bone97) {transformation: [-1f,0f,0f,0f,0f,0.9874f,-0.1585f,0.1365f,0f,-0.1585f,-0.9874f,-1.4028f,0f,0f,0f,1f],start_interpolation: 0,interpolation_duration: 0}
$data merge entity $(bone96) {transformation: [-1f,0f,0f,0f,0f,0.8516f,-0.5242f,0.3987f,0f,-0.5242f,-0.8516f,-0.9771f,0f,0f,0f,1f],start_interpolation: 0,interpolation_duration: 0}
$data merge entity $(bone95) {transformation: [-1f,0f,0f,0f,0f,0.6545f,-0.7561f,0.772f,0f,-0.7561f,-0.6545f,-0.6539f,0f,0f,0f,1f],start_interpolation: 0,interpolation_duration: 0}
$data merge entity $(bone94) {transformation: [-1f,0f,0f,0f,0f,0.5861f,-0.8102f,1.172f,0f,-0.8102f,-0.5861f,-0.3645f,0f,0f,0f,1f],start_interpolation: 0,interpolation_duration: 0}
$data merge entity $(bone93) {transformation: [-1f,0f,0f,0f,0f,0.7179f,-0.6961f,1.4352f,0f,-0.6961f,-0.7179f,-0.093f,0f,0f,0f,1f],start_interpolation: 0,interpolation_duration: 0}
$data merge entity $(bone) {transformation: [-1f,0f,0f,0f,0f,0.5373f,0.8434f,1.343f,0f,0.8434f,-0.5373f,-0.0343f,0f,0f,0f,1f],start_interpolation: 0,interpolation_duration: 0}
$data merge entity $(bone24) {transformation: [-0.9665f,-0.2565f,-0.002f,0.1031f,-0.2563f,0.9653f,0.0504f,1.2843f,-0.011f,0.0492f,-0.9987f,-0.0355f,0f,0f,0f,1f],start_interpolation: 0,interpolation_duration: 0}
$data merge entity $(bone32) {transformation: [-0.9973f,-0.0532f,-0.0503f,0.2287f,-0.0688f,0.4461f,0.8923f,0.6182f,-0.025f,0.8934f,-0.4485f,-0.3121f,0f,0f,0f,1f],start_interpolation: 0,interpolation_duration: 0}
$data merge entity $(bone36) {transformation: [-0.9989f,-0.0199f,-0.0419f,0.337f,-0.0206f,0.9996f,0.0166f,0.2922f,0.0416f,0.0174f,-0.999f,-1.0187f,0f,0f,0f,1f],start_interpolation: 0,interpolation_duration: 0}
$data merge entity $(bone35) {transformation: [-0.9989f,0.0037f,-0.0463f,0.2989f,-0.0206f,0.8574f,0.5142f,0.4169f,0.0416f,0.5146f,-0.8564f,-0.9371f,0f,0f,0f,1f],start_interpolation: 0,interpolation_duration: 0}
$data merge entity $(bone34) {transformation: [-0.9989f,0.0097f,-0.0454f,0.3011f,-0.0206f,0.783f,0.6217f,0.4934f,0.0416f,0.622f,-0.7819f,-0.8791f,0f,0f,0f,1f],start_interpolation: 0,interpolation_duration: 0}
$data merge entity $(bone77) {transformation: [-0.9327f,0.3584f,-0.04f,0.1062f,0.0145f,-0.0736f,-0.9972f,0.0712f,-0.3603f,-0.9307f,0.0634f,-0.3573f,0f,0f,0f,1f],start_interpolation: 0,interpolation_duration: 0}
$data merge entity $(bone75) {transformation: [-0.9327f,0.3584f,-0.04f,0.1692f,0.0145f,-0.0736f,-0.9972f,0.0596f,-0.3603f,-0.9307f,0.0634f,-0.5321f,0f,0f,0f,1f],start_interpolation: 0,interpolation_duration: 0}
$data merge entity $(bone39) {transformation: [-0.9327f,0.3584f,-0.04f,0.2316f,0.0145f,-0.0736f,-0.9972f,0.0449f,-0.3603f,-0.9307f,0.0634f,-0.6904f,0f,0f,0f,1f],start_interpolation: 0,interpolation_duration: 0}
$data merge entity $(bone76) {transformation: [-0.9606f,-0.2775f,-0.014f,0.4989f,0.0225f,-0.0274f,-0.9994f,0.0519f,0.2769f,-0.9603f,0.0326f,-0.3327f,0f,0f,0f,1f],start_interpolation: 0,interpolation_duration: 0}
$data merge entity $(bone74) {transformation: [-0.9606f,-0.2775f,-0.014f,0.4828f,0.0225f,-0.0274f,-0.9994f,0.0548f,0.2769f,-0.9603f,0.0326f,-0.5291f,0f,0f,0f,1f],start_interpolation: 0,interpolation_duration: 0}
$data merge entity $(bone40) {transformation: [-0.9606f,-0.2775f,-0.014f,0.4341f,0.0225f,-0.0274f,-0.9994f,0.0481f,0.2769f,-0.9603f,0.0326f,-0.6927f,0f,0f,0f,1f],start_interpolation: 0,interpolation_duration: 0}
$data merge entity $(bone79) {transformation: [-0.9997f,0.0247f,-0.0041f,0.314f,0.0034f,-0.0279f,-0.9996f,0.0596f,-0.0248f,-0.9993f,0.0278f,-0.2927f,0f,0f,0f,1f],start_interpolation: 0,interpolation_duration: 0}
$data merge entity $(bone78) {transformation: [-0.9997f,0.0247f,-0.0041f,0.3229f,0.0034f,-0.0279f,-0.9996f,0.056f,-0.0248f,-0.9993f,0.0278f,-0.4932f,0f,0f,0f,1f],start_interpolation: 0,interpolation_duration: 0}
$data merge entity $(bone41) {transformation: [-0.9997f,0.0247f,-0.0041f,0.3265f,0.0034f,-0.0279f,-0.9996f,0.0484f,-0.0248f,-0.9993f,0.0278f,-0.6923f,0f,0f,0f,1f],start_interpolation: 0,interpolation_duration: 0}
$data merge entity $(bone38) {transformation: [-1f,0.0009f,-0.0037f,0.3381f,0.0023f,0.917f,-0.3989f,0.3086f,0.0031f,-0.3989f,-0.917f,-0.7817f,0f,0f,0f,1f],start_interpolation: 0,interpolation_duration: 0}
$data merge entity $(bone33) {transformation: [-0.9994f,-0.0269f,-0.0201f,0.3207f,-0.0334f,0.8568f,0.5145f,0.5358f,0.0034f,0.5149f,-0.8572f,-0.6445f,0f,0f,0f,1f],start_interpolation: 0,interpolation_duration: 0}
$data merge entity $(bone31) {transformation: [-0.9973f,-0.0441f,-0.0584f,0.2791f,-0.0688f,0.2927f,0.9537f,0.6616f,-0.025f,0.9552f,-0.2949f,0.2106f,0f,0f,0f,1f],start_interpolation: 0,interpolation_duration: 0}
$data merge entity $(bone19) {transformation: [-0.9852f,-0.1673f,0.0366f,0.1713f,-0.1711f,0.9701f,-0.1723f,1.2918f,-0.0066f,-0.176f,-0.9844f,-0.0343f,0f,0f,0f,1f],start_interpolation: 0,interpolation_duration: 0}
$data merge entity $(bone44) {transformation: [-0.7984f,0.5213f,0.3014f,-0.1115f,0.1756f,0.6804f,-0.7115f,1.2861f,-0.576f,-0.5151f,-0.6348f,-0.001f,0f,0f,0f,1f],start_interpolation: 0,interpolation_duration: 0}
$data merge entity $(bone46) {transformation: [-0.8891f,-0.2346f,0.3931f,-0.2859f,0.0612f,0.7902f,0.6098f,0.7891f,-0.4537f,0.5662f,-0.6882f,0.114f,0f,0f,0f,1f],start_interpolation: 0,interpolation_duration: 0}
$data merge entity $(bone50) {transformation: [-0.8708f,-0.1266f,0.4751f,-0.0737f,0.0252f,0.9535f,0.3002f,0.3297f,-0.491f,0.2734f,-0.8271f,-0.5375f,0f,0f,0f,1f],start_interpolation: 0,interpolation_duration: 0}
$data merge entity $(bone49) {transformation: [-0.8708f,-0.3472f,0.3481f,-0.0929f,0.0252f,0.6757f,0.7368f,0.4264f,-0.491f,0.6503f,-0.5796f,-0.4194f,0f,0f,0f,1f],start_interpolation: 0,interpolation_duration: 0}
$data merge entity $(bone48) {transformation: [-0.8708f,-0.3896f,0.2998f,-0.1309f,0.0252f,0.5737f,0.8187f,0.4831f,-0.491f,0.7204f,-0.4898f,-0.3519f,0f,0f,0f,1f],start_interpolation: 0,interpolation_duration: 0}
$data merge entity $(bone54) {transformation: [-0.9805f,0.1962f,0.0105f,-0.2546f,-0.0184f,-0.0383f,-0.9991f,0.0651f,-0.1956f,-0.9798f,0.0411f,0.2182f,0f,0f,0f,1f],start_interpolation: 0,interpolation_duration: 0}
$data merge entity $(bone53) {transformation: [-0.9805f,0.1962f,0.0105f,-0.2142f,-0.0184f,-0.0383f,-0.9991f,0.0601f,-0.1956f,-0.9798f,0.0411f,0.0365f,0f,0f,0f,1f],start_interpolation: 0,interpolation_duration: 0}
$data merge entity $(bone52) {transformation: [-0.9805f,0.1962f,0.0105f,-0.1819f,-0.0184f,-0.0383f,-0.9991f,0.0514f,-0.1956f,-0.9798f,0.0411f,-0.131f,0f,0f,0f,1f],start_interpolation: 0,interpolation_duration: 0}
$data merge entity $(bone57) {transformation: [-0.7277f,0.6859f,0.0081f,-0.5828f,-0.0159f,-0.005f,-0.9999f,0.0596f,-0.6857f,-0.7277f,0.0146f,0.0651f,0f,0f,0f,1f],start_interpolation: 0,interpolation_duration: 0}
$data merge entity $(bone56) {transformation: [-0.7277f,0.6859f,0.0081f,-0.4788f,-0.0159f,-0.005f,-0.9999f,0.0671f,-0.6857f,-0.7277f,0.0146f,-0.1021f,0f,0f,0f,1f],start_interpolation: 0,interpolation_duration: 0}
$data merge entity $(bone55) {transformation: [-0.7277f,0.6859f,0.0081f,-0.3607f,-0.0159f,-0.005f,-0.9999f,0.0642f,-0.6857f,-0.7277f,0.0146f,-0.2254f,0f,0f,0f,1f],start_interpolation: 0,interpolation_duration: 0}
$data merge entity $(bone60) {transformation: [-0.8804f,0.4734f,-0.0284f,-0.4523f,0.0138f,-0.0344f,-0.9993f,0.0732f,-0.474f,-0.8802f,0.0238f,0.1774f,0f,0f,0f,1f],start_interpolation: 0,interpolation_duration: 0}
$data merge entity $(bone59) {transformation: [-0.8804f,0.4734f,-0.0284f,-0.3607f,0.0138f,-0.0344f,-0.9993f,0.0683f,-0.474f,-0.8802f,0.0238f,-0.0013f,0f,0f,0f,1f],start_interpolation: 0,interpolation_duration: 0}
$data merge entity $(bone58) {transformation: [-0.8804f,0.4734f,-0.0284f,-0.2653f,0.0138f,-0.0344f,-0.9993f,0.0594f,-0.474f,-0.8802f,0.0238f,-0.176f,0f,0f,0f,1f],start_interpolation: 0,interpolation_duration: 0}
$data merge entity $(bone51) {transformation: [-0.8869f,0.2164f,0.4082f,-0.2249f,0.045f,0.9197f,-0.39f,0.3207f,-0.4598f,-0.3275f,-0.8254f,-0.2529f,0f,0f,0f,1f],start_interpolation: 0,interpolation_duration: 0}
$data merge entity $(bone47) {transformation: [-0.8869f,-0.1201f,0.4461f,-0.2478f,0.045f,0.9386f,0.3421f,0.5695f,-0.4598f,0.3234f,-0.827f,-0.1619f,0f,0f,0f,1f],start_interpolation: 0,interpolation_duration: 0}
$data merge entity $(bone45) {transformation: [-0.8891f,-0.2962f,0.349f,-0.5363f,0.0612f,0.6787f,0.7319f,1.0545f,-0.4537f,0.672f,-0.5853f,0.4941f,0f,0f,0f,1f],start_interpolation: 0,interpolation_duration: 0}
$data merge entity $(bone43) {transformation: [-0.8408f,0.506f,0.1925f,-0.1713f,0.1157f,0.5153f,-0.8492f,1.2918f,-0.5289f,-0.6917f,-0.4918f,-0.0343f,0f,0f,0f,1f],start_interpolation: 0,interpolation_duration: 0}