# This file was generated by Animated Java via MC-Build. It is not recommended to edit this file directly.
$data merge entity $(bone5) {transformation: [-0.9947f,-0.1022f,0.0098f,0.385f,-0.0922f,0.9308f,0.3536f,1.4968f,-0.0453f,0.3508f,-0.9353f,0.9759f,0f,0f,0f,1f],start_interpolation: 0,interpolation_duration: 0}
$data merge entity $(bone6) {transformation: [0.0179f,-0.2646f,-0.9642f,0.4943f,-0.446f,0.861f,-0.2445f,1.2678f,0.8948f,0.4345f,-0.1026f,0.8991f,0f,0f,0f,1f],start_interpolation: 0,interpolation_duration: 0}
$data merge entity $(bone8) {transformation: [-0.2593f,-0.064f,0.9637f,0.6385f,-0.0862f,0.9954f,0.043f,0.5828f,-0.9619f,-0.0719f,-0.2636f,0.7504f,0f,0f,0f,1f],start_interpolation: 0,interpolation_duration: 0}
$data merge entity $(bone9) {transformation: [-0.2593f,-0.064f,0.9637f,0.7993f,-0.0862f,0.9954f,0.043f,0.756f,-0.9619f,-0.0719f,-0.2636f,0.6839f,0f,0f,0f,1f],start_interpolation: 0,interpolation_duration: 0}
$data merge entity $(bone10) {transformation: [-0.228f,-0.1391f,0.9637f,0.6205f,-0.3815f,0.9234f,0.043f,0.5735f,-0.8958f,-0.3578f,-0.2636f,0.7267f,0f,0f,0f,1f],start_interpolation: 0,interpolation_duration: 0}
$data merge entity $(bone12) {transformation: [-0.1884f,-0.5155f,0.8359f,0.7639f,-0.8887f,0.4518f,0.0784f,0.067f,-0.4181f,-0.7281f,-0.5432f,0.9394f,0f,0f,0f,1f],start_interpolation: 0,interpolation_duration: 0}
$data merge entity $(bone15) {transformation: [0.985f,-0.1041f,0.1376f,0.3832f,-0.155f,-0.1837f,0.9707f,0.0217f,-0.0758f,-0.9774f,-0.1971f,0.9935f,0f,0f,0f,1f],start_interpolation: 0,interpolation_duration: 0}
$data merge entity $(bone14) {transformation: [0.9446f,-0.1041f,-0.3112f,0.5046f,0.2893f,-0.1837f,0.9395f,0.0601f,-0.155f,-0.9774f,-0.1434f,0.9721f,0f,0f,0f,1f],start_interpolation: 0,interpolation_duration: 0}
$data merge entity $(bone13) {transformation: [0.7812f,-0.1041f,-0.6155f,0.6065f,0.5931f,-0.1837f,0.7839f,0.135f,-0.1947f,-0.9774f,-0.0818f,0.9438f,0f,0f,0f,1f],start_interpolation: 0,interpolation_duration: 0}
$data merge entity $(bone18) {transformation: [-0.059f,-0.9974f,-0.0414f,0.7448f,0.997f,-0.0568f,-0.0516f,-0.1475f,0.0492f,-0.0443f,0.9978f,1.3391f,0f,0f,0f,1f],start_interpolation: 0,interpolation_duration: 0}
$data merge entity $(bone17) {transformation: [-0.0186f,-0.9974f,-0.0696f,0.7411f,0.797f,-0.0568f,0.6013f,0.0095f,-0.6037f,-0.0443f,0.796f,1.2202f,0f,0f,0f,1f],start_interpolation: 0,interpolation_duration: 0}
$data merge entity $(bone16) {transformation: [0.0248f,-0.9974f,-0.0677f,0.7406f,0.3071f,-0.0568f,0.95f,0.0527f,-0.9514f,-0.0443f,0.3049f,1.0799f,0f,0f,0f,1f],start_interpolation: 0,interpolation_duration: 0}
$data merge entity $(bone27) {transformation: [-0.8544f,-0.5148f,-0.0705f,1.1862f,-0.0333f,-0.0812f,0.9961f,0.0377f,-0.5185f,0.8535f,0.0522f,1.1292f,0f,0f,0f,1f],start_interpolation: 0,interpolation_duration: 0}
$data merge entity $(bone26) {transformation: [-0.8425f,-0.5353f,-0.0604f,1.0523f,-0.0293f,-0.0665f,0.9974f,0.0339f,-0.5379f,0.842f,0.0403f,1.0514f,0f,0f,0f,1f],start_interpolation: 0,interpolation_duration: 0}
$data merge entity $(bone25) {transformation: [-0.8294f,-0.5353f,0.1597f,0.8996f,0.2299f,-0.0665f,0.9709f,0.0735f,-0.5091f,0.842f,0.1782f,0.9626f,0f,0f,0f,1f],start_interpolation: 0,interpolation_duration: 0}
$data merge entity $(bone30) {transformation: [-0.1289f,-0.8713f,0.4734f,0.9932f,0.983f,-0.0495f,0.1767f,-0.1432f,-0.1305f,0.4882f,0.8629f,1.3065f,0f,0f,0f,1f],start_interpolation: 0,interpolation_duration: 0}
$data merge entity $(bone29) {transformation: [-0.3514f,-0.8713f,0.3425f,0.9277f,0.7573f,-0.0495f,0.6511f,0.0062f,-0.5504f,0.4882f,0.6773f,1.1959f,0f,0f,0f,1f],start_interpolation: 0,interpolation_duration: 0}
$data merge entity $(bone28) {transformation: [-0.4823f,-0.8713f,0.09f,0.8262f,0.2688f,-0.0495f,0.9619f,0.0587f,-0.8337f,0.4882f,0.2581f,1.0289f,0f,0f,0f,1f],start_interpolation: 0,interpolation_duration: 0}
$data merge entity $(bone7) {transformation: [0.9637f,-0.0753f,0.2563f,0.6017f,0.043f,0.9906f,0.1295f,0.918f,-0.2636f,-0.1138f,0.9579f,0.708f,0f,0f,0f,1f],start_interpolation: 0,interpolation_duration: 0}
$data merge entity $(bone4) {transformation: [-0.9642f,-0.265f,0.0098f,0.3501f,-0.2445f,0.9029f,0.3536f,1.6026f,-0.1026f,0.3385f,-0.9353f,0.9878f,0f,0f,0f,1f],start_interpolation: 0,interpolation_duration: 0}
$data merge entity $(bone62) {transformation: [-0.9101f,0.3686f,0.1892f,-0.4164f,0.4097f,0.7325f,0.5437f,1.5206f,0.0618f,0.5724f,-0.8177f,0.9497f,0f,0f,0f,1f],start_interpolation: 0,interpolation_duration: 0}
$data merge entity $(bone63) {transformation: [0.2419f,0.4911f,0.8368f,-0.5871f,0.6092f,0.5944f,-0.5249f,1.3667f,-0.7552f,0.6368f,-0.1554f,0.8177f,0f,0f,0f,1f],start_interpolation: 0,interpolation_duration: 0}
$data merge entity $(bone65) {transformation: [-0.0338f,0.1468f,-0.9886f,-0.8455f,0.1832f,0.9733f,0.1383f,0.8039f,0.9825f,-0.1764f,-0.0598f,0.6251f,0f,0f,0f,1f],start_interpolation: 0,interpolation_duration: 0}
$data merge entity $(bone66) {transformation: [-0.0338f,0.1468f,-0.9886f,-0.9986f,0.1832f,0.9733f,0.1383f,0.9898f,0.9825f,-0.1764f,-0.0598f,0.5778f,0f,0f,0f,1f],start_interpolation: 0,interpolation_duration: 0}
$data merge entity $(bone67) {transformation: [0.0119f,0.1502f,-0.9886f,-0.8341f,0.4674f,0.8732f,0.1383f,0.7909f,0.884f,-0.4637f,-0.0598f,0.5992f,0f,0f,0f,1f],start_interpolation: 0,interpolation_duration: 0}
$data merge entity $(bone69) {transformation: [-0.2566f,0.0794f,-0.9633f,-0.9147f,0.3216f,0.9469f,-0.0076f,0.2252f,0.9115f,-0.3117f,-0.2685f,0.7683f,0f,0f,0f,1f],start_interpolation: 0,interpolation_duration: 0}
$data merge entity $(bone72) {transformation: [0.9257f,0.2514f,0.2825f,-0.6297f,-0.3467f,0.266f,0.8995f,0.1413f,0.151f,-0.9306f,0.3335f,0.7903f,0f,0f,0f,1f],start_interpolation: 0,interpolation_duration: 0}
$data merge entity $(bone71) {transformation: [0.7507f,0.2514f,0.6109f,-0.7255f,-0.6604f,0.266f,0.7022f,0.2279f,0.014f,-0.9306f,0.3658f,0.7878f,0f,0f,0f,1f],start_interpolation: 0,interpolation_duration: 0}
$data merge entity $(bone70) {transformation: [0.4965f,0.2514f,0.8308f,-0.7904f,-0.8608f,0.266f,0.4339f,0.3395f,-0.1119f,-0.9306f,0.3485f,0.7987f,0f,0f,0f,1f],start_interpolation: 0,interpolation_duration: 0}
$data merge entity $(bone81) {transformation: [0.1453f,0.9891f,0.0255f,-0.7994f,-0.3568f,0.0284f,0.9338f,-0.056f,0.9228f,-0.1448f,0.357f,1.1269f,0f,0f,0f,1f],start_interpolation: 0,interpolation_duration: 0}
$data merge entity $(bone80) {transformation: [0.1184f,0.9891f,0.088f,-0.8227f,-0.738f,0.0284f,0.6742f,0.0894f,0.6643f,-0.1448f,0.7333f,0.996f,0f,0f,0f,1f],start_interpolation: 0,interpolation_duration: 0}
$data merge entity $(bone73) {transformation: [0.1437f,0.9891f,0.0333f,-0.8396f,-0.4071f,0.0284f,0.9129f,0.1477f,0.902f,-0.1448f,0.4068f,0.8624f,0f,0f,0f,1f],start_interpolation: 0,interpolation_duration: 0}
$data merge entity $(bone84) {transformation: [-0.7165f,0.6915f,0.0924f,-1.2542f,0.1007f,-0.0286f,0.9945f,0.0282f,0.6903f,0.7218f,-0.0491f,1.0138f,0f,0f,0f,1f],start_interpolation: 0,interpolation_duration: 0}
$data merge entity $(bone83) {transformation: [-0.6829f,0.7087f,-0.1771f,-1.1441f,-0.2581f,-0.0073f,0.9661f,0.0693f,0.6834f,0.7055f,0.1879f,0.9128f,0f,0f,0f,1f],start_interpolation: 0,interpolation_duration: 0}
$data merge entity $(bone82) {transformation: [-0.6138f,0.7087f,-0.3478f,-1.0294f,-0.4993f,-0.0073f,0.8664f,0.1581f,0.6115f,0.7055f,0.3583f,0.8046f,0f,0f,0f,1f],start_interpolation: 0,interpolation_duration: 0}
$data merge entity $(bone103) {transformation: [-0.2968f,0.95f,-0.0973f,-1.0379f,-0.2586f,0.0181f,0.9658f,-0.0621f,0.9192f,0.3118f,0.2403f,1.1591f,0f,0f,0f,1f],start_interpolation: 0,interpolation_duration: 0}
$data merge entity $(bone102) {transformation: [-0.2288f,0.95f,-0.2127f,-0.9969f,-0.6395f,0.0181f,0.7686f,0.0638f,0.734f,0.3118f,0.6033f,1.0132f,0f,0f,0f,1f],start_interpolation: 0,interpolation_duration: 0}
$data merge entity $(bone85) {transformation: [-0.2793f,0.95f,-0.14f,-0.9361f,-0.3981f,0.0181f,0.9172f,0.1429f,0.8738f,0.3118f,0.3731f,0.8371f,0f,0f,0f,1f],start_interpolation: 0,interpolation_duration: 0}
$data merge entity $(bone64) {transformation: [0.9886f,0.1482f,-0.0273f,-0.7852f,-0.1383f,0.9644f,0.2255f,1.1286f,0.0598f,-0.2191f,0.9739f,0.5448f,0f,0f,0f,1f],start_interpolation: 0,interpolation_duration: 0}
$data merge entity $(bone61) {transformation: [-0.8368f,0.5137f,0.1892f,-0.3501f,0.5249f,0.6548f,0.5437f,1.6026f,0.1554f,0.5543f,-0.8177f,0.9878f,0f,0f,0f,1f],start_interpolation: 0,interpolation_duration: 0}
$data merge entity $(bone23) {transformation: [-0.7934f,-0.6088f,0f,0.1071f,-0.0777f,0.1013f,0.9918f,1.5252f,-0.6038f,0.7869f,-0.1276f,1.0109f,0f,0f,0f,1f],start_interpolation: 0,interpolation_duration: 0}
$data merge entity $(bone22) {transformation: [-0.7934f,0.6088f,0f,-0.1071f,0.0777f,0.1013f,0.9918f,1.5252f,0.6038f,0.7869f,-0.1276f,1.0109f,0f,0f,0f,1f],start_interpolation: 0,interpolation_duration: 0}
$data merge entity $(bone89) {transformation: [-1f,0.0072f,0.0007f,0.002f,0.0053f,0.6684f,0.7438f,2.2191f,0.0049f,0.7438f,-0.6684f,1.4947f,0f,0f,0f,1f],start_interpolation: 0,interpolation_duration: 0}
$data merge entity $(bone90) {transformation: [-1f,0.0069f,0.0019f,0.0013f,0.0053f,0.529f,0.8486f,2.159f,0.0049f,0.8486f,-0.5291f,1.4148f,0f,0f,0f,1f],start_interpolation: 0,interpolation_duration: 0}
$data merge entity $(bone88) {transformation: [-1f,0.0071f,0.0013f,0.0312f,0.0053f,0.601f,0.7992f,2.0218f,0.0049f,0.7992f,-0.601f,1.2948f,0f,0f,0f,1f],start_interpolation: 0,interpolation_duration: 0}
$data merge entity $(bone42) {transformation: [-1f,0f,0f,0f,0f,0.7385f,0.6743f,1.7157f,0f,0.6743f,-0.7385f,1.6917f,0f,0f,0f,1f],start_interpolation: 0,interpolation_duration: 0}
$data merge entity $(bone87) {transformation: [-0.9998f,0.0157f,-0.0096f,-0.0044f,0.0025f,0.6292f,0.7772f,1.2496f,0.0182f,0.7771f,-0.6292f,2.2348f,0f,0f,0f,1f],start_interpolation: 0,interpolation_duration: 0}
$data merge entity $(bone86) {transformation: [-1f,0f,0f,0f,0f,0.7123f,0.7019f,1.4062f,0f,0.7019f,-0.7123f,2.0688f,0f,0f,0f,1f],start_interpolation: 0,interpolation_duration: 0}
$data merge entity $(bone92) {transformation: [-0.8818f,0.2593f,-0.3939f,0.1194f,-0.0775f,0.7443f,0.6634f,1.7876f,0.4652f,0.6155f,-0.6362f,1.7334f,0f,0f,0f,1f],start_interpolation: 0,interpolation_duration: 0}
$data merge entity $(bone3) {transformation: [-0.8818f,-0.2593f,0.3939f,-0.1194f,0.0775f,0.7443f,0.6634f,1.7876f,-0.4652f,0.6155f,-0.6362f,1.7334f,0f,0f,0f,1f],start_interpolation: 0,interpolation_duration: 0}
$data merge entity $(head) {transformation: [-1f,0f,0f,0f,0f,0.748f,0.6637f,1.7158f,0f,0.6637f,-0.748f,1.5079f,0f,0f,0f,1f],start_interpolation: 0,interpolation_duration: 0}
$data merge entity $(neck) {transformation: [-1f,0f,0f,0f,0f,0.5508f,0.8346f,1.6229f,0f,0.8346f,-0.5508f,1.3671f,0f,0f,0f,1f],start_interpolation: 0,interpolation_duration: 0}
$data merge entity $(bone2) {transformation: [-1f,0f,0f,0f,0f,0.1276f,0.9918f,1.5617f,0f,0.9918f,-0.1276f,1.0551f,0f,0f,0f,1f],start_interpolation: 0,interpolation_duration: 0}
$data merge entity $(bone136) {transformation: [-1f,0f,0f,0f,0f,0.1794f,1.0931f,1.544f,0f,0.9838f,-0.1993f,0.8592f,0f,0f,0f,1f],start_interpolation: 0,interpolation_duration: 0}
$data merge entity $(bone118) {transformation: [-0.0667f,-0.849f,-0.5242f,0.2563f,0.9926f,-0.11f,0.0518f,1.7061f,-0.1016f,-0.5169f,0.85f,0.7748f,0f,0f,0f,1f],start_interpolation: 0,interpolation_duration: 0}
$data merge entity $(bone119) {transformation: [-0.1301f,-0.849f,-0.5122f,0.7361f,0.9915f,-0.11f,-0.0696f,1.7349f,0.0028f,-0.5169f,0.8561f,-0.0311f,0f,0f,0f,1f],start_interpolation: 0,interpolation_duration: 0}
$data merge entity $(bone120) {transformation: [-0.4973f,-0.849f,0.1786f,1.6131f,-0.1643f,-0.11f,-0.9803f,1.0045f,0.8519f,-0.5169f,-0.0848f,0.635f,0f,0f,0f,1f],start_interpolation: 0,interpolation_duration: 0}
$data merge entity $(bone121) {transformation: [0f,0f,0f,0.9891f,0f,0f,0f,1.8392f,0f,0f,0f,-0.4573f,0f,0f,0f,1f],start_interpolation: 0,interpolation_duration: 0}
$data merge entity $(bone123) {transformation: [0.0779f,-1.7312f,-1.0611f,0.8818f,1.972f,-0.1886f,0.4524f,1.3374f,-0.4839f,-1.0471f,1.6728f,2.4376f,0f,0f,0f,1f],start_interpolation: 0,interpolation_duration: 0}
$data merge entity $(bone124) {transformation: [-0.0981f,-0.852f,-0.5143f,0.746f,0.995f,-0.0928f,-0.0361f,2.6862f,-0.017f,-0.5153f,0.8568f,-0.2583f,0f,0f,0f,1f],start_interpolation: 0,interpolation_duration: 0}
$data merge entity $(bone122) {transformation: [-0.3512f,-1.3127f,-0.7263f,0.5696f,1.4665f,-0.143f,-0.4505f,2.6817f,0.3164f,-0.794f,1.282f,0.0325f,0f,0f,0f,1f],start_interpolation: 0,interpolation_duration: 0}
$data merge entity $(bone126) {transformation: [0.2905f,-0.852f,-0.4356f,1.1452f,0.735f,-0.0928f,0.6717f,1.9456f,-0.6127f,-0.5153f,0.5992f,-0.784f,0f,0f,0f,1f],start_interpolation: 0,interpolation_duration: 0}
$data merge entity $(bone127) {transformation: [0.1679f,-0.852f,-0.496f,0.8083f,0.8838f,-0.0928f,0.4585f,2.3642f,-0.4367f,-0.5153f,0.7374f,-0.3035f,0f,0f,0f,1f],start_interpolation: 0,interpolation_duration: 0}
$data merge entity $(bone125) {transformation: [0.0473f,-1.1944f,-0.7325f,0.644f,1.3632f,-0.1301f,0.3002f,2.5341f,-0.3238f,-0.7224f,1.157f,-0.055f,0f,0f,0f,1f],start_interpolation: 0,interpolation_duration: 0}
$data merge entity $(bone129) {transformation: [1.0407f,-1.5888f,-0.1705f,0.4881f,0.0202f,-0.1731f,2.0052f,3.8859f,-1.7242f,-0.961f,-0.0793f,2.6294f,0f,0f,0f,1f],start_interpolation: 0,interpolation_duration: 0}
$data merge entity $(bone130) {transformation: [0.5399f,-0.852f,-0.1682f,0.844f,0.1604f,-0.0928f,1.0633f,1.5302f,-0.9215f,-0.5153f,0.0865f,-0.2122f,0f,0f,0f,1f],start_interpolation: 0,interpolation_duration: 0}
$data merge entity $(bone131) {transformation: [0.4671f,-0.852f,-0.3187f,0.709f,0.4643f,-0.0928f,0.9699f,2.1156f,-0.8559f,-0.5153f,0.3522f,-0.0945f,0f,0f,0f,1f],start_interpolation: 0,interpolation_duration: 0}
$data merge entity $(bone128) {transformation: [0.3887f,-0.8982f,-0.452f,0.6067f,0.7374f,-0.0978f,0.861f,2.4236f,-0.7755f,-0.5433f,0.5922f,0.0086f,0f,0f,0f,1f],start_interpolation: 0,interpolation_duration: 0}
$data merge entity $(bone132) {transformation: [-0.1987f,-0.852f,-0.4844f,0.4858f,0.9679f,-0.0928f,-0.2338f,2.5658f,0.1542f,-0.5153f,0.843f,0.2057f,0f,0f,0f,1f],start_interpolation: 0,interpolation_duration: 0}
$data merge entity $(bone133) {transformation: [-0.3475f,-1.4464f,-0.7155f,0.5515f,1.6924f,-0.1576f,-0.3453f,2.58f,0.2696f,-0.8748f,1.2451f,0.1061f,0f,0f,0f,1f],start_interpolation: 0,interpolation_duration: 0}
$data merge entity $(w5) {transformation: [-0.1987f,-0.852f,-0.4844f,0.5586f,0.9679f,-0.0928f,-0.2338f,2.5134f,0.1542f,-0.5153f,0.843f,0.1194f,0f,0f,0f,1f],start_interpolation: 0,interpolation_duration: 0}
$data merge entity $(w2) {transformation: [-0.5098f,-0.849f,-0.139f,0.7097f,0.4277f,-0.11f,-0.8972f,1.7511f,0.7464f,-0.5169f,0.4191f,-0.0145f,0f,0f,0f,1f],start_interpolation: 0,interpolation_duration: 0}
$data merge entity $(wing3) {transformation: [-0.0667f,-0.849f,-0.5242f,0.2175f,0.9926f,-0.11f,0.0518f,1.81f,-0.1016f,-0.5169f,0.85f,0.7815f,0f,0f,0f,1f],start_interpolation: 0,interpolation_duration: 0}
$data merge entity $(bone104) {transformation: [-0.0667f,0.849f,0.5242f,-0.2563f,-0.9926f,-0.11f,0.0518f,1.7061f,0.1016f,-0.5169f,0.85f,0.7748f,0f,0f,0f,1f],start_interpolation: 0,interpolation_duration: 0}
$data merge entity $(bone105) {transformation: [-0.1301f,0.849f,0.5122f,-0.7361f,-0.9915f,-0.11f,-0.0696f,1.7349f,-0.0028f,-0.5169f,0.8561f,-0.0311f,0f,0f,0f,1f],start_interpolation: 0,interpolation_duration: 0}
$data merge entity $(bone106) {transformation: [-0.4973f,0.849f,-0.1786f,-1.6131f,0.1643f,-0.11f,-0.9803f,1.0045f,-0.8519f,-0.5169f,-0.0848f,0.635f,0f,0f,0f,1f],start_interpolation: 0,interpolation_duration: 0}
$data merge entity $(bone107) {transformation: [0f,0f,0f,-0.9891f,0f,0f,0f,1.8392f,0f,0f,0f,-0.4573f,0f,0f,0f,1f],start_interpolation: 0,interpolation_duration: 0}
$data merge entity $(bone109) {transformation: [0.09f,1.7312f,0.9988f,-0.9172f,-1.8064f,-0.1886f,0.3911f,1.4436f,0.4742f,-1.0471f,1.5808f,2.3599f,0f,0f,0f,1f],start_interpolation: 0,interpolation_duration: 0}
$data merge entity $(bone110) {transformation: [-0.0844f,0.852f,0.4862f,-0.7363f,-0.9085f,-0.0928f,-0.0442f,2.6896f,0.0241f,-0.5153f,0.8119f,-0.243f,0f,0f,0f,1f],start_interpolation: 0,interpolation_duration: 0}
$data merge entity $(bone108) {transformation: [-0.3196f,1.3127f,0.69f,-0.5696f,-1.3345f,-0.143f,-0.428f,2.6817f,-0.288f,-0.794f,1.2179f,0.0325f,0f,0f,0f,1f],start_interpolation: 0,interpolation_duration: 0}
$data merge entity $(bone112) {transformation: [0.2905f,0.852f,0.4356f,-1.1452f,-0.735f,-0.0928f,0.6717f,1.9456f,0.6127f,-0.5153f,0.5992f,-0.784f,0f,0f,0f,1f],start_interpolation: 0,interpolation_duration: 0}
$data merge entity $(bone113) {transformation: [0.1679f,0.852f,0.496f,-0.8083f,-0.8838f,-0.0928f,0.4585f,2.3642f,0.4367f,-0.5153f,0.7374f,-0.3035f,0f,0f,0f,1f],start_interpolation: 0,interpolation_duration: 0}
$data merge entity $(bone111) {transformation: [0.0473f,1.1944f,0.7325f,-0.644f,-1.3632f,-0.1301f,0.3002f,2.5341f,0.3238f,-0.7224f,1.157f,-0.055f,0f,0f,0f,1f],start_interpolation: 0,interpolation_duration: 0}
$data merge entity $(bone115) {transformation: [1.0407f,1.5888f,0.1705f,-0.4881f,-0.0202f,-0.1731f,2.0052f,3.8859f,1.7242f,-0.961f,-0.0793f,2.6294f,0f,0f,0f,1f],start_interpolation: 0,interpolation_duration: 0}
$data merge entity $(bone116) {transformation: [0.5399f,0.852f,0.1682f,-0.844f,-0.1604f,-0.0928f,1.0633f,1.5302f,0.9215f,-0.5153f,0.0865f,-0.2122f,0f,0f,0f,1f],start_interpolation: 0,interpolation_duration: 0}
$data merge entity $(bone117) {transformation: [0.4671f,0.852f,0.3187f,-0.709f,-0.4643f,-0.0928f,0.9699f,2.1156f,0.8559f,-0.5153f,0.3522f,-0.0945f,0f,0f,0f,1f],start_interpolation: 0,interpolation_duration: 0}
$data merge entity $(bone114) {transformation: [0.3887f,0.8982f,0.452f,-0.6067f,-0.7374f,-0.0978f,0.861f,2.4236f,0.7755f,-0.5433f,0.5922f,0.0086f,0f,0f,0f,1f],start_interpolation: 0,interpolation_duration: 0}
$data merge entity $(bone134) {transformation: [-0.1987f,0.852f,0.4844f,-0.4858f,-0.9679f,-0.0928f,-0.2338f,2.5658f,-0.1542f,-0.5153f,0.843f,0.2057f,0f,0f,0f,1f],start_interpolation: 0,interpolation_duration: 0}
$data merge entity $(bone135) {transformation: [-0.3475f,1.4464f,0.7155f,-0.5515f,-1.6924f,-0.1576f,-0.3453f,2.58f,-0.2696f,-0.8748f,1.2451f,0.1061f,0f,0f,0f,1f],start_interpolation: 0,interpolation_duration: 0}
$data merge entity $(w4) {transformation: [-0.1987f,0.852f,0.4844f,-0.5586f,-0.9679f,-0.0928f,-0.2338f,2.5134f,-0.1542f,-0.5153f,0.843f,0.1194f,0f,0f,0f,1f],start_interpolation: 0,interpolation_duration: 0}
$data merge entity $(w3) {transformation: [-0.5098f,0.849f,0.139f,-0.7097f,-0.4277f,-0.11f,-0.8972f,1.7511f,-0.7464f,-0.5169f,0.4191f,-0.0145f,0f,0f,0f,1f],start_interpolation: 0,interpolation_duration: 0}
$data merge entity $(wing2) {transformation: [-0.0667f,0.849f,0.5242f,-0.2175f,-0.9926f,-0.11f,0.0518f,1.81f,0.1016f,-0.5169f,0.85f,0.7815f,0f,0f,0f,1f],start_interpolation: 0,interpolation_duration: 0}
$data merge entity $(bone20) {transformation: [-1f,0f,0f,-0.1563f,0f,-0.1765f,0.9843f,1.5646f,0f,0.9843f,0.1765f,0.3246f,0f,0f,0f,1f],start_interpolation: 0,interpolation_duration: 0}
$data merge entity $(bone101) {transformation: [-1f,0f,0f,0f,0f,-0.4983f,0.867f,1.1541f,0f,0.867f,0.4983f,-2.6871f,0f,0f,0f,1f],start_interpolation: 0,interpolation_duration: 0}
$data merge entity $(bone100) {transformation: [-1f,0f,0f,0f,0f,0.138f,0.9904f,0.7062f,0f,0.9904f,-0.138f,-2.6183f,0f,0f,0f,1f],start_interpolation: 0,interpolation_duration: 0}
$data merge entity $(bone99) {transformation: [-1f,0f,0f,0f,0f,0.5358f,0.8443f,0.2788f,0f,0.8443f,-0.5358f,-2.3471f,0f,0f,0f,1f],start_interpolation: 0,interpolation_duration: 0}
$data merge entity $(bone98) {transformation: [-1f,0f,0f,0f,0f,0.892f,0.452f,0.0556f,0f,0.452f,-0.892f,-1.9066f,0f,0f,0f,1f],start_interpolation: 0,interpolation_duration: 0}
$data merge entity $(bone97) {transformation: [-1f,0f,0f,0f,0f,0.9871f,-0.16f,0.1376f,0f,-0.16f,-0.9871f,-1.4007f,0f,0f,0f,1f],start_interpolation: 0,interpolation_duration: 0}
$data merge entity $(bone96) {transformation: [-1f,0f,0f,0f,0f,0.8507f,-0.5256f,0.4004f,0f,-0.5256f,-0.8507f,-0.9754f,0f,0f,0f,1f],start_interpolation: 0,interpolation_duration: 0}
$data merge entity $(bone95) {transformation: [-1f,0f,0f,0f,0f,0.6533f,-0.7571f,0.7742f,0f,-0.7571f,-0.6533f,-0.6528f,0f,0f,0f,1f],start_interpolation: 0,interpolation_duration: 0}
$data merge entity $(bone94) {transformation: [-1f,0f,0f,0f,0f,0.5848f,-0.8112f,1.1747f,0f,-0.8112f,-0.5848f,-0.3641f,0f,0f,0f,1f],start_interpolation: 0,interpolation_duration: 0}
$data merge entity $(bone93) {transformation: [-1f,0f,0f,0f,0f,0.7168f,-0.6973f,1.4384f,0f,-0.6973f,-0.7168f,-0.093f,0f,0f,0f,1f],start_interpolation: 0,interpolation_duration: 0}
$data merge entity $(bone) {transformation: [-1f,0f,0f,0f,0f,0.5373f,0.8434f,1.3462f,0f,0.8434f,-0.5373f,-0.0343f,0f,0f,0f,1f],start_interpolation: 0,interpolation_duration: 0}
$data merge entity $(bone24) {transformation: [-0.9665f,-0.2565f,-0.0013f,0.1031f,-0.2563f,0.9655f,0.0464f,1.2874f,-0.0106f,0.0452f,-0.9989f,-0.0355f,0f,0f,0f,1f],start_interpolation: 0,interpolation_duration: 0}
$data merge entity $(bone32) {transformation: [-0.9973f,-0.0539f,-0.0499f,0.2289f,-0.0689f,0.4511f,0.8898f,0.6194f,-0.0254f,0.8909f,-0.4536f,-0.3093f,0f,0f,0f,1f],start_interpolation: 0,interpolation_duration: 0}
$data merge entity $(bone36) {transformation: [-0.9989f,-0.0184f,-0.0424f,0.3369f,-0.0194f,0.9995f,0.0231f,0.294f,0.0419f,0.0239f,-0.9988f,-1.017f,0f,0f,0f,1f],start_interpolation: 0,interpolation_duration: 0}
$data merge entity $(bone35) {transformation: [-0.9989f,0.0052f,-0.0459f,0.2991f,-0.0194f,0.8541f,0.5198f,0.4183f,0.0419f,0.5201f,-0.8531f,-0.9346f,0f,0f,0f,1f],start_interpolation: 0,interpolation_duration: 0}
$data merge entity $(bone34) {transformation: [-0.9989f,0.0112f,-0.0449f,0.3014f,-0.0194f,0.7789f,0.6268f,0.4943f,0.0419f,0.627f,-0.7779f,-0.876f,0f,0f,0f,1f],start_interpolation: 0,interpolation_duration: 0}
$data merge entity $(bone77) {transformation: [-0.9329f,0.3576f,-0.0431f,0.1062f,0.0172f,-0.0752f,-0.997f,0.0716f,-0.3597f,-0.9309f,0.064f,-0.3571f,0f,0f,0f,1f],start_interpolation: 0,interpolation_duration: 0}
$data merge entity $(bone75) {transformation: [-0.9329f,0.3576f,-0.0431f,0.1691f,0.0172f,-0.0752f,-0.997f,0.0597f,-0.3597f,-0.9309f,0.064f,-0.5319f,0f,0f,0f,1f],start_interpolation: 0,interpolation_duration: 0}
$data merge entity $(bone39) {transformation: [-0.9329f,0.3576f,-0.0431f,0.2313f,0.0172f,-0.0752f,-0.997f,0.0447f,-0.3597f,-0.9309f,0.064f,-0.6902f,0f,0f,0f,1f],start_interpolation: 0,interpolation_duration: 0}
$data merge entity $(bone76) {transformation: [-0.9603f,-0.2786f,-0.0147f,0.499f,0.0237f,-0.0288f,-0.9993f,0.0519f,0.278f,-0.96f,0.0343f,-0.3327f,0f,0f,0f,1f],start_interpolation: 0,interpolation_duration: 0}
$data merge entity $(bone74) {transformation: [-0.9603f,-0.2786f,-0.0147f,0.4827f,0.0237f,-0.0288f,-0.9993f,0.0546f,0.278f,-0.96f,0.0343f,-0.529f,0f,0f,0f,1f],start_interpolation: 0,interpolation_duration: 0}
$data merge entity $(bone40) {transformation: [-0.9603f,-0.2786f,-0.0147f,0.4338f,0.0237f,-0.0288f,-0.9993f,0.0477f,0.278f,-0.96f,0.0343f,-0.6925f,0f,0f,0f,1f],start_interpolation: 0,interpolation_duration: 0}
$data merge entity $(bone79) {transformation: [-0.9997f,0.023f,-0.0057f,0.3144f,0.005f,-0.0292f,-0.9996f,0.0598f,-0.0231f,-0.9993f,0.0291f,-0.2925f,0f,0f,0f,1f],start_interpolation: 0,interpolation_duration: 0}
$data merge entity $(bone78) {transformation: [-0.9997f,0.023f,-0.0057f,0.323f,0.005f,-0.0292f,-0.9996f,0.0559f,-0.0231f,-0.9993f,0.0291f,-0.4931f,0f,0f,0f,1f],start_interpolation: 0,interpolation_duration: 0}
$data merge entity $(bone41) {transformation: [-0.9997f,0.023f,-0.0057f,0.3263f,0.005f,-0.0292f,-0.9996f,0.0481f,-0.0231f,-0.9993f,0.0291f,-0.6921f,0f,0f,0f,1f],start_interpolation: 0,interpolation_duration: 0}
$data merge entity $(bone38) {transformation: [-1f,0.002f,-0.0048f,0.3382f,0.0037f,0.9196f,-0.3929f,0.3089f,0.0036f,-0.3929f,-0.9196f,-0.7798f,0f,0f,0f,1f],start_interpolation: 0,interpolation_duration: 0}
$data merge entity $(bone33) {transformation: [-0.9995f,-0.0254f,-0.0197f,0.3212f,-0.032f,0.8535f,0.5201f,0.5351f,0.0036f,0.5205f,-0.8539f,-0.6412f,0f,0f,0f,1f],start_interpolation: 0,interpolation_duration: 0}
$data merge entity $(bone31) {transformation: [-0.9973f,-0.0449f,-0.0581f,0.279f,-0.0689f,0.298f,0.9521f,0.6658f,-0.0254f,0.9535f,-0.3003f,0.2131f,0f,0f,0f,1f],start_interpolation: 0,interpolation_duration: 0}
$data merge entity $(bone19) {transformation: [-0.9852f,-0.1672f,0.0372f,0.1713f,-0.1711f,0.9694f,-0.1762f,1.295f,-0.0066f,-0.1799f,-0.9837f,-0.0343f,0f,0f,0f,1f],start_interpolation: 0,interpolation_duration: 0}
$data merge entity $(bone44) {transformation: [-0.7985f,0.5201f,0.3032f,-0.1115f,0.1759f,0.6832f,-0.7087f,1.2893f,-0.5757f,-0.5126f,-0.637f,-0.001f,0f,0f,0f,1f],start_interpolation: 0,interpolation_duration: 0}
$data merge entity $(bone46) {transformation: [-0.889f,-0.2349f,0.3931f,-0.2855f,0.0608f,0.7902f,0.6098f,0.7897f,-0.4539f,0.566f,-0.6882f,0.1131f,0f,0f,0f,1f],start_interpolation: 0,interpolation_duration: 0}
$data merge entity $(bone50) {transformation: [-0.8707f,-0.1262f,0.4753f,-0.0732f,0.0248f,0.954f,0.2987f,0.3296f,-0.4912f,0.2718f,-0.8276f,-0.5379f,0f,0f,0f,1f],start_interpolation: 0,interpolation_duration: 0}
$data merge entity $(bone49) {transformation: [-0.8707f,-0.347f,0.3485f,-0.0924f,0.0248f,0.6769f,0.7357f,0.4264f,-0.4912f,0.6492f,-0.5808f,-0.4199f,0f,0f,0f,1f],start_interpolation: 0,interpolation_duration: 0}
$data merge entity $(bone48) {transformation: [-0.8707f,-0.3895f,0.3003f,-0.1303f,0.0248f,0.5751f,0.8177f,0.4834f,-0.4912f,0.7195f,-0.4911f,-0.3525f,0f,0f,0f,1f],start_interpolation: 0,interpolation_duration: 0}
$data merge entity $(bone54) {transformation: [-0.9805f,0.1963f,0.0124f,-0.2543f,-0.0199f,-0.0363f,-0.9991f,0.065f,-0.1957f,-0.9799f,0.0395f,0.2182f,0f,0f,0f,1f],start_interpolation: 0,interpolation_duration: 0}
$data merge entity $(bone53) {transformation: [-0.9805f,0.1963f,0.0124f,-0.2139f,-0.0199f,-0.0363f,-0.9991f,0.0603f,-0.1957f,-0.9799f,0.0395f,0.0366f,0f,0f,0f,1f],start_interpolation: 0,interpolation_duration: 0}
$data merge entity $(bone52) {transformation: [-0.9805f,0.1963f,0.0124f,-0.1816f,-0.0199f,-0.0363f,-0.9991f,0.052f,-0.1957f,-0.9799f,0.0395f,-0.131f,0f,0f,0f,1f],start_interpolation: 0,interpolation_duration: 0}
$data merge entity $(bone57) {transformation: [-0.7276f,0.686f,0.0094f,-0.5825f,-0.0167f,-0.0041f,-0.9999f,0.0598f,-0.6858f,-0.7276f,0.0144f,0.0651f,0f,0f,0f,1f],start_interpolation: 0,interpolation_duration: 0}
$data merge entity $(bone56) {transformation: [-0.7276f,0.686f,0.0094f,-0.4785f,-0.0167f,-0.0041f,-0.9999f,0.0675f,-0.6858f,-0.7276f,0.0144f,-0.1021f,0f,0f,0f,1f],start_interpolation: 0,interpolation_duration: 0}
$data merge entity $(bone55) {transformation: [-0.7276f,0.686f,0.0094f,-0.3603f,-0.0167f,-0.0041f,-0.9999f,0.0647f,-0.6858f,-0.7276f,0.0144f,-0.2254f,0f,0f,0f,1f],start_interpolation: 0,interpolation_duration: 0}
$data merge entity $(bone60) {transformation: [-0.8803f,0.4736f,-0.0274f,-0.452f,0.0134f,-0.033f,-0.9994f,0.0732f,-0.4742f,-0.8801f,0.0227f,0.1774f,0f,0f,0f,1f],start_interpolation: 0,interpolation_duration: 0}
$data merge entity $(bone59) {transformation: [-0.8803f,0.4736f,-0.0274f,-0.3604f,0.0134f,-0.033f,-0.9994f,0.0686f,-0.4742f,-0.8801f,0.0227f,-0.0013f,0f,0f,0f,1f],start_interpolation: 0,interpolation_duration: 0}
$data merge entity $(bone58) {transformation: [-0.8803f,0.4736f,-0.0274f,-0.2649f,0.0134f,-0.033f,-0.9994f,0.0599f,-0.4742f,-0.8801f,0.0227f,-0.176f,0f,0f,0f,1f],start_interpolation: 0,interpolation_duration: 0}
$data merge entity $(bone51) {transformation: [-0.8868f,0.2169f,0.4081f,-0.2244f,0.0446f,0.9191f,-0.3915f,0.3211f,-0.46f,-0.3289f,-0.8247f,-0.2533f,0f,0f,0f,1f],start_interpolation: 0,interpolation_duration: 0}
$data merge entity $(bone47) {transformation: [-0.8868f,-0.1197f,0.4464f,-0.2473f,0.0446f,0.9392f,0.3405f,0.5701f,-0.46f,0.3219f,-0.8275f,-0.1627f,0f,0f,0f,1f],start_interpolation: 0,interpolation_duration: 0}
$data merge entity $(bone45) {transformation: [-0.889f,-0.2966f,0.3489f,-0.5361f,0.0608f,0.6787f,0.7319f,1.0551f,-0.4539f,0.6718f,-0.5853f,0.4931f,0f,0f,0f,1f],start_interpolation: 0,interpolation_duration: 0}
$data merge entity $(bone43) {transformation: [-0.8408f,0.5052f,0.1945f,-0.1713f,0.1157f,0.5187f,-0.8471f,1.295f,-0.5289f,-0.6897f,-0.4945f,-0.0343f,0f,0f,0f,1f],start_interpolation: 0,interpolation_duration: 0}