# This file was generated by Animated Java via MC-Build. It is not recommended to edit this file directly.
$data merge entity $(bone5) {transformation: [-0.9947f,-0.1024f,0.0002f,0.3852f,-0.0948f,0.9211f,0.3776f,1.446f,-0.0388f,0.3756f,-0.926f,0.9724f,0f,0f,0f,1f],start_interpolation: 0,interpolation_duration: 0}
$data merge entity $(bone6) {transformation: [0.0276f,-0.2637f,-0.9642f,0.4947f,-0.4689f,0.8485f,-0.2455f,1.2195f,0.8828f,0.4588f,-0.1003f,0.8888f,0f,0f,0f,1f],start_interpolation: 0,interpolation_duration: 0}
$data merge entity $(bone8) {transformation: [-0.2635f,-0.0686f,0.9622f,0.6401f,-0.1106f,0.993f,0.0406f,0.5412f,-0.9583f,-0.0957f,-0.2692f,0.7381f,0f,0f,0f,1f],start_interpolation: 0,interpolation_duration: 0}
$data merge entity $(bone9) {transformation: [-0.2635f,-0.0686f,0.9622f,0.7998f,-0.1106f,0.993f,0.0406f,0.7134f,-0.9583f,-0.0957f,-0.2692f,0.6667f,0f,0f,0f,1f],start_interpolation: 0,interpolation_duration: 0}
$data merge entity $(bone10) {transformation: [-0.2306f,-0.1447f,0.9622f,0.6219f,-0.4041f,0.9138f,0.0406f,0.5313f,-0.8852f,-0.3795f,-0.2692f,0.7148f,0f,0f,0f,1f],start_interpolation: 0,interpolation_duration: 0}
$data merge entity $(bone12) {transformation: [-0.1647f,-0.5282f,0.833f,0.7706f,-0.9165f,0.3942f,0.0687f,0.0372f,-0.3646f,-0.7521f,-0.549f,0.9428f,0f,0f,0f,1f],start_interpolation: 0,interpolation_duration: 0}
$data merge entity $(bone15) {transformation: [0.9839f,-0.0993f,0.1484f,0.369f,-0.1684f,-0.2409f,0.9558f,0.0352f,-0.0592f,-0.9655f,-0.2538f,0.9897f,0f,0f,0f,1f],start_interpolation: 0,interpolation_duration: 0}
$data merge entity $(bone14) {transformation: [0.9873f,-0.0993f,-0.1239f,0.4962f,0.0969f,-0.2409f,0.9657f,0.0487f,-0.1258f,-0.9655f,-0.2282f,0.9719f,0f,0f,0f,1f],start_interpolation: 0,interpolation_duration: 0}
$data merge entity $(bone13) {transformation: [0.8854f,-0.0993f,-0.4541f,0.6113f,0.4214f,-0.2409f,0.8743f,0.101f,-0.1963f,-0.9655f,-0.1714f,0.9436f,0f,0f,0f,1f],start_interpolation: 0,interpolation_duration: 0}
$data merge entity $(bone18) {transformation: [-0.0555f,-0.9977f,-0.0385f,0.7506f,0.5466f,0.002f,-0.8374f,-0.2874f,0.8356f,-0.0675f,0.5452f,1.0963f,0f,0f,0f,1f],start_interpolation: 0,interpolation_duration: 0}
$data merge entity $(bone17) {transformation: [-0.0177f,-0.9977f,-0.0652f,0.7471f,0.957f,0.002f,-0.2902f,-0.0988f,0.2896f,-0.0675f,0.9548f,1.1534f,0f,0f,0f,1f],start_interpolation: 0,interpolation_duration: 0}
$data merge entity $(bone16) {transformation: [0.0329f,-0.9977f,-0.059f,0.7477f,0.8868f,0.002f,0.4622f,0.0305f,-0.4611f,-0.0675f,0.8848f,1.084f,0f,0f,0f,1f],start_interpolation: 0,interpolation_duration: 0}
$data merge entity $(bone27) {transformation: [-0.8389f,-0.5362f,-0.0935f,1.1886f,-0.0858f,-0.0394f,0.9955f,0.03f,-0.5375f,0.8432f,-0.013f,1.1412f,0f,0f,0f,1f],start_interpolation: 0,interpolation_duration: 0}
$data merge entity $(bone26) {transformation: [-0.8265f,-0.5567f,-0.0831f,1.057f,-0.0827f,-0.0259f,0.9962f,0.0182f,-0.5568f,0.8303f,-0.0246f,1.0603f,0f,0f,0f,1f],start_interpolation: 0,interpolation_duration: 0}
$data merge entity $(bone25) {transformation: [-0.8199f,-0.5567f,0.1337f,0.906f,0.178f,-0.0259f,0.9837f,0.0486f,-0.5442f,0.8303f,0.1203f,0.9653f,0f,0f,0f,1f],start_interpolation: 0,interpolation_duration: 0}
$data merge entity $(bone30) {transformation: [0.2206f,-0.8766f,0.4276f,0.9021f,0.8499f,-0.0424f,-0.5253f,-0.3238f,0.4786f,0.4793f,0.7357f,1.1267f,0f,0f,0f,1f],start_interpolation: 0,interpolation_duration: 0}
$data merge entity $(bone29) {transformation: [-0.027f,-0.8766f,0.4804f,0.9005f,0.9989f,-0.0424f,-0.0213f,-0.1268f,0.039f,0.4793f,0.8768f,1.1324f,0f,0f,0f,1f],start_interpolation: 0,interpolation_duration: 0}
$data merge entity $(bone28) {transformation: [-0.3113f,-0.8766f,0.3669f,0.8331f,0.8095f,-0.0424f,0.5856f,0.0358f,-0.4978f,0.4793f,0.7228f,1.0325f,0f,0f,0f,1f],start_interpolation: 0,interpolation_duration: 0}
$data merge entity $(bone7) {transformation: [0.9622f,-0.0801f,0.2602f,0.6016f,0.0406f,0.9873f,0.1538f,0.8751f,-0.2692f,-0.1374f,0.9532f,0.6878f,0f,0f,0f,1f],start_interpolation: 0,interpolation_duration: 0}
$data merge entity $(bone4) {transformation: [-0.9642f,-0.2652f,0.0002f,0.3501f,-0.2455f,0.8928f,0.3776f,1.5513f,-0.1003f,0.364f,-0.926f,0.9874f,0f,0f,0f,1f],start_interpolation: 0,interpolation_duration: 0}
$data merge entity $(bone62) {transformation: [-0.9136f,0.3376f,0.2267f,-0.4141f,0.4049f,0.7042f,0.5833f,1.4713f,0.0373f,0.6247f,-0.78f,0.9422f,0f,0f,0f,1f],start_interpolation: 0,interpolation_duration: 0}
$data merge entity $(bone63) {transformation: [0.276f,0.4574f,0.8453f,-0.5777f,0.6457f,0.5633f,-0.5156f,1.3237f,-0.712f,0.6881f,-0.1399f,0.7947f,0f,0f,0f,1f],start_interpolation: 0,interpolation_duration: 0}
$data merge entity $(bone65) {transformation: [-0.0685f,0.1583f,-0.985f,-0.8263f,0.2209f,0.9652f,0.1397f,0.7778f,0.9729f,-0.208f,-0.1011f,0.5916f,0f,0f,0f,1f],start_interpolation: 0,interpolation_duration: 0}
$data merge entity $(bone66) {transformation: [-0.0685f,0.1583f,-0.985f,-0.9766f,0.2209f,0.9652f,0.1397f,0.9624f,0.9729f,-0.208f,-0.1011f,0.5316f,0f,0f,0f,1f],start_interpolation: 0,interpolation_duration: 0}
$data merge entity $(bone67) {transformation: [-0.0177f,0.1715f,-0.985f,-0.814f,0.5009f,0.8541f,0.1397f,0.7637f,0.8653f,-0.4909f,-0.1011f,0.5666f,0f,0f,0f,1f],start_interpolation: 0,interpolation_duration: 0}
$data merge entity $(bone69) {transformation: [-0.2818f,0.1121f,-0.9529f,-0.9068f,0.4107f,0.9117f,-0.0142f,0.2078f,0.8671f,-0.3954f,-0.303f,0.764f,0f,0f,0f,1f],start_interpolation: 0,interpolation_duration: 0}
$data merge entity $(bone72) {transformation: [0.938f,0.2908f,0.1888f,-0.6249f,-0.2455f,0.1725f,0.9539f,0.1209f,0.2448f,-0.9411f,0.2332f,0.8045f,0f,0f,0f,1f],start_interpolation: 0,interpolation_duration: 0}
$data merge entity $(bone71) {transformation: [0.7345f,0.2908f,0.6132f,-0.7185f,-0.6706f,0.1725f,0.7215f,0.2087f,0.104f,-0.9411f,0.3217f,0.7904f,0f,0f,0f,1f],start_interpolation: 0,interpolation_duration: 0}
$data merge entity $(bone70) {transformation: [0.4805f,0.2908f,0.8274f,-0.7812f,-0.8769f,0.1725f,0.4486f,0.3221f,-0.0123f,-0.9411f,0.3379f,0.7884f,0f,0f,0f,1f],start_interpolation: 0,interpolation_duration: 0}
$data merge entity $(bone81) {transformation: [-0.0078f,0.9905f,0.1375f,-0.8203f,-0.985f,0.0161f,-0.1719f,-0.1817f,-0.1725f,-0.1368f,0.9755f,0.9826f,0f,0f,0f,1f],start_interpolation: 0,interpolation_duration: 0}
$data merge entity $(bone80) {transformation: [0.0461f,0.9905f,0.1298f,-0.8293f,-0.9746f,0.0161f,0.2232f,0.0103f,0.219f,-0.1368f,0.9661f,0.9395f,0f,0f,0f,1f],start_interpolation: 0,interpolation_duration: 0}
$data merge entity $(bone73) {transformation: [0.0799f,0.9905f,0.1122f,-0.837f,-0.8762f,0.0161f,0.4816f,0.1381f,0.4752f,-0.1368f,0.8692f,0.8677f,0f,0f,0f,1f],start_interpolation: 0,interpolation_duration: 0}
$data merge entity $(bone84) {transformation: [-0.7102f,0.6943f,0.1167f,-1.2509f,0.1427f,-0.0204f,0.9896f,0.0288f,0.6894f,0.7194f,-0.0846f,1.0164f,0f,0f,0f,1f],start_interpolation: 0,interpolation_duration: 0}
$data merge entity $(bone83) {transformation: [-0.685f,0.7119f,-0.1547f,-1.1404f,-0.2203f,0f,0.9754f,0.064f,0.6944f,0.7023f,0.1569f,0.9136f,0f,0f,0f,1f],start_interpolation: 0,interpolation_duration: 0}
$data merge entity $(bone82) {transformation: [-0.6216f,0.7119f,-0.3267f,-1.0243f,-0.4653f,0f,0.8852f,0.1467f,0.6301f,0.7023f,0.3313f,0.8021f,0f,0f,0f,1f],start_interpolation: 0,interpolation_duration: 0}
$data merge entity $(bone103) {transformation: [-0.0272f,0.9486f,-0.3153f,-1.0068f,-0.9981f,-0.008f,0.0618f,-0.1926f,0.0561f,0.3164f,0.947f,1.0536f,0f,0f,0f,1f],start_interpolation: 0,interpolation_duration: 0}
$data merge entity $(bone102) {transformation: [-0.1557f,0.9486f,-0.2756f,-0.9802f,-0.8822f,-0.008f,0.4708f,-0.0188f,0.4444f,0.3164f,0.8381f,0.9647f,0f,0f,0f,1f],start_interpolation: 0,interpolation_duration: 0}
$data merge entity $(bone85) {transformation: [-0.2133f,0.9486f,-0.2339f,-0.9326f,-0.7549f,-0.008f,0.6558f,0.1328f,0.6203f,0.3164f,0.7178f,0.8394f,0f,0f,0f,1f],start_interpolation: 0,interpolation_duration: 0}
$data merge entity $(bone64) {transformation: [0.985f,0.1611f,-0.0615f,-0.7614f,-0.1397f,0.9547f,0.2628f,1.0989f,0.1011f,-0.2502f,0.9629f,0.5012f,0f,0f,0f,1f],start_interpolation: 0,interpolation_duration: 0}
$data merge entity $(bone61) {transformation: [-0.8453f,0.4837f,0.2267f,-0.3501f,0.5156f,0.6277f,0.5833f,1.5513f,0.1399f,0.61f,-0.78f,0.9874f,0f,0f,0f,1f],start_interpolation: 0,interpolation_duration: 0}
$data merge entity $(bone23) {transformation: [-0.7934f,-0.6088f,0f,0.1071f,-0.0834f,0.1087f,0.9906f,1.4742f,-0.603f,0.7859f,-0.137f,1.0112f,0f,0f,0f,1f],start_interpolation: 0,interpolation_duration: 0}
$data merge entity $(bone22) {transformation: [-0.7934f,0.6088f,0f,-0.1071f,0.0834f,0.1087f,0.9906f,1.4742f,0.603f,0.7859f,-0.137f,1.0112f,0f,0f,0f,1f],start_interpolation: 0,interpolation_duration: 0}
$data merge entity $(bone89) {transformation: [-1f,0.0072f,0.0007f,0.002f,0.0058f,0.7519f,0.6592f,2.1824f,0.0042f,0.6592f,-0.7519f,1.4225f,0f,0f,0f,1f],start_interpolation: 0,interpolation_duration: 0}
$data merge entity $(bone90) {transformation: [-1f,0.0069f,0.0019f,0.0013f,0.0058f,0.626f,0.7798f,2.1132f,0.0042f,0.7798f,-0.626f,1.3503f,0f,0f,0f,1f],start_interpolation: 0,interpolation_duration: 0}
$data merge entity $(bone88) {transformation: [-1f,0.0071f,0.0013f,0.0312f,0.0058f,0.6916f,0.7223f,1.9628f,0.0042f,0.7223f,-0.6916f,1.2474f,0f,0f,0f,1f],start_interpolation: 0,interpolation_duration: 0}
$data merge entity $(bone42) {transformation: [-1f,0f,0f,0f,0f,0.7264f,0.6873f,1.7059f,0f,0.6873f,-0.7264f,1.6778f,0f,0f,0f,1f],start_interpolation: 0,interpolation_duration: 0}
$data merge entity $(bone87) {transformation: [-0.9998f,0.0157f,-0.0096f,-0.0044f,0.0046f,0.717f,0.697f,1.3075f,0.0178f,0.6969f,-0.717f,2.2723f,0f,0f,0f,1f],start_interpolation: 0,interpolation_duration: 0}
$data merge entity $(bone86) {transformation: [-1f,0f,0f,0f,0f,0.7905f,0.6124f,1.4433f,0f,0.6124f,-0.7905f,2.0889f,0f,0f,0f,1f],start_interpolation: 0,interpolation_duration: 0}
$data merge entity $(bone92) {transformation: [-0.8818f,0.2593f,-0.3939f,0.1194f,-0.0218f,0.812f,0.5832f,1.7822f,0.4711f,0.5228f,-0.7104f,1.7107f,0f,0f,0f,1f],start_interpolation: 0,interpolation_duration: 0}
$data merge entity $(bone3) {transformation: [-0.8818f,-0.2593f,0.3939f,-0.1194f,0.0218f,0.812f,0.5832f,1.7822f,-0.4711f,0.5228f,-0.7104f,1.7107f,0f,0f,0f,1f],start_interpolation: 0,interpolation_duration: 0}
$data merge entity $(head) {transformation: [-1f,0f,0f,0f,0f,0.8215f,0.5702f,1.6842f,0f,0.5702f,-0.8215f,1.4953f,0f,0f,0f,1f],start_interpolation: 0,interpolation_duration: 0}
$data merge entity $(neck) {transformation: [-1f,0f,0f,0f,0f,0.6459f,0.7634f,1.5752f,0f,0.7634f,-0.6459f,1.3665f,0f,0f,0f,1f],start_interpolation: 0,interpolation_duration: 0}
$data merge entity $(bone2) {transformation: [-1f,0f,0f,0f,0f,0.137f,0.9906f,1.511f,0f,0.9906f,-0.137f,1.0551f,0f,0f,0f,1f],start_interpolation: 0,interpolation_duration: 0}
$data merge entity $(bone136) {transformation: [-1f,0f,0f,0f,0f,0.1886f,0.9844f,1.4915f,0f,0.982f,-0.1891f,0.8593f,0f,0f,0f,1f],start_interpolation: 0,interpolation_duration: 0}
$data merge entity $(bone118) {transformation: [-0.0719f,-0.849f,-0.5235f,0.2568f,0.9921f,-0.1151f,0.0504f,1.6531f,-0.1031f,-0.5157f,0.8505f,0.7725f,0f,0f,0f,1f],start_interpolation: 0,interpolation_duration: 0}
$data merge entity $(bone119) {transformation: [-0.1351f,-0.849f,-0.5108f,0.7355f,0.9908f,-0.1151f,-0.0708f,1.6831f,0.0014f,-0.5157f,0.8568f,-0.0339f,0f,0f,0f,1f],start_interpolation: 0,interpolation_duration: 0}
$data merge entity $(bone120) {transformation: [-0.4955f,-0.849f,0.1835f,1.617f,-0.1655f,-0.1151f,-0.9795f,0.9582f,0.8527f,-0.5157f,-0.0835f,0.6323f,0f,0f,0f,1f],start_interpolation: 0,interpolation_duration: 0}
$data merge entity $(bone121) {transformation: [0f,0f,0f,0.9875f,0f,0f,0f,1.788f,0f,0f,0f,-0.4605f,0f,0f,0f,1f],start_interpolation: 0,interpolation_duration: 0}
$data merge entity $(bone123) {transformation: [0.0052f,-1.7314f,-1.0636f,0.9359f,1.9944f,-0.199f,0.3338f,1.187f,-0.3886f,-1.0448f,1.6989f,2.3723f,0f,0f,0f,1f],start_interpolation: 0,interpolation_duration: 0}
$data merge entity $(bone124) {transformation: [-0.133f,-0.8521f,-0.5063f,0.7326f,0.9906f,-0.098f,-0.0954f,2.6581f,0.0317f,-0.5142f,0.8571f,-0.2544f,0f,0f,0f,1f],start_interpolation: 0,interpolation_duration: 0}
$data merge entity $(bone122) {transformation: [-0.3998f,-1.3129f,-0.7004f,0.5587f,1.4363f,-0.1509f,-0.537f,2.6334f,0.3889f,-0.7923f,1.263f,0.0368f,0f,0f,0f,1f],start_interpolation: 0,interpolation_duration: 0}
$data merge entity $(bone126) {transformation: [0.26f,-0.8521f,-0.4543f,1.1536f,0.7734f,-0.098f,0.6263f,1.9582f,-0.5782f,-0.5142f,0.6335f,-0.8176f,0f,0f,0f,1f],start_interpolation: 0,interpolation_duration: 0}
$data merge entity $(bone127) {transformation: [0.1335f,-0.8521f,-0.5061f,0.8059f,0.9091f,-0.098f,0.4048f,2.3411f,-0.3945f,-0.5142f,0.7616f,-0.3155f,0f,0f,0f,1f],start_interpolation: 0,interpolation_duration: 0}
$data merge entity $(bone125) {transformation: [-0.0028f,-1.1945f,-0.7338f,0.6376f,1.378f,-0.1373f,0.2183f,2.4929f,-0.2579f,-0.7208f,1.1744f,-0.0581f,0f,0f,0f,1f],start_interpolation: 0,interpolation_duration: 0}
$data merge entity $(bone129) {transformation: [1.0263f,-1.589f,-0.2411f,0.4548f,0.1398f,-0.1827f,1.9995f,3.7078f,-1.7273f,-0.9589f,0.0186f,2.6893f,0f,0f,0f,1f],start_interpolation: 0,interpolation_duration: 0}
$data merge entity $(bone130) {transformation: [0.527f,-0.8521f,-0.2046f,0.8713f,0.2234f,-0.098f,1.0513f,1.5054f,-0.9158f,-0.5142f,0.1388f,-0.2647f,0f,0f,0f,1f],start_interpolation: 0,interpolation_duration: 0}
$data merge entity $(bone131) {transformation: [0.4441f,-0.8521f,-0.3497f,0.7169f,0.5211f,-0.098f,0.9401f,2.0793f,-0.8352f,-0.5142f,0.4005f,-0.1182f,0f,0f,0f,1f],start_interpolation: 0,interpolation_duration: 0}
$data merge entity $(bone128) {transformation: [0.3568f,-0.8983f,-0.4773f,0.6046f,0.7871f,-0.1033f,0.8151f,2.3782f,-0.7413f,-0.5421f,0.6357f,0.0003f,0f,0f,0f,1f],start_interpolation: 0,interpolation_duration: 0}
$data merge entity $(bone132) {transformation: [-0.2313f,-0.8521f,-0.4696f,0.4803f,0.9517f,-0.098f,-0.2909f,2.5064f,0.2019f,-0.5142f,0.8336f,0.2047f,0f,0f,0f,1f],start_interpolation: 0,interpolation_duration: 0}
$data merge entity $(bone133) {transformation: [-0.4044f,-1.4465f,-0.6936f,0.5448f,1.6642f,-0.1663f,-0.4297f,2.5277f,0.3531f,-0.8729f,1.2312f,0.1056f,0f,0f,0f,1f],start_interpolation: 0,interpolation_duration: 0}
$data merge entity $(w5) {transformation: [-0.2313f,-0.8521f,-0.4696f,0.5543f,0.9517f,-0.098f,-0.2909f,2.4608f,0.2019f,-0.5142f,0.8336f,0.1156f,0f,0f,0f,1f],start_interpolation: 0,interpolation_duration: 0}
$data merge entity $(w2) {transformation: [-0.5111f,-0.849f,-0.1339f,0.7091f,0.4263f,-0.1151f,-0.8973f,1.6992f,0.7464f,-0.5157f,0.4207f,-0.0173f,0f,0f,0f,1f],start_interpolation: 0,interpolation_duration: 0}
$data merge entity $(wing3) {transformation: [-0.0719f,-0.849f,-0.5235f,0.2175f,0.9921f,-0.1151f,0.0504f,1.7568f,-0.1031f,-0.5157f,0.8505f,0.7792f,0f,0f,0f,1f],start_interpolation: 0,interpolation_duration: 0}
$data merge entity $(bone104) {transformation: [-0.0719f,0.849f,0.5235f,-0.2568f,-0.9921f,-0.1151f,0.0504f,1.6531f,0.1031f,-0.5157f,0.8505f,0.7725f,0f,0f,0f,1f],start_interpolation: 0,interpolation_duration: 0}
$data merge entity $(bone105) {transformation: [-0.1351f,0.849f,0.5108f,-0.7355f,-0.9908f,-0.1151f,-0.0708f,1.6831f,-0.0014f,-0.5157f,0.8568f,-0.0339f,0f,0f,0f,1f],start_interpolation: 0,interpolation_duration: 0}
$data merge entity $(bone106) {transformation: [-0.4955f,0.849f,-0.1835f,-1.617f,0.1655f,-0.1151f,-0.9795f,0.9582f,-0.8527f,-0.5157f,-0.0835f,0.6323f,0f,0f,0f,1f],start_interpolation: 0,interpolation_duration: 0}
$data merge entity $(bone107) {transformation: [0f,0f,0f,-0.9875f,0f,0f,0f,1.788f,0f,0f,0f,-0.4605f,0f,0f,0f,1f],start_interpolation: 0,interpolation_duration: 0}
$data merge entity $(bone109) {transformation: [0.0232f,1.7314f,0.9999f,-0.967f,-1.8291f,-0.199f,0.2792f,1.298f,0.3869f,-1.0448f,1.6037f,2.2997f,0f,0f,0f,1f],start_interpolation: 0,interpolation_duration: 0}
$data merge entity $(bone110) {transformation: [-0.1163f,0.8521f,0.4783f,-0.723f,-0.9051f,-0.098f,-0.1002f,2.6604f,-0.0203f,-0.5142f,0.8116f,-0.2389f,0f,0f,0f,1f],start_interpolation: 0,interpolation_duration: 0}
$data merge entity $(bone108) {transformation: [-0.3638f,1.3129f,0.6654f,-0.5587f,-1.307f,-0.1509f,-0.5101f,2.6334f,-0.3539f,-0.7923f,1.1998f,0.0368f,0f,0f,0f,1f],start_interpolation: 0,interpolation_duration: 0}
$data merge entity $(bone112) {transformation: [0.26f,0.8521f,0.4543f,-1.1536f,-0.7734f,-0.098f,0.6263f,1.9582f,0.5782f,-0.5142f,0.6335f,-0.8176f,0f,0f,0f,1f],start_interpolation: 0,interpolation_duration: 0}
$data merge entity $(bone113) {transformation: [0.1335f,0.8521f,0.5061f,-0.8059f,-0.9091f,-0.098f,0.4048f,2.3411f,0.3945f,-0.5142f,0.7616f,-0.3155f,0f,0f,0f,1f],start_interpolation: 0,interpolation_duration: 0}
$data merge entity $(bone111) {transformation: [-0.0028f,1.1945f,0.7338f,-0.6376f,-1.378f,-0.1373f,0.2183f,2.4929f,0.2579f,-0.7208f,1.1744f,-0.0581f,0f,0f,0f,1f],start_interpolation: 0,interpolation_duration: 0}
$data merge entity $(bone115) {transformation: [1.0263f,1.589f,0.2411f,-0.4548f,-0.1398f,-0.1827f,1.9995f,3.7078f,1.7273f,-0.9589f,0.0186f,2.6893f,0f,0f,0f,1f],start_interpolation: 0,interpolation_duration: 0}
$data merge entity $(bone116) {transformation: [0.527f,0.8521f,0.2046f,-0.8713f,-0.2234f,-0.098f,1.0513f,1.5054f,0.9158f,-0.5142f,0.1388f,-0.2647f,0f,0f,0f,1f],start_interpolation: 0,interpolation_duration: 0}
$data merge entity $(bone117) {transformation: [0.4441f,0.8521f,0.3497f,-0.7169f,-0.5211f,-0.098f,0.9401f,2.0793f,0.8352f,-0.5142f,0.4005f,-0.1182f,0f,0f,0f,1f],start_interpolation: 0,interpolation_duration: 0}
$data merge entity $(bone114) {transformation: [0.3568f,0.8983f,0.4773f,-0.6046f,-0.7871f,-0.1033f,0.8151f,2.3782f,0.7413f,-0.5421f,0.6357f,0.0003f,0f,0f,0f,1f],start_interpolation: 0,interpolation_duration: 0}
$data merge entity $(bone134) {transformation: [-0.2313f,0.8521f,0.4696f,-0.4803f,-0.9517f,-0.098f,-0.2909f,2.5064f,-0.2019f,-0.5142f,0.8336f,0.2047f,0f,0f,0f,1f],start_interpolation: 0,interpolation_duration: 0}
$data merge entity $(bone135) {transformation: [-0.4044f,1.4465f,0.6936f,-0.5448f,-1.6642f,-0.1663f,-0.4297f,2.5277f,-0.3531f,-0.8729f,1.2312f,0.1056f,0f,0f,0f,1f],start_interpolation: 0,interpolation_duration: 0}
$data merge entity $(w4) {transformation: [-0.2313f,0.8521f,0.4696f,-0.5543f,-0.9517f,-0.098f,-0.2909f,2.4608f,-0.2019f,-0.5142f,0.8336f,0.1156f,0f,0f,0f,1f],start_interpolation: 0,interpolation_duration: 0}
$data merge entity $(w3) {transformation: [-0.5111f,0.849f,0.1339f,-0.7091f,-0.4263f,-0.1151f,-0.8973f,1.6992f,-0.7464f,-0.5157f,0.4207f,-0.0173f,0f,0f,0f,1f],start_interpolation: 0,interpolation_duration: 0}
$data merge entity $(wing2) {transformation: [-0.0719f,0.849f,0.5235f,-0.2175f,-0.9921f,-0.1151f,0.0504f,1.7568f,0.1031f,-0.5157f,0.8505f,0.7792f,0f,0f,0f,1f],start_interpolation: 0,interpolation_duration: 0}
$data merge entity $(bone20) {transformation: [-1f,0f,0f,-0.1563f,0f,-0.1672f,0.9859f,1.5071f,0f,0.9859f,0.1672f,0.3246f,0f,0f,0f,1f],start_interpolation: 0,interpolation_duration: 0}
$data merge entity $(bone101) {transformation: [-1f,0f,0f,0f,0f,-0.3714f,0.9285f,1.2012f,0f,0.9285f,0.3714f,-2.6305f,0f,0f,0f,1f],start_interpolation: 0,interpolation_duration: 0}
$data merge entity $(bone100) {transformation: [-1f,0f,0f,0f,0f,0.0605f,0.9982f,0.7493f,0f,0.9982f,-0.0605f,-2.5969f,0f,0f,0f,1f],start_interpolation: 0,interpolation_duration: 0}
$data merge entity $(bone99) {transformation: [-1f,0f,0f,0f,0f,0.4348f,0.9005f,0.2934f,0f,0.9005f,-0.4348f,-2.3768f,0f,0f,0f,1f],start_interpolation: 0,interpolation_duration: 0}
$data merge entity $(bone98) {transformation: [-1f,0f,0f,0f,0f,0.8719f,0.4897f,0.0516f,0f,0.4897f,-0.8719f,-1.9462f,0f,0f,0f,1f],start_interpolation: 0,interpolation_duration: 0}
$data merge entity $(bone97) {transformation: [-1f,0f,0f,0f,0f,0.9914f,-0.1312f,0.1188f,0f,-0.1312f,-0.9914f,-1.4382f,0f,0f,0f,1f],start_interpolation: 0,interpolation_duration: 0}
$data merge entity $(bone96) {transformation: [-1f,0f,0f,0f,0f,0.8657f,-0.5005f,0.3691f,0f,-0.5005f,-0.8657f,-1.0053f,0f,0f,0f,1f],start_interpolation: 0,interpolation_duration: 0}
$data merge entity $(bone95) {transformation: [-1f,0f,0f,0f,0f,0.6751f,-0.7377f,0.7333f,0f,-0.7377f,-0.6751f,-0.672f,0f,0f,0f,1f],start_interpolation: 0,interpolation_duration: 0}
$data merge entity $(bone94) {transformation: [-1f,0f,0f,0f,0f,0.6083f,-0.7937f,1.1252f,0f,-0.7937f,-0.6083f,-0.3717f,0f,0f,0f,1f],start_interpolation: 0,interpolation_duration: 0}
$data merge entity $(bone93) {transformation: [-1f,0f,0f,0f,0f,0.7368f,-0.6761f,1.3809f,0f,-0.6761f,-0.7368f,-0.093f,0f,0f,0f,1f],start_interpolation: 0,interpolation_duration: 0}
$data merge entity $(bone) {transformation: [-1f,0f,0f,0f,0f,0.5373f,0.8434f,1.2886f,0f,0.8434f,-0.5373f,-0.0343f,0f,0f,0f,1f],start_interpolation: 0,interpolation_duration: 0}
$data merge entity $(bone24) {transformation: [-0.9666f,-0.2559f,-0.0138f,0.1031f,-0.2557f,0.9595f,0.1181f,1.23f,-0.017f,0.1177f,-0.9929f,-0.0352f,0f,0f,0f,1f],start_interpolation: 0,interpolation_duration: 0}
$data merge entity $(bone32) {transformation: [-0.9975f,-0.0411f,-0.0568f,0.2244f,-0.0678f,0.3588f,0.931f,0.5987f,-0.0179f,0.9325f,-0.3607f,-0.3577f,0f,0f,0f,1f],start_interpolation: 0,interpolation_duration: 0}
$data merge entity $(bone36) {transformation: [-0.9987f,-0.0426f,-0.029f,0.3387f,-0.0397f,0.9947f,-0.0946f,0.2657f,0.0328f,-0.0933f,-0.9951f,-1.0426f,0f,0f,0f,1f],start_interpolation: 0,interpolation_duration: 0}
$data merge entity $(bone35) {transformation: [-0.9987f,-0.0224f,-0.0464f,0.2967f,-0.0397f,0.9087f,0.4155f,0.3977f,0.0328f,0.4168f,-0.9084f,-0.9757f,0f,0f,0f,1f],start_interpolation: 0,interpolation_duration: 0}
$data merge entity $(bone34) {transformation: [-0.9987f,-0.0161f,-0.0489f,0.2964f,-0.0397f,0.8467f,0.5305f,0.4801f,0.0328f,0.5318f,-0.8463f,-0.9264f,0f,0f,0f,1f],start_interpolation: 0,interpolation_duration: 0}
$data merge entity $(bone77) {transformation: [-0.9278f,0.3729f,0.0124f,0.1039f,-0.0314f,-0.0449f,-0.9985f,0.0698f,-0.3718f,-0.9268f,0.0533f,-0.3584f,0f,0f,0f,1f],start_interpolation: 0,interpolation_duration: 0}
$data merge entity $(bone75) {transformation: [-0.9278f,0.3729f,0.0124f,0.1695f,-0.0314f,-0.0449f,-0.9985f,0.0633f,-0.3718f,-0.9268f,0.0533f,-0.5325f,0f,0f,0f,1f],start_interpolation: 0,interpolation_duration: 0}
$data merge entity $(bone39) {transformation: [-0.9278f,0.3729f,0.0124f,0.2345f,-0.0314f,-0.0449f,-0.9985f,0.0536f,-0.3718f,-0.9268f,0.0533f,-0.6901f,0f,0f,0f,1f],start_interpolation: 0,interpolation_duration: 0}
$data merge entity $(bone76) {transformation: [-0.9662f,-0.2579f,-0.0013f,0.4944f,0.002f,-0.0024f,-1f,0.0552f,0.2579f,-0.9662f,0.0028f,-0.3294f,0f,0f,0f,1f],start_interpolation: 0,interpolation_duration: 0}
$data merge entity $(bone74) {transformation: [-0.9662f,-0.2579f,-0.0013f,0.4822f,0.002f,-0.0024f,-1f,0.0638f,0.2579f,-0.9662f,0.0028f,-0.5259f,0f,0f,0f,1f],start_interpolation: 0,interpolation_duration: 0}
$data merge entity $(bone40) {transformation: [-0.9662f,-0.2579f,-0.0013f,0.4369f,0.002f,-0.0024f,-1f,0.0613f,0.2579f,-0.9662f,0.0028f,-0.6905f,0f,0f,0f,1f],start_interpolation: 0,interpolation_duration: 0}
$data merge entity $(bone79) {transformation: [-0.9982f,0.0549f,0.0252f,0.3047f,-0.0255f,-0.0044f,-0.9997f,0.0608f,-0.0547f,-0.9985f,0.0058f,-0.2921f,0f,0f,0f,1f],start_interpolation: 0,interpolation_duration: 0}
$data merge entity $(bone78) {transformation: [-0.9982f,0.0549f,0.0252f,0.3197f,-0.0255f,-0.0044f,-0.9997f,0.062f,-0.0547f,-0.9985f,0.0058f,-0.4924f,0f,0f,0f,1f],start_interpolation: 0,interpolation_duration: 0}
$data merge entity $(bone41) {transformation: [-0.9982f,0.0549f,0.0252f,0.3293f,-0.0255f,-0.0044f,-0.9997f,0.0591f,-0.0547f,-0.9985f,0.0058f,-0.6914f,0f,0f,0f,1f],start_interpolation: 0,interpolation_duration: 0}
$data merge entity $(bone38) {transformation: [-0.9997f,-0.0144f,0.0174f,0.3363f,-0.0212f,0.8672f,-0.4975f,0.3081f,-0.008f,-0.4977f,-0.8673f,-0.8088f,0f,0f,0f,1f],start_interpolation: 0,interpolation_duration: 0}
$data merge entity $(bone33) {transformation: [-0.9984f,-0.053f,-0.0202f,0.312f,-0.0566f,0.9074f,0.4163f,0.5485f,-0.0037f,0.4168f,-0.909f,-0.6977f,0f,0f,0f,1f],start_interpolation: 0,interpolation_duration: 0}
$data merge entity $(bone31) {transformation: [-0.9975f,-0.0311f,-0.0628f,0.2821f,-0.0678f,0.2002f,0.9774f,0.5922f,-0.0179f,0.9793f,-0.2018f,0.1659f,0f,0f,0f,1f],start_interpolation: 0,interpolation_duration: 0}
$data merge entity $(bone19) {transformation: [-0.9852f,-0.1694f,0.0249f,0.1713f,-0.1711f,0.9796f,-0.105f,1.2375f,-0.0066f,-0.1077f,-0.9942f,-0.0343f,0f,0f,0f,1f],start_interpolation: 0,interpolation_duration: 0}
$data merge entity $(bone44) {transformation: [-0.7967f,0.5409f,0.2697f,-0.1115f,0.1712f,0.6299f,-0.7576f,1.2315f,-0.5797f,-0.5574f,-0.5944f,-0.0011f,0f,0f,0f,1f],start_interpolation: 0,interpolation_duration: 0}
$data merge entity $(bone46) {transformation: [-0.8903f,-0.2284f,0.3939f,-0.2923f,0.0674f,0.7895f,0.6101f,0.7792f,-0.4503f,0.5697f,-0.6875f,0.1276f,0f,0f,0f,1f],start_interpolation: 0,interpolation_duration: 0}
$data merge entity $(bone50) {transformation: [-0.8721f,-0.1329f,0.4709f,-0.0813f,0.0324f,0.9446f,0.3266f,0.3324f,-0.4883f,0.3001f,-0.8195f,-0.5316f,0f,0f,0f,1f],start_interpolation: 0,interpolation_duration: 0}
$data merge entity $(bone49) {transformation: [-0.8721f,-0.3506f,0.3414f,-0.101f,0.0324f,0.6547f,0.7552f,0.4256f,-0.4883f,0.6697f,-0.5596f,-0.4108f,0f,0f,0f,1f],start_interpolation: 0,interpolation_duration: 0}
$data merge entity $(bone48) {transformation: [-0.8721f,-0.3921f,0.2927f,-0.1392f,0.0324f,0.5505f,0.8342f,0.4802f,-0.4883f,0.737f,-0.4674f,-0.3417f,0f,0f,0f,1f],start_interpolation: 0,interpolation_duration: 0}
$data merge entity $(bone54) {transformation: [-0.9811f,0.1926f,-0.0211f,-0.2579f,0.0075f,-0.0715f,-0.9974f,0.0677f,-0.1936f,-0.9787f,0.0687f,0.2159f,0f,0f,0f,1f],start_interpolation: 0,interpolation_duration: 0}
$data merge entity $(bone53) {transformation: [-0.9811f,0.1926f,-0.0211f,-0.2181f,0.0075f,-0.0715f,-0.9974f,0.0564f,-0.1936f,-0.9787f,0.0687f,0.0344f,0f,0f,0f,1f],start_interpolation: 0,interpolation_duration: 0}
$data merge entity $(bone52) {transformation: [-0.9811f,0.1926f,-0.0211f,-0.1866f,0.0075f,-0.0715f,-0.9974f,0.0421f,-0.1936f,-0.9787f,0.0687f,-0.1328f,0f,0f,0f,1f],start_interpolation: 0,interpolation_duration: 0}
$data merge entity $(bone57) {transformation: [-0.7291f,0.6843f,-0.0128f,-0.5872f,-0.0022f,-0.0211f,-0.9998f,0.0569f,-0.6844f,-0.7289f,0.0168f,0.0645f,0f,0f,0f,1f],start_interpolation: 0,interpolation_duration: 0}
$data merge entity $(bone56) {transformation: [-0.7291f,0.6843f,-0.0128f,-0.4834f,-0.0022f,-0.0211f,-0.9998f,0.0619f,-0.6844f,-0.7289f,0.0168f,-0.1029f,0f,0f,0f,1f],start_interpolation: 0,interpolation_duration: 0}
$data merge entity $(bone55) {transformation: [-0.7291f,0.6843f,-0.0128f,-0.3656f,-0.0022f,-0.0211f,-0.9998f,0.0562f,-0.6844f,-0.7289f,0.0168f,-0.2265f,0f,0f,0f,1f],start_interpolation: 0,interpolation_duration: 0}
$data merge entity $(bone60) {transformation: [-0.8816f,0.4698f,-0.0454f,-0.4557f,0.0205f,-0.0581f,-0.9981f,0.0739f,-0.4716f,-0.8808f,0.0416f,0.1762f,0f,0f,0f,1f],start_interpolation: 0,interpolation_duration: 0}
$data merge entity $(bone59) {transformation: [-0.8816f,0.4698f,-0.0454f,-0.3647f,0.0205f,-0.0581f,-0.9981f,0.0643f,-0.4716f,-0.8808f,0.0416f,-0.0026f,0f,0f,0f,1f],start_interpolation: 0,interpolation_duration: 0}
$data merge entity $(bone58) {transformation: [-0.8816f,0.4698f,-0.0454f,-0.2701f,0.0205f,-0.0581f,-0.9981f,0.0507f,-0.4716f,-0.8808f,0.0416f,-0.1774f,0f,0f,0f,1f],start_interpolation: 0,interpolation_duration: 0}
$data merge entity $(bone51) {transformation: [-0.8883f,0.209f,0.4091f,-0.2317f,0.0512f,0.9301f,-0.3638f,0.3144f,-0.4565f,-0.3022f,-0.8368f,-0.2471f,0f,0f,0f,1f],start_interpolation: 0,interpolation_duration: 0}
$data merge entity $(bone47) {transformation: [-0.8883f,-0.1262f,0.4417f,-0.2563f,0.0512f,0.9283f,0.3682f,0.5604f,-0.4565f,0.3497f,-0.8181f,-0.1491f,0f,0f,0f,1f],start_interpolation: 0,interpolation_duration: 0}
$data merge entity $(bone45) {transformation: [-0.8903f,-0.2902f,0.3508f,-0.5399f,0.0674f,0.678f,0.732f,1.0446f,-0.4503f,0.6754f,-0.584f,0.5095f,0f,0f,0f,1f],start_interpolation: 0,interpolation_duration: 0}
$data merge entity $(bone43) {transformation: [-0.8408f,0.5181f,0.1572f,-0.1713f,0.1157f,0.4555f,-0.8827f,1.2375f,-0.5289f,-0.724f,-0.4429f,-0.0343f,0f,0f,0f,1f],start_interpolation: 0,interpolation_duration: 0}