# This file was generated by Animated Java via MC-Build. It is not recommended to edit this file directly.
$data merge entity $(bone5) {transformation: [-0.9947f,-0.1022f,0.0103f,0.385f,-0.0921f,0.9319f,0.3507f,1.5006f,-0.0454f,0.3479f,-0.9364f,0.9762f,0f,0f,0f,1f],start_interpolation: 0,interpolation_duration: 0}
$data merge entity $(bone6) {transformation: [0.0175f,-0.2646f,-0.9642f,0.4943f,-0.4433f,0.8623f,-0.2447f,1.2714f,0.8962f,0.4317f,-0.1022f,0.9001f,0f,0f,0f,1f],start_interpolation: 0,interpolation_duration: 0}
$data merge entity $(bone8) {transformation: [-0.2592f,-0.0624f,0.9638f,0.6379f,-0.0841f,0.9956f,0.0418f,0.5856f,-0.9621f,-0.0702f,-0.2633f,0.7519f,0f,0f,0f,1f],start_interpolation: 0,interpolation_duration: 0}
$data merge entity $(bone9) {transformation: [-0.2592f,-0.0624f,0.9638f,0.799f,-0.0841f,0.9956f,0.0418f,0.7587f,-0.9621f,-0.0702f,-0.2633f,0.6858f,0f,0f,0f,1f],start_interpolation: 0,interpolation_duration: 0}
$data merge entity $(bone10) {transformation: [-0.2285f,-0.1375f,0.9638f,0.6199f,-0.3795f,0.9242f,0.0418f,0.5764f,-0.8965f,-0.3562f,-0.2633f,0.7282f,0f,0f,0f,1f],start_interpolation: 0,interpolation_duration: 0}
$data merge entity $(bone12) {transformation: [-0.1912f,-0.5141f,0.8362f,0.7624f,-0.8863f,0.4564f,0.078f,0.0689f,-0.4217f,-0.7262f,-0.5429f,0.9398f,0f,0f,0f,1f],start_interpolation: 0,interpolation_duration: 0}
$data merge entity $(bone15) {transformation: [0.9847f,-0.1045f,0.1392f,0.3827f,-0.1562f,-0.1786f,0.9714f,0.0222f,-0.0766f,-0.9784f,-0.1922f,0.9939f,0f,0f,0f,1f],start_interpolation: 0,interpolation_duration: 0}
$data merge entity $(bone14) {transformation: [0.9423f,-0.1045f,-0.3181f,0.5038f,0.2969f,-0.1786f,0.9381f,0.0616f,-0.1548f,-0.9784f,-0.1373f,0.9725f,0f,0f,0f,1f],start_interpolation: 0,interpolation_duration: 0}
$data merge entity $(bone13) {transformation: [0.7766f,-0.1045f,-0.6212f,0.6051f,0.5998f,-0.1786f,0.7799f,0.1374f,-0.1924f,-0.9784f,-0.076f,0.9445f,0f,0f,0f,1f],start_interpolation: 0,interpolation_duration: 0}
$data merge entity $(bone18) {transformation: [-0.0549f,-0.9977f,-0.0404f,0.7427f,0.9985f,-0.0548f,-0.0045f,-0.1351f,0.0022f,-0.0406f,0.9992f,1.3482f,0f,0f,0f,1f],start_interpolation: 0,interpolation_duration: 0}
$data merge entity $(bone17) {transformation: [-0.0161f,-0.9977f,-0.0663f,0.7396f,0.7678f,-0.0548f,0.6384f,0.0161f,-0.6405f,-0.0406f,0.7668f,1.222f,0f,0f,0f,1f],start_interpolation: 0,interpolation_duration: 0}
$data merge entity $(bone16) {transformation: [0.0243f,-0.9977f,-0.0637f,0.7389f,0.2711f,-0.0548f,0.961f,0.0541f,-0.9622f,-0.0406f,0.2692f,1.0803f,0f,0f,0f,1f],start_interpolation: 0,interpolation_duration: 0}
$data merge entity $(bone27) {transformation: [-0.8552f,-0.5138f,-0.0676f,1.1848f,-0.0286f,-0.0834f,0.9961f,0.0375f,-0.5175f,0.8538f,0.0566f,1.1291f,0f,0f,0f,1f],start_interpolation: 0,interpolation_duration: 0}
$data merge entity $(bone26) {transformation: [-0.8433f,-0.5343f,-0.0575f,1.0507f,-0.0245f,-0.0686f,0.9973f,0.0344f,-0.5368f,0.8425f,0.0447f,1.0514f,0f,0f,0f,1f],start_interpolation: 0,interpolation_duration: 0}
$data merge entity $(bone25) {transformation: [-0.8295f,-0.5343f,0.1628f,0.898f,0.2345f,-0.0686f,0.9697f,0.0749f,-0.507f,0.8425f,0.1821f,0.963f,0f,0f,0f,1f],start_interpolation: 0,interpolation_duration: 0}
$data merge entity $(bone30) {transformation: [-0.1452f,-0.8712f,0.469f,0.9945f,0.9761f,-0.0487f,0.2117f,-0.1309f,-0.1616f,0.4885f,0.8575f,1.3131f,0f,0f,0f,1f],start_interpolation: 0,interpolation_duration: 0}
$data merge entity $(bone29) {transformation: [-0.3631f,-0.8712f,0.3304f,0.9267f,0.7336f,-0.0487f,0.6778f,0.0138f,-0.5744f,0.4885f,0.6568f,1.1978f,0f,0f,0f,1f],start_interpolation: 0,interpolation_duration: 0}
$data merge entity $(bone28) {transformation: [-0.4851f,-0.8712f,0.0751f,0.8246f,0.2377f,-0.0487f,0.9701f,0.0601f,-0.8415f,0.4885f,0.2307f,1.0293f,0f,0f,0f,1f],start_interpolation: 0,interpolation_duration: 0}
$data merge entity $(bone7) {transformation: [0.9638f,-0.0736f,0.2563f,0.6017f,0.0418f,0.991f,0.1274f,0.921f,-0.2633f,-0.1121f,0.9582f,0.7101f,0f,0f,0f,1f],start_interpolation: 0,interpolation_duration: 0}
$data merge entity $(bone4) {transformation: [-0.9642f,-0.265f,0.0103f,0.3501f,-0.2447f,0.904f,0.3507f,1.6065f,-0.1022f,0.3357f,-0.9364f,0.9878f,0f,0f,0f,1f],start_interpolation: 0,interpolation_duration: 0}
$data merge entity $(bone62) {transformation: [-0.9103f,0.3689f,0.1878f,-0.4164f,0.4094f,0.735f,0.5406f,1.5243f,0.0614f,0.5689f,-0.8201f,0.95f,0f,0f,0f,1f],start_interpolation: 0,interpolation_duration: 0}
$data merge entity $(bone63) {transformation: [0.2405f,0.4916f,0.8369f,-0.5872f,0.6063f,0.5973f,-0.525f,1.3698f,-0.758f,0.6337f,-0.1545f,0.8189f,0f,0f,0f,1f],start_interpolation: 0,interpolation_duration: 0}
$data merge entity $(bone65) {transformation: [-0.0341f,0.1456f,-0.9888f,-0.8455f,0.1768f,0.9746f,0.1375f,0.8051f,0.9837f,-0.1701f,-0.059f,0.6255f,0f,0f,0f,1f],start_interpolation: 0,interpolation_duration: 0}
$data merge entity $(bone66) {transformation: [-0.0341f,0.1456f,-0.9888f,-0.9988f,0.1768f,0.9746f,0.1375f,0.9912f,0.9837f,-0.1701f,-0.059f,0.5793f,0f,0f,0f,1f],start_interpolation: 0,interpolation_duration: 0}
$data merge entity $(bone67) {transformation: [0.0113f,0.1491f,-0.9888f,-0.834f,0.4617f,0.8763f,0.1375f,0.7923f,0.887f,-0.458f,-0.059f,0.5994f,0f,0f,0f,1f],start_interpolation: 0,interpolation_duration: 0}
$data merge entity $(bone69) {transformation: [-0.2558f,0.0821f,-0.9632f,-0.9147f,0.3299f,0.944f,-0.0071f,0.2259f,0.9087f,-0.3196f,-0.2686f,0.7675f,0f,0f,0f,1f],start_interpolation: 0,interpolation_duration: 0}
$data merge entity $(bone72) {transformation: [0.9255f,0.2523f,0.2824f,-0.63f,-0.3456f,0.2576f,0.9023f,0.1414f,0.155f,-0.9327f,0.3256f,0.7903f,0f,0f,0f,1f],start_interpolation: 0,interpolation_duration: 0}
$data merge entity $(bone71) {transformation: [0.7488f,0.2523f,0.6128f,-0.7255f,-0.6625f,0.2576f,0.7034f,0.2282f,0.0196f,-0.9327f,0.3601f,0.7871f,0f,0f,0f,1f],start_interpolation: 0,interpolation_duration: 0}
$data merge entity $(bone70) {transformation: [0.4941f,0.2523f,0.832f,-0.7901f,-0.8631f,0.2576f,0.4344f,0.3401f,-0.1047f,-0.9327f,0.3451f,0.797f,0f,0f,0f,1f],start_interpolation: 0,interpolation_duration: 0}
$data merge entity $(bone81) {transformation: [0.1489f,0.9884f,0.0293f,-0.7985f,-0.3847f,0.0306f,0.9225f,-0.0581f,0.9109f,-0.1486f,0.3848f,1.1237f,0f,0f,0f,1f],start_interpolation: 0,interpolation_duration: 0}
$data merge entity $(bone80) {transformation: [0.1212f,0.9884f,0.0913f,-0.8223f,-0.749f,0.0306f,0.6619f,0.0895f,0.6515f,-0.1486f,0.744f,0.9953f,0f,0f,0f,1f],start_interpolation: 0,interpolation_duration: 0}
$data merge entity $(bone73) {transformation: [0.1478f,0.9884f,0.0342f,-0.8398f,-0.415f,0.0306f,0.9093f,0.149f,0.8977f,-0.1486f,0.4147f,0.8623f,0f,0f,0f,1f],start_interpolation: 0,interpolation_duration: 0}
$data merge entity $(bone84) {transformation: [-0.7166f,0.6913f,0.0925f,-1.254f,0.1015f,-0.0279f,0.9944f,0.0282f,0.69f,0.722f,-0.0502f,1.0132f,0f,0f,0f,1f],start_interpolation: 0,interpolation_duration: 0}
$data merge entity $(bone83) {transformation: [-0.6822f,0.7085f,-0.1807f,-1.144f,-0.2624f,-0.0065f,0.9649f,0.0699f,0.6825f,0.7057f,0.1903f,0.9124f,0f,0f,0f,1f],start_interpolation: 0,interpolation_duration: 0}
$data merge entity $(bone82) {transformation: [-0.6122f,0.7085f,-0.3511f,-1.0296f,-0.5032f,-0.0065f,0.8642f,0.1595f,0.61f,0.7057f,0.3605f,0.8044f,0f,0f,0f,1f],start_interpolation: 0,interpolation_duration: 0}
$data merge entity $(bone103) {transformation: [-0.2962f,0.95f,-0.0985f,-1.0373f,-0.262f,0.0183f,0.9649f,-0.0642f,0.9185f,0.3116f,0.2435f,1.157f,0f,0f,0f,1f],start_interpolation: 0,interpolation_duration: 0}
$data merge entity $(bone102) {transformation: [-0.2258f,0.95f,-0.2155f,-0.9969f,-0.6488f,0.0183f,0.7607f,0.0636f,0.7267f,0.3116f,0.6123f,1.0125f,0f,0f,0f,1f],start_interpolation: 0,interpolation_duration: 0}
$data merge entity $(bone85) {transformation: [-0.2777f,0.95f,-0.1425f,-0.9363f,-0.406f,0.0183f,0.9137f,0.1443f,0.8706f,0.3116f,0.3807f,0.837f,0f,0f,0f,1f],start_interpolation: 0,interpolation_duration: 0}
$data merge entity $(bone64) {transformation: [0.9888f,0.147f,-0.0277f,-0.7855f,-0.1375f,0.966f,0.2191f,1.1304f,0.059f,-0.2129f,0.9753f,0.5473f,0f,0f,0f,1f],start_interpolation: 0,interpolation_duration: 0}
$data merge entity $(bone61) {transformation: [-0.8369f,0.5141f,0.1878f,-0.3501f,0.525f,0.6574f,0.5406f,1.6065f,0.1545f,0.551f,-0.8201f,0.9878f,0f,0f,0f,1f],start_interpolation: 0,interpolation_duration: 0}
$data merge entity $(bone23) {transformation: [-0.7934f,-0.6088f,0f,0.1071f,-0.0786f,0.1025f,0.9916f,1.5291f,-0.6037f,0.7867f,-0.1292f,1.0109f,0f,0f,0f,1f],start_interpolation: 0,interpolation_duration: 0}
$data merge entity $(bone22) {transformation: [-0.7934f,0.6088f,0f,-0.1071f,0.0786f,0.1025f,0.9916f,1.5291f,0.6037f,0.7867f,-0.1292f,1.0109f,0f,0f,0f,1f],start_interpolation: 0,interpolation_duration: 0}
$data merge entity $(bone89) {transformation: [-1f,0.0072f,0.0007f,0.002f,0.0053f,0.6655f,0.7464f,2.2231f,0.0049f,0.7464f,-0.6655f,1.4969f,0f,0f,0f,1f],start_interpolation: 0,interpolation_duration: 0}
$data merge entity $(bone90) {transformation: [-1f,0.0069f,0.0019f,0.0013f,0.0053f,0.5258f,0.8506f,2.1633f,0.0049f,0.8506f,-0.5258f,1.4168f,0f,0f,0f,1f],start_interpolation: 0,interpolation_duration: 0}
$data merge entity $(bone88) {transformation: [-1f,0.0071f,0.0013f,0.0312f,0.0053f,0.5979f,0.8015f,2.0266f,0.0049f,0.8015f,-0.5979f,1.2963f,0f,0f,0f,1f],start_interpolation: 0,interpolation_duration: 0}
$data merge entity $(bone42) {transformation: [-1f,0f,0f,0f,0f,0.7369f,0.676f,1.7189f,0f,0.676f,-0.7369f,1.6919f,0f,0f,0f,1f],start_interpolation: 0,interpolation_duration: 0}
$data merge entity $(bone87) {transformation: [-0.9998f,0.0157f,-0.0096f,-0.0044f,0.0024f,0.6262f,0.7796f,1.2507f,0.0182f,0.7795f,-0.6262f,2.2332f,0f,0f,0f,1f],start_interpolation: 0,interpolation_duration: 0}
$data merge entity $(bone86) {transformation: [-1f,0f,0f,0f,0f,0.7096f,0.7046f,1.408f,0f,0.7046f,-0.7096f,2.0679f,0f,0f,0f,1f],start_interpolation: 0,interpolation_duration: 0}
$data merge entity $(bone92) {transformation: [-0.8818f,0.2593f,-0.3939f,0.1194f,-0.0793f,0.7419f,0.6658f,1.7906f,0.4649f,0.6184f,-0.6336f,1.7339f,0f,0f,0f,1f],start_interpolation: 0,interpolation_duration: 0}
$data merge entity $(bone3) {transformation: [-0.8818f,-0.2593f,0.3939f,-0.1194f,0.0793f,0.7419f,0.6658f,1.7906f,-0.4649f,0.6184f,-0.6336f,1.7339f,0f,0f,0f,1f],start_interpolation: 0,interpolation_duration: 0}
$data merge entity $(head) {transformation: [-1f,0f,0f,0f,0f,0.7455f,0.6665f,1.7197f,0f,0.6665f,-0.7455f,1.5082f,0f,0f,0f,1f],start_interpolation: 0,interpolation_duration: 0}
$data merge entity $(neck) {transformation: [-1f,0f,0f,0f,0f,0.5476f,0.8368f,1.6273f,0f,0.8368f,-0.5476f,1.367f,0f,0f,0f,1f],start_interpolation: 0,interpolation_duration: 0}
$data merge entity $(bone2) {transformation: [-1f,0f,0f,0f,0f,0.1292f,0.9916f,1.5656f,0f,0.9916f,-0.1292f,1.0551f,0f,0f,0f,1f],start_interpolation: 0,interpolation_duration: 0}
$data merge entity $(bone136) {transformation: [-1f,0f,0f,0f,0f,0.1809f,1.0981f,1.5477f,0f,0.9835f,-0.2019f,0.8592f,0f,0f,0f,1f],start_interpolation: 0,interpolation_duration: 0}
$data merge entity $(bone118) {transformation: [-0.0683f,-0.849f,-0.524f,0.2564f,0.9926f,-0.1109f,0.0502f,1.7097f,-0.1007f,-0.5167f,0.8502f,0.7743f,0f,0f,0f,1f],start_interpolation: 0,interpolation_duration: 0}
$data merge entity $(bone119) {transformation: [-0.1317f,-0.849f,-0.5118f,0.7359f,0.9913f,-0.1109f,-0.0712f,1.74f,0.0037f,-0.5167f,0.8562f,-0.0317f,0f,0f,0f,1f],start_interpolation: 0,interpolation_duration: 0}
$data merge entity $(bone120) {transformation: [-0.4968f,-0.849f,0.1801f,1.6143f,-0.1658f,-0.1109f,-0.9799f,1.0104f,0.8519f,-0.5167f,-0.0857f,0.6335f,0f,0f,0f,1f],start_interpolation: 0,interpolation_duration: 0}
$data merge entity $(bone121) {transformation: [0f,0f,0f,0.9886f,0f,0f,0f,1.8451f,0f,0f,0f,-0.4579f,0f,0f,0f,1f],start_interpolation: 0,interpolation_duration: 0}
$data merge entity $(bone123) {transformation: [0.0776f,-1.7312f,-1.061f,0.8807f,1.9712f,-0.1904f,0.4549f,1.3457f,-0.487f,-1.0467f,1.6722f,2.4395f,0f,0f,0f,1f],start_interpolation: 0,interpolation_duration: 0}
$data merge entity $(bone124) {transformation: [-0.0983f,-0.852f,-0.5143f,0.7446f,0.995f,-0.0937f,-0.0348f,2.6903f,-0.0185f,-0.5151f,0.8569f,-0.2585f,0f,0f,0f,1f],start_interpolation: 0,interpolation_duration: 0}
$data merge entity $(bone122) {transformation: [-0.3513f,-1.3127f,-0.7262f,0.5682f,1.4669f,-0.1444f,-0.4486f,2.6862f,0.3142f,-0.7937f,1.2827f,0.0323f,0f,0f,0f,1f],start_interpolation: 0,interpolation_duration: 0}
$data merge entity $(bone126) {transformation: [0.2904f,-0.852f,-0.4357f,1.1439f,0.7341f,-0.0937f,0.6726f,1.9489f,-0.6138f,-0.5151f,0.5982f,-0.783f,0f,0f,0f,1f],start_interpolation: 0,interpolation_duration: 0}
$data merge entity $(bone127) {transformation: [0.1677f,-0.852f,-0.496f,0.807f,0.8831f,-0.0937f,0.4596f,2.3683f,-0.4381f,-0.5151f,0.7367f,-0.3031f,0f,0f,0f,1f],start_interpolation: 0,interpolation_duration: 0}
$data merge entity $(bone125) {transformation: [0.0472f,-1.1944f,-0.7325f,0.6426f,1.3627f,-0.1314f,0.302f,2.5385f,-0.3259f,-0.7221f,1.1565f,-0.0549f,0f,0f,0f,1f],start_interpolation: 0,interpolation_duration: 0}
$data merge entity $(bone129) {transformation: [1.0406f,-1.5888f,-0.1707f,0.4868f,0.0177f,-0.1748f,2.0051f,3.8945f,-1.7243f,-0.9606f,-0.0825f,2.6274f,0f,0f,0f,1f],start_interpolation: 0,interpolation_duration: 0}
$data merge entity $(bone130) {transformation: [0.5398f,-0.852f,-0.1683f,0.8427f,0.159f,-0.0937f,1.0634f,1.5344f,-0.9218f,-0.5151f,0.0849f,-0.2105f,0f,0f,0f,1f],start_interpolation: 0,interpolation_duration: 0}
$data merge entity $(bone131) {transformation: [0.467f,-0.852f,-0.3188f,0.7077f,0.463f,-0.0937f,0.9705f,2.1199f,-0.8567f,-0.5151f,0.3507f,-0.0938f,0f,0f,0f,1f],start_interpolation: 0,interpolation_duration: 0}
$data merge entity $(bone128) {transformation: [0.3886f,-0.8982f,-0.4521f,0.6054f,0.7363f,-0.0988f,0.8619f,2.4281f,-0.7767f,-0.5431f,0.5909f,0.0089f,0f,0f,0f,1f],start_interpolation: 0,interpolation_duration: 0}
$data merge entity $(bone132) {transformation: [-0.1988f,-0.852f,-0.4843f,0.4845f,0.9681f,-0.0937f,-0.2325f,2.5706f,0.1527f,-0.5151f,0.8434f,0.2057f,0f,0f,0f,1f],start_interpolation: 0,interpolation_duration: 0}
$data merge entity $(bone133) {transformation: [-0.3476f,-1.4464f,-0.7154f,0.5502f,1.6928f,-0.1591f,-0.3434f,2.5846f,0.267f,-0.8745f,1.2457f,0.1061f,0f,0f,0f,1f],start_interpolation: 0,interpolation_duration: 0}
$data merge entity $(w5) {transformation: [-0.1988f,-0.852f,-0.4843f,0.5572f,0.9681f,-0.0937f,-0.2325f,2.518f,0.1527f,-0.5151f,0.8434f,0.1196f,0f,0f,0f,1f],start_interpolation: 0,interpolation_duration: 0}
$data merge entity $(w2) {transformation: [-0.5103f,-0.849f,-0.1374f,0.7096f,0.4262f,-0.1109f,-0.8978f,1.7562f,0.747f,-0.5167f,0.4184f,-0.0151f,0f,0f,0f,1f],start_interpolation: 0,interpolation_duration: 0}
$data merge entity $(wing3) {transformation: [-0.0683f,-0.849f,-0.524f,0.2175f,0.9926f,-0.1109f,0.0502f,1.8136f,-0.1007f,-0.5167f,0.8502f,0.7811f,0f,0f,0f,1f],start_interpolation: 0,interpolation_duration: 0}
$data merge entity $(bone104) {transformation: [-0.0683f,0.849f,0.524f,-0.2564f,-0.9926f,-0.1109f,0.0502f,1.7097f,0.1007f,-0.5167f,0.8502f,0.7743f,0f,0f,0f,1f],start_interpolation: 0,interpolation_duration: 0}
$data merge entity $(bone105) {transformation: [-0.1317f,0.849f,0.5118f,-0.7359f,-0.9913f,-0.1109f,-0.0712f,1.74f,-0.0037f,-0.5167f,0.8562f,-0.0317f,0f,0f,0f,1f],start_interpolation: 0,interpolation_duration: 0}
$data merge entity $(bone106) {transformation: [-0.4968f,0.849f,-0.1801f,-1.6143f,0.1658f,-0.1109f,-0.9799f,1.0104f,-0.8519f,-0.5167f,-0.0857f,0.6335f,0f,0f,0f,1f],start_interpolation: 0,interpolation_duration: 0}
$data merge entity $(bone107) {transformation: [0f,0f,0f,-0.9886f,0f,0f,0f,1.8451f,0f,0f,0f,-0.4579f,0f,0f,0f,1f],start_interpolation: 0,interpolation_duration: 0}
$data merge entity $(bone109) {transformation: [0.0898f,1.7312f,0.9987f,-0.9161f,-1.8056f,-0.1904f,0.3935f,1.4518f,0.477f,-1.0467f,1.5803f,2.3617f,0f,0f,0f,1f],start_interpolation: 0,interpolation_duration: 0}
$data merge entity $(bone110) {transformation: [-0.0845f,0.852f,0.4862f,-0.7349f,-0.9085f,-0.0937f,-0.0429f,2.6937f,0.0255f,-0.5151f,0.812f,-0.2431f,0f,0f,0f,1f],start_interpolation: 0,interpolation_duration: 0}
$data merge entity $(bone108) {transformation: [-0.3197f,1.3127f,0.6899f,-0.5682f,-1.3349f,-0.1444f,-0.4262f,2.6862f,-0.2859f,-0.7937f,1.2186f,0.0323f,0f,0f,0f,1f],start_interpolation: 0,interpolation_duration: 0}
$data merge entity $(bone112) {transformation: [0.2904f,0.852f,0.4357f,-1.1439f,-0.7341f,-0.0937f,0.6726f,1.9489f,0.6138f,-0.5151f,0.5982f,-0.783f,0f,0f,0f,1f],start_interpolation: 0,interpolation_duration: 0}
$data merge entity $(bone113) {transformation: [0.1677f,0.852f,0.496f,-0.807f,-0.8831f,-0.0937f,0.4596f,2.3683f,0.4381f,-0.5151f,0.7367f,-0.3031f,0f,0f,0f,1f],start_interpolation: 0,interpolation_duration: 0}
$data merge entity $(bone111) {transformation: [0.0472f,1.1944f,0.7325f,-0.6426f,-1.3627f,-0.1314f,0.302f,2.5385f,0.3259f,-0.7221f,1.1565f,-0.0549f,0f,0f,0f,1f],start_interpolation: 0,interpolation_duration: 0}
$data merge entity $(bone115) {transformation: [1.0406f,1.5888f,0.1707f,-0.4868f,-0.0177f,-0.1748f,2.0051f,3.8945f,1.7243f,-0.9606f,-0.0825f,2.6274f,0f,0f,0f,1f],start_interpolation: 0,interpolation_duration: 0}
$data merge entity $(bone116) {transformation: [0.5398f,0.852f,0.1683f,-0.8427f,-0.159f,-0.0937f,1.0634f,1.5344f,0.9218f,-0.5151f,0.0849f,-0.2105f,0f,0f,0f,1f],start_interpolation: 0,interpolation_duration: 0}
$data merge entity $(bone117) {transformation: [0.467f,0.852f,0.3188f,-0.7077f,-0.463f,-0.0937f,0.9705f,2.1199f,0.8567f,-0.5151f,0.3507f,-0.0938f,0f,0f,0f,1f],start_interpolation: 0,interpolation_duration: 0}
$data merge entity $(bone114) {transformation: [0.3886f,0.8982f,0.4521f,-0.6054f,-0.7363f,-0.0988f,0.8619f,2.4281f,0.7767f,-0.5431f,0.5909f,0.0089f,0f,0f,0f,1f],start_interpolation: 0,interpolation_duration: 0}
$data merge entity $(bone134) {transformation: [-0.1988f,0.852f,0.4843f,-0.4845f,-0.9681f,-0.0937f,-0.2325f,2.5706f,-0.1527f,-0.5151f,0.8434f,0.2057f,0f,0f,0f,1f],start_interpolation: 0,interpolation_duration: 0}
$data merge entity $(bone135) {transformation: [-0.3476f,1.4464f,0.7154f,-0.5502f,-1.6928f,-0.1591f,-0.3434f,2.5846f,-0.267f,-0.8745f,1.2457f,0.1061f,0f,0f,0f,1f],start_interpolation: 0,interpolation_duration: 0}
$data merge entity $(w4) {transformation: [-0.1988f,0.852f,0.4843f,-0.5572f,-0.9681f,-0.0937f,-0.2325f,2.518f,-0.1527f,-0.5151f,0.8434f,0.1196f,0f,0f,0f,1f],start_interpolation: 0,interpolation_duration: 0}
$data merge entity $(w3) {transformation: [-0.5103f,0.849f,0.1374f,-0.7096f,-0.4262f,-0.1109f,-0.8978f,1.7562f,-0.747f,-0.5167f,0.4184f,-0.0151f,0f,0f,0f,1f],start_interpolation: 0,interpolation_duration: 0}
$data merge entity $(wing2) {transformation: [-0.0683f,0.849f,0.524f,-0.2175f,-0.9926f,-0.1109f,0.0502f,1.8136f,0.1007f,-0.5167f,0.8502f,0.7811f,0f,0f,0f,1f],start_interpolation: 0,interpolation_duration: 0}
$data merge entity $(bone20) {transformation: [-1f,0f,0f,-0.1563f,0f,-0.175f,0.9846f,1.5674f,0f,0.9846f,0.175f,0.3246f,0f,0f,0f,1f],start_interpolation: 0,interpolation_duration: 0}
$data merge entity $(bone101) {transformation: [-1f,0f,0f,0f,0f,-0.4968f,0.8679f,1.1544f,0f,0.8679f,0.4968f,-2.6904f,0f,0f,0f,1f],start_interpolation: 0,interpolation_duration: 0}
$data merge entity $(bone100) {transformation: [-1f,0f,0f,0f,0f,0.1504f,0.9886f,0.7074f,0f,0.9886f,-0.1504f,-2.6161f,0f,0f,0f,1f],start_interpolation: 0,interpolation_duration: 0}
$data merge entity $(bone99) {transformation: [-1f,0f,0f,0f,0f,0.5366f,0.8439f,0.2802f,0f,0.8439f,-0.5366f,-2.3445f,0f,0f,0f,1f],start_interpolation: 0,interpolation_duration: 0}
$data merge entity $(bone98) {transformation: [-1f,0f,0f,0f,0f,0.8908f,0.4545f,0.0558f,0f,0.4545f,-0.8908f,-1.9047f,0f,0f,0f,1f],start_interpolation: 0,interpolation_duration: 0}
$data merge entity $(bone97) {transformation: [-1f,0f,0f,0f,0f,0.9869f,-0.1615f,0.1386f,0f,-0.1615f,-0.9869f,-1.3989f,0f,0f,0f,1f],start_interpolation: 0,interpolation_duration: 0}
$data merge entity $(bone96) {transformation: [-1f,0f,0f,0f,0f,0.85f,-0.5268f,0.402f,0f,-0.5268f,-0.85f,-0.9739f,0f,0f,0f,1f],start_interpolation: 0,interpolation_duration: 0}
$data merge entity $(bone95) {transformation: [-1f,0f,0f,0f,0f,0.6522f,-0.758f,0.7763f,0f,-0.758f,-0.6522f,-0.6519f,0f,0f,0f,1f],start_interpolation: 0,interpolation_duration: 0}
$data merge entity $(bone94) {transformation: [-1f,0f,0f,0f,0f,0.5837f,-0.812f,1.1772f,0f,-0.812f,-0.5837f,-0.3637f,0f,0f,0f,1f],start_interpolation: 0,interpolation_duration: 0}
$data merge entity $(bone93) {transformation: [-1f,0f,0f,0f,0f,0.7158f,-0.6983f,1.4412f,0f,-0.6983f,-0.7158f,-0.093f,0f,0f,0f,1f],start_interpolation: 0,interpolation_duration: 0}
$data merge entity $(bone) {transformation: [-1f,0f,0f,0f,0f,0.5373f,0.8434f,1.349f,0f,0.8434f,-0.5373f,-0.0343f,0f,0f,0f,1f],start_interpolation: 0,interpolation_duration: 0}
$data merge entity $(bone24) {transformation: [-0.9665f,-0.2565f,-0.0007f,0.1031f,-0.2563f,0.9657f,0.0429f,1.2903f,-0.0103f,0.0416f,-0.9991f,-0.0355f,0f,0f,0f,1f],start_interpolation: 0,interpolation_duration: 0}
$data merge entity $(bone32) {transformation: [-0.9973f,-0.0545f,-0.0495f,0.2291f,-0.0689f,0.4555f,0.8876f,0.6205f,-0.0258f,0.8886f,-0.458f,-0.3068f,0f,0f,0f,1f],start_interpolation: 0,interpolation_duration: 0}
$data merge entity $(bone36) {transformation: [-0.9989f,-0.0171f,-0.0428f,0.3369f,-0.0184f,0.9994f,0.0289f,0.2956f,0.0422f,0.0297f,-0.9987f,-1.0154f,0f,0f,0f,1f],start_interpolation: 0,interpolation_duration: 0}
$data merge entity $(bone35) {transformation: [-0.9989f,0.0065f,-0.0456f,0.2992f,-0.0184f,0.8511f,0.5248f,0.4194f,0.0422f,0.525f,-0.85f,-0.9322f,0f,0f,0f,1f],start_interpolation: 0,interpolation_duration: 0}
$data merge entity $(bone34) {transformation: [-0.9989f,0.0124f,-0.0444f,0.3017f,-0.0184f,0.7753f,0.6313f,0.4952f,0.0422f,0.6315f,-0.7742f,-0.8733f,0f,0f,0f,1f],start_interpolation: 0,interpolation_duration: 0}
$data merge entity $(bone77) {transformation: [-0.933f,0.3568f,-0.0459f,0.1062f,0.0197f,-0.0767f,-0.9969f,0.072f,-0.3592f,-0.931f,0.0646f,-0.3568f,0f,0f,0f,1f],start_interpolation: 0,interpolation_duration: 0}
$data merge entity $(bone75) {transformation: [-0.933f,0.3568f,-0.0459f,0.169f,0.0197f,-0.0767f,-0.9969f,0.0598f,-0.3592f,-0.931f,0.0646f,-0.5317f,0f,0f,0f,1f],start_interpolation: 0,interpolation_duration: 0}
$data merge entity $(bone39) {transformation: [-0.933f,0.3568f,-0.0459f,0.2311f,0.0197f,-0.0767f,-0.9969f,0.0446f,-0.3592f,-0.931f,0.0646f,-0.69f,0f,0f,0f,1f],start_interpolation: 0,interpolation_duration: 0}
$data merge entity $(bone76) {transformation: [-0.96f,-0.2796f,-0.0154f,0.4992f,0.0248f,-0.0301f,-0.9992f,0.0521f,0.2789f,-0.9596f,0.0358f,-0.3326f,0f,0f,0f,1f],start_interpolation: 0,interpolation_duration: 0}
$data merge entity $(bone74) {transformation: [-0.96f,-0.2796f,-0.0154f,0.4827f,0.0248f,-0.0301f,-0.9992f,0.0544f,0.2789f,-0.9596f,0.0358f,-0.529f,0f,0f,0f,1f],start_interpolation: 0,interpolation_duration: 0}
$data merge entity $(bone40) {transformation: [-0.96f,-0.2796f,-0.0154f,0.4336f,0.0248f,-0.0301f,-0.9992f,0.0473f,0.2789f,-0.9596f,0.0358f,-0.6924f,0f,0f,0f,1f],start_interpolation: 0,interpolation_duration: 0}
$data merge entity $(bone79) {transformation: [-0.9997f,0.0215f,-0.0071f,0.3148f,0.0064f,-0.0304f,-0.9995f,0.0601f,-0.0217f,-0.9993f,0.0302f,-0.2923f,0f,0f,0f,1f],start_interpolation: 0,interpolation_duration: 0}
$data merge entity $(bone78) {transformation: [-0.9997f,0.0215f,-0.0071f,0.3231f,0.0064f,-0.0304f,-0.9995f,0.0559f,-0.0217f,-0.9993f,0.0302f,-0.4929f,0f,0f,0f,1f],start_interpolation: 0,interpolation_duration: 0}
$data merge entity $(bone41) {transformation: [-0.9997f,0.0215f,-0.0071f,0.3261f,0.0064f,-0.0304f,-0.9995f,0.0478f,-0.0217f,-0.9993f,0.0302f,-0.692f,0f,0f,0f,1f],start_interpolation: 0,interpolation_duration: 0}
$data merge entity $(bone38) {transformation: [-1f,0.0031f,-0.0056f,0.3383f,0.005f,0.9218f,-0.3876f,0.3091f,0.004f,-0.3876f,-0.9218f,-0.7782f,0f,0f,0f,1f],start_interpolation: 0,interpolation_duration: 0}
$data merge entity $(bone33) {transformation: [-0.9995f,-0.0241f,-0.0194f,0.3216f,-0.0307f,0.8505f,0.525f,0.5346f,0.0039f,0.5254f,-0.8509f,-0.6382f,0f,0f,0f,1f],start_interpolation: 0,interpolation_duration: 0}
$data merge entity $(bone31) {transformation: [-0.9973f,-0.0455f,-0.0578f,0.2788f,-0.0689f,0.3028f,0.9506f,0.6695f,-0.0258f,0.952f,-0.3051f,0.2154f,0f,0f,0f,1f],start_interpolation: 0,interpolation_duration: 0}
$data merge entity $(bone19) {transformation: [-0.9852f,-0.167f,0.0378f,0.1713f,-0.1711f,0.9687f,-0.1797f,1.2978f,-0.0066f,-0.1835f,-0.983f,-0.0343f,0f,0f,0f,1f],start_interpolation: 0,interpolation_duration: 0}
$data merge entity $(bone44) {transformation: [-0.7986f,0.519f,0.3048f,-0.1115f,0.1761f,0.6858f,-0.7062f,1.2921f,-0.5755f,-0.5103f,-0.639f,-0.001f,0f,0f,0f,1f],start_interpolation: 0,interpolation_duration: 0}
$data merge entity $(bone46) {transformation: [-0.8889f,-0.2353f,0.3931f,-0.2851f,0.0605f,0.7902f,0.6098f,0.7903f,-0.4541f,0.5658f,-0.6882f,0.1123f,0f,0f,0f,1f],start_interpolation: 0,interpolation_duration: 0}
$data merge entity $(bone50) {transformation: [-0.8706f,-0.1259f,0.4755f,-0.0728f,0.0244f,0.9545f,0.2973f,0.3295f,-0.4913f,0.2704f,-0.8279f,-0.5383f,0f,0f,0f,1f],start_interpolation: 0,interpolation_duration: 0}
$data merge entity $(bone49) {transformation: [-0.8706f,-0.3468f,0.3489f,-0.0919f,0.0244f,0.6779f,0.7347f,0.4265f,-0.4913f,0.6482f,-0.5818f,-0.4204f,0f,0f,0f,1f],start_interpolation: 0,interpolation_duration: 0}
$data merge entity $(bone48) {transformation: [-0.8706f,-0.3894f,0.3007f,-0.1298f,0.0244f,0.5763f,0.8169f,0.4835f,-0.4913f,0.7186f,-0.4922f,-0.3531f,0f,0f,0f,1f],start_interpolation: 0,interpolation_duration: 0}
$data merge entity $(bone54) {transformation: [-0.9804f,0.1964f,0.014f,-0.254f,-0.0212f,-0.0346f,-0.9992f,0.0649f,-0.1958f,-0.9799f,0.038f,0.2183f,0f,0f,0f,1f],start_interpolation: 0,interpolation_duration: 0}
$data merge entity $(bone53) {transformation: [-0.9804f,0.1964f,0.014f,-0.2136f,-0.0212f,-0.0346f,-0.9992f,0.0606f,-0.1958f,-0.9799f,0.038f,0.0366f,0f,0f,0f,1f],start_interpolation: 0,interpolation_duration: 0}
$data merge entity $(bone52) {transformation: [-0.9804f,0.1964f,0.014f,-0.1813f,-0.0212f,-0.0346f,-0.9992f,0.0526f,-0.1958f,-0.9799f,0.038f,-0.1309f,0f,0f,0f,1f],start_interpolation: 0,interpolation_duration: 0}
$data merge entity $(bone57) {transformation: [-0.7275f,0.686f,0.0104f,-0.5822f,-0.0174f,-0.0032f,-0.9998f,0.0599f,-0.6859f,-0.7276f,0.0143f,0.065f,0f,0f,0f,1f],start_interpolation: 0,interpolation_duration: 0}
$data merge entity $(bone56) {transformation: [-0.7275f,0.686f,0.0104f,-0.4782f,-0.0174f,-0.0032f,-0.9998f,0.0678f,-0.6859f,-0.7276f,0.0143f,-0.1021f,0f,0f,0f,1f],start_interpolation: 0,interpolation_duration: 0}
$data merge entity $(bone55) {transformation: [-0.7275f,0.686f,0.0104f,-0.36f,-0.0174f,-0.0032f,-0.9998f,0.0652f,-0.6859f,-0.7276f,0.0143f,-0.2254f,0f,0f,0f,1f],start_interpolation: 0,interpolation_duration: 0}
$data merge entity $(bone60) {transformation: [-0.8803f,0.4737f,-0.0265f,-0.4518f,0.013f,-0.0318f,-0.9994f,0.0732f,-0.4743f,-0.8801f,0.0218f,0.1774f,0f,0f,0f,1f],start_interpolation: 0,interpolation_duration: 0}
$data merge entity $(bone59) {transformation: [-0.8803f,0.4737f,-0.0265f,-0.3602f,0.013f,-0.0318f,-0.9994f,0.0688f,-0.4743f,-0.8801f,0.0218f,-0.0013f,0f,0f,0f,1f],start_interpolation: 0,interpolation_duration: 0}
$data merge entity $(bone58) {transformation: [-0.8803f,0.4737f,-0.0265f,-0.2646f,0.013f,-0.0318f,-0.9994f,0.0604f,-0.4743f,-0.8801f,0.0218f,-0.176f,0f,0f,0f,1f],start_interpolation: 0,interpolation_duration: 0}
$data merge entity $(bone51) {transformation: [-0.8867f,0.2173f,0.4081f,-0.224f,0.0443f,0.9185f,-0.3928f,0.3215f,-0.4602f,-0.3302f,-0.8241f,-0.2537f,0f,0f,0f,1f],start_interpolation: 0,interpolation_duration: 0}
$data merge entity $(bone47) {transformation: [-0.8867f,-0.1194f,0.4466f,-0.2468f,0.0443f,0.9397f,0.3391f,0.5706f,-0.4602f,0.3205f,-0.8279f,-0.1635f,0f,0f,0f,1f],start_interpolation: 0,interpolation_duration: 0}
$data merge entity $(bone45) {transformation: [-0.8889f,-0.2969f,0.3488f,-0.5358f,0.0605f,0.6788f,0.7319f,1.0556f,-0.4541f,0.6717f,-0.5854f,0.4922f,0f,0f,0f,1f],start_interpolation: 0,interpolation_duration: 0}
$data merge entity $(bone43) {transformation: [-0.8408f,0.5045f,0.1964f,-0.1713f,0.1157f,0.5217f,-0.8452f,1.2978f,-0.5289f,-0.6879f,-0.497f,-0.0343f,0f,0f,0f,1f],start_interpolation: 0,interpolation_duration: 0}