# This file was generated by Animated Java via MC-Build. It is not recommended to edit this file directly.
$data merge entity $(bone5) {transformation: [-0.9947f,-0.1022f,0.0106f,0.385f,-0.0921f,0.933f,0.3479f,1.5041f,-0.0455f,0.3451f,-0.9375f,0.9764f,0f,0f,0f,1f],start_interpolation: 0,interpolation_duration: 0}
$data merge entity $(bone6) {transformation: [0.0171f,-0.2646f,-0.9642f,0.4943f,-0.4406f,0.8637f,-0.2449f,1.2746f,0.8975f,0.429f,-0.1018f,0.9011f,0f,0f,0f,1f],start_interpolation: 0,interpolation_duration: 0}
$data merge entity $(bone8) {transformation: [-0.2592f,-0.0608f,0.9639f,0.6374f,-0.0821f,0.9958f,0.0407f,0.5882f,-0.9623f,-0.0686f,-0.2631f,0.7535f,0f,0f,0f,1f],start_interpolation: 0,interpolation_duration: 0}
$data merge entity $(bone9) {transformation: [-0.2592f,-0.0608f,0.9639f,0.7988f,-0.0821f,0.9958f,0.0407f,0.7611f,-0.9623f,-0.0686f,-0.2631f,0.6877f,0f,0f,0f,1f],start_interpolation: 0,interpolation_duration: 0}
$data merge entity $(bone10) {transformation: [-0.2289f,-0.1359f,0.9639f,0.6193f,-0.3777f,0.925f,0.0407f,0.579f,-0.8972f,-0.3548f,-0.2631f,0.7297f,0f,0f,0f,1f],start_interpolation: 0,interpolation_duration: 0}
$data merge entity $(bone12) {transformation: [-0.1937f,-0.5128f,0.8364f,0.7609f,-0.8842f,0.4605f,0.0776f,0.0706f,-0.4249f,-0.7245f,-0.5426f,0.9403f,0f,0f,0f,1f],start_interpolation: 0,interpolation_duration: 0}
$data merge entity $(bone15) {transformation: [0.9845f,-0.1047f,0.1408f,0.3821f,-0.1575f,-0.174f,0.9721f,0.0227f,-0.0773f,-0.9792f,-0.1878f,0.9943f,0f,0f,0f,1f],start_interpolation: 0,interpolation_duration: 0}
$data merge entity $(bone14) {transformation: [0.9403f,-0.1047f,-0.3239f,0.503f,0.3033f,-0.174f,0.9369f,0.0629f,-0.1545f,-0.9792f,-0.1318f,0.973f,0f,0f,0f,1f],start_interpolation: 0,interpolation_duration: 0}
$data merge entity $(bone13) {transformation: [0.7728f,-0.1047f,-0.6259f,0.6038f,0.6055f,-0.174f,0.7766f,0.1395f,-0.1902f,-0.9792f,-0.071f,0.9453f,0f,0f,0f,1f],start_interpolation: 0,interpolation_duration: 0}
$data merge entity $(bone18) {transformation: [-0.051f,-0.9979f,-0.0393f,0.7408f,0.9979f,-0.0525f,0.0375f,-0.1239f,-0.0395f,-0.0373f,0.9985f,1.356f,0f,0f,0f,1f],start_interpolation: 0,interpolation_duration: 0}
$data merge entity $(bone17) {transformation: [-0.0138f,-0.9979f,-0.0629f,0.7381f,0.7403f,-0.0525f,0.6702f,0.022f,-0.6721f,-0.0373f,0.7395f,1.2236f,0f,0f,0f,1f],start_interpolation: 0,interpolation_duration: 0}
$data merge entity $(bone16) {transformation: [0.0236f,-0.9979f,-0.0599f,0.7374f,0.2399f,-0.0525f,0.9694f,0.0553f,-0.9705f,-0.0373f,0.2381f,1.0807f,0f,0f,0f,1f],start_interpolation: 0,interpolation_duration: 0}
$data merge entity $(bone27) {transformation: [-0.8559f,-0.513f,-0.0648f,1.1834f,-0.0243f,-0.0853f,0.9961f,0.0373f,-0.5165f,0.8541f,0.0605f,1.1291f,0f,0f,0f,1f],start_interpolation: 0,interpolation_duration: 0}
$data merge entity $(bone26) {transformation: [-0.844f,-0.5335f,-0.0548f,1.0492f,-0.0202f,-0.0704f,0.9973f,0.0349f,-0.5359f,0.8429f,0.0486f,1.0516f,0f,0f,0f,1f],start_interpolation: 0,interpolation_duration: 0}
$data merge entity $(bone25) {transformation: [-0.8294f,-0.5335f,0.1656f,0.8965f,0.2386f,-0.0704f,0.9686f,0.0761f,-0.5051f,0.8429f,0.1857f,0.9636f,0f,0f,0f,1f],start_interpolation: 0,interpolation_duration: 0}
$data merge entity $(bone30) {transformation: [-0.1593f,-0.8711f,0.4646f,0.9953f,0.969f,-0.048f,0.2423f,-0.12f,-0.1887f,0.4888f,0.8518f,1.3188f,0f,0f,0f,1f],start_interpolation: 0,interpolation_duration: 0}
$data merge entity $(bone29) {transformation: [-0.373f,-0.8711f,0.3194f,0.9255f,0.712f,-0.048f,0.7005f,0.0205f,-0.5949f,0.4888f,0.6381f,1.1995f,0f,0f,0f,1f],start_interpolation: 0,interpolation_duration: 0}
$data merge entity $(bone28) {transformation: [-0.4872f,-0.8711f,0.0622f,0.8231f,0.2105f,-0.048f,0.9764f,0.0612f,-0.8476f,0.4888f,0.2067f,1.0297f,0f,0f,0f,1f],start_interpolation: 0,interpolation_duration: 0}
$data merge entity $(bone7) {transformation: [0.9639f,-0.0721f,0.2563f,0.6017f,0.0407f,0.9913f,0.1254f,0.9236f,-0.2631f,-0.1105f,0.9584f,0.7122f,0f,0f,0f,1f],start_interpolation: 0,interpolation_duration: 0}
$data merge entity $(bone4) {transformation: [-0.9642f,-0.265f,0.0106f,0.3501f,-0.2449f,0.905f,0.3479f,1.61f,-0.1018f,0.3328f,-0.9375f,0.9877f,0f,0f,0f,1f],start_interpolation: 0,interpolation_duration: 0}
$data merge entity $(bone62) {transformation: [-0.9105f,0.3692f,0.1865f,-0.4164f,0.4091f,0.7374f,0.5375f,1.5277f,0.0609f,0.5657f,-0.8224f,0.9504f,0f,0f,0f,1f],start_interpolation: 0,interpolation_duration: 0}
$data merge entity $(bone63) {transformation: [0.2392f,0.4921f,0.837f,-0.5873f,0.6035f,0.6f,-0.5252f,1.3725f,-0.7606f,0.6308f,-0.1535f,0.82f,0f,0f,0f,1f],start_interpolation: 0,interpolation_duration: 0}
$data merge entity $(bone65) {transformation: [-0.0344f,0.1446f,-0.9889f,-0.8454f,0.1708f,0.9758f,0.1367f,0.8062f,0.9847f,-0.1642f,-0.0583f,0.6258f,0f,0f,0f,1f],start_interpolation: 0,interpolation_duration: 0}
$data merge entity $(bone66) {transformation: [-0.0344f,0.1446f,-0.9889f,-0.9989f,0.1708f,0.9758f,0.1367f,0.9924f,0.9847f,-0.1642f,-0.0583f,0.5807f,0f,0f,0f,1f],start_interpolation: 0,interpolation_duration: 0}
$data merge entity $(bone67) {transformation: [0.0106f,0.1482f,-0.9889f,-0.8339f,0.4563f,0.8792f,0.1367f,0.7935f,0.8897f,-0.4527f,-0.0583f,0.5996f,0f,0f,0f,1f],start_interpolation: 0,interpolation_duration: 0}
$data merge entity $(bone69) {transformation: [-0.2551f,0.0849f,-0.9632f,-0.9147f,0.3382f,0.941f,-0.0066f,0.2265f,0.9058f,-0.3275f,-0.2688f,0.767f,0f,0f,0f,1f],start_interpolation: 0,interpolation_duration: 0}
$data merge entity $(bone72) {transformation: [0.9253f,0.2533f,0.2822f,-0.6302f,-0.3443f,0.249f,0.9052f,0.1415f,0.159f,-0.9348f,0.3176f,0.7905f,0f,0f,0f,1f],start_interpolation: 0,interpolation_duration: 0}
$data merge entity $(bone71) {transformation: [0.7469f,0.2533f,0.6148f,-0.7255f,-0.6644f,0.249f,0.7046f,0.2285f,0.0254f,-0.9348f,0.3543f,0.7866f,0f,0f,0f,1f],start_interpolation: 0,interpolation_duration: 0}
$data merge entity $(bone70) {transformation: [0.4916f,0.2533f,0.8332f,-0.7898f,-0.8654f,0.249f,0.4349f,0.3407f,-0.0973f,-0.9348f,0.3416f,0.7956f,0f,0f,0f,1f],start_interpolation: 0,interpolation_duration: 0}
$data merge entity $(bone81) {transformation: [0.152f,0.9878f,0.0337f,-0.7977f,-0.4137f,0.0326f,0.9098f,-0.0602f,0.8976f,-0.1522f,0.4137f,1.1206f,0f,0f,0f,1f],start_interpolation: 0,interpolation_duration: 0}
$data merge entity $(bone80) {transformation: [0.1234f,0.9878f,0.0948f,-0.822f,-0.7599f,0.0326f,0.6492f,0.0896f,0.6382f,-0.1522f,0.7547f,0.9948f,0f,0f,0f,1f],start_interpolation: 0,interpolation_duration: 0}
$data merge entity $(bone73) {transformation: [0.1516f,0.9878f,0.0352f,-0.84f,-0.423f,0.0326f,0.9055f,0.1502f,0.8933f,-0.1522f,0.4228f,0.8624f,0f,0f,0f,1f],start_interpolation: 0,interpolation_duration: 0}
$data merge entity $(bone84) {transformation: [-0.7166f,0.6912f,0.0928f,-1.2538f,0.1027f,-0.0271f,0.9943f,0.0284f,0.6898f,0.7221f,-0.0516f,1.0129f,0f,0f,0f,1f],start_interpolation: 0,interpolation_duration: 0}
$data merge entity $(bone83) {transformation: [-0.6814f,0.7084f,-0.1839f,-1.1439f,-0.266f,-0.0056f,0.9639f,0.0706f,0.6819f,0.7058f,0.1923f,0.9121f,0f,0f,0f,1f],start_interpolation: 0,interpolation_duration: 0}
$data merge entity $(bone82) {transformation: [-0.6106f,0.7084f,-0.354f,-1.0298f,-0.5065f,-0.0056f,0.8622f,0.1608f,0.6089f,0.7058f,0.3622f,0.8044f,0f,0f,0f,1f],start_interpolation: 0,interpolation_duration: 0}
$data merge entity $(bone103) {transformation: [-0.2953f,0.9501f,-0.1001f,-1.0366f,-0.2673f,0.0185f,0.9634f,-0.0665f,0.9172f,0.3113f,0.2485f,1.1549f,0f,0f,0f,1f],start_interpolation: 0,interpolation_duration: 0}
$data merge entity $(bone102) {transformation: [-0.2228f,0.9501f,-0.2183f,-0.9968f,-0.6584f,0.0185f,0.7524f,0.0632f,0.7189f,0.3113f,0.6215f,1.012f,0f,0f,0f,1f],start_interpolation: 0,interpolation_duration: 0}
$data merge entity $(bone85) {transformation: [-0.2761f,0.9501f,-0.145f,-0.9366f,-0.4144f,0.0185f,0.9099f,0.1456f,0.8672f,0.3113f,0.3887f,0.8372f,0f,0f,0f,1f],start_interpolation: 0,interpolation_duration: 0}
$data merge entity $(bone64) {transformation: [0.9889f,0.1459f,-0.0281f,-0.7858f,-0.1367f,0.9674f,0.2132f,1.132f,0.0583f,-0.207f,0.9766f,0.5495f,0f,0f,0f,1f],start_interpolation: 0,interpolation_duration: 0}
$data merge entity $(bone61) {transformation: [-0.837f,0.5144f,0.1865f,-0.3501f,0.5252f,0.6598f,0.5375f,1.61f,0.1535f,0.5479f,-0.8224f,0.9877f,0f,0f,0f,1f],start_interpolation: 0,interpolation_duration: 0}
$data merge entity $(bone23) {transformation: [-0.7934f,-0.6088f,0f,0.1071f,-0.0796f,0.1038f,0.9914f,1.5327f,-0.6035f,0.7865f,-0.1308f,1.011f,0f,0f,0f,1f],start_interpolation: 0,interpolation_duration: 0}
$data merge entity $(bone22) {transformation: [-0.7934f,0.6088f,0f,-0.1071f,0.0796f,0.1038f,0.9914f,1.5327f,0.6035f,0.7865f,-0.1308f,1.011f,0f,0f,0f,1f],start_interpolation: 0,interpolation_duration: 0}
$data merge entity $(bone89) {transformation: [-1f,0.0072f,0.0007f,0.002f,0.0053f,0.6633f,0.7484f,2.2269f,0.0049f,0.7483f,-0.6633f,1.4986f,0f,0f,0f,1f],start_interpolation: 0,interpolation_duration: 0}
$data merge entity $(bone90) {transformation: [-1f,0.0069f,0.0019f,0.0013f,0.0053f,0.5233f,0.8522f,2.1673f,0.0049f,0.8522f,-0.5233f,1.4183f,0f,0f,0f,1f],start_interpolation: 0,interpolation_duration: 0}
$data merge entity $(bone88) {transformation: [-1f,0.0071f,0.0013f,0.0312f,0.0053f,0.5955f,0.8033f,2.0309f,0.0049f,0.8033f,-0.5956f,1.2974f,0f,0f,0f,1f],start_interpolation: 0,interpolation_duration: 0}
$data merge entity $(bone42) {transformation: [-1f,0f,0f,0f,0f,0.7357f,0.6773f,1.7221f,0f,0.6773f,-0.7357f,1.6921f,0f,0f,0f,1f],start_interpolation: 0,interpolation_duration: 0}
$data merge entity $(bone87) {transformation: [-0.9998f,0.0157f,-0.0096f,-0.0044f,0.0024f,0.6239f,0.7815f,1.2523f,0.0183f,0.7813f,-0.6239f,2.232f,0f,0f,0f,1f],start_interpolation: 0,interpolation_duration: 0}
$data merge entity $(bone86) {transformation: [-1f,0f,0f,0f,0f,0.7075f,0.7067f,1.4101f,0f,0.7067f,-0.7075f,2.0671f,0f,0f,0f,1f],start_interpolation: 0,interpolation_duration: 0}
$data merge entity $(bone92) {transformation: [-0.8818f,0.2593f,-0.3939f,0.1194f,-0.0807f,0.74f,0.6677f,1.7937f,0.4647f,0.6206f,-0.6317f,1.7343f,0f,0f,0f,1f],start_interpolation: 0,interpolation_duration: 0}
$data merge entity $(bone3) {transformation: [-0.8818f,-0.2593f,0.3939f,-0.1194f,0.0807f,0.74f,0.6677f,1.7937f,-0.4647f,0.6206f,-0.6317f,1.7343f,0f,0f,0f,1f],start_interpolation: 0,interpolation_duration: 0}
$data merge entity $(head) {transformation: [-1f,0f,0f,0f,0f,0.7435f,0.6687f,1.7235f,0f,0.6687f,-0.7435f,1.5084f,0f,0f,0f,1f],start_interpolation: 0,interpolation_duration: 0}
$data merge entity $(neck) {transformation: [-1f,0f,0f,0f,0f,0.5451f,0.8384f,1.6315f,0f,0.8384f,-0.5451f,1.3669f,0f,0f,0f,1f],start_interpolation: 0,interpolation_duration: 0}
$data merge entity $(bone2) {transformation: [-1f,0f,0f,0f,0f,0.1308f,0.9914f,1.5693f,0f,0.9914f,-0.1308f,1.0551f,0f,0f,0f,1f],start_interpolation: 0,interpolation_duration: 0}
$data merge entity $(bone136) {transformation: [-1f,0f,0f,0f,0f,0.1825f,1.1023f,1.551f,0f,0.9832f,-0.2046f,0.8592f,0f,0f,0f,1f],start_interpolation: 0,interpolation_duration: 0}
$data merge entity $(bone118) {transformation: [-0.07f,-0.849f,-0.5238f,0.2566f,0.9925f,-0.1118f,0.0485f,1.713f,-0.0998f,-0.5165f,0.8505f,0.7737f,0f,0f,0f,1f],start_interpolation: 0,interpolation_duration: 0}
$data merge entity $(bone119) {transformation: [-0.1333f,-0.849f,-0.5113f,0.7358f,0.9911f,-0.1118f,-0.0728f,1.7448f,0.0046f,-0.5165f,0.8563f,-0.0324f,0f,0f,0f,1f],start_interpolation: 0,interpolation_duration: 0}
$data merge entity $(bone120) {transformation: [-0.4962f,-0.849f,0.1817f,1.6156f,-0.1675f,-0.1118f,-0.9795f,1.0161f,0.8519f,-0.5165f,-0.0867f,0.6318f,0f,0f,0f,1f],start_interpolation: 0,interpolation_duration: 0}
$data merge entity $(bone121) {transformation: [0f,0f,0f,0.9882f,0f,0f,0f,1.8507f,0f,0f,0f,-0.4585f,0f,0f,0f,1f],start_interpolation: 0,interpolation_duration: 0}
$data merge entity $(bone123) {transformation: [0.0768f,-1.7312f,-1.061f,0.8801f,1.9707f,-0.1924f,0.4565f,1.353f,-0.4894f,-1.0462f,1.6717f,2.441f,0f,0f,0f,1f],start_interpolation: 0,interpolation_duration: 0}
$data merge entity $(bone124) {transformation: [-0.0987f,-0.852f,-0.5141f,0.743f,0.9949f,-0.0947f,-0.034f,2.6943f,-0.0197f,-0.5149f,0.857f,-0.2586f,0f,0f,0f,1f],start_interpolation: 0,interpolation_duration: 0}
$data merge entity $(bone122) {transformation: [-0.3519f,-1.3128f,-0.7259f,0.5667f,1.4672f,-0.1459f,-0.4474f,2.6905f,0.3125f,-0.7933f,1.2834f,0.0322f,0f,0f,0f,1f],start_interpolation: 0,interpolation_duration: 0}
$data merge entity $(bone126) {transformation: [0.29f,-0.852f,-0.4359f,1.1426f,0.7335f,-0.0947f,0.6731f,1.9524f,-0.6147f,-0.5149f,0.5975f,-0.7822f,0f,0f,0f,1f],start_interpolation: 0,interpolation_duration: 0}
$data merge entity $(bone127) {transformation: [0.1673f,-0.852f,-0.4961f,0.8056f,0.8827f,-0.0947f,0.4603f,2.3722f,-0.4392f,-0.5149f,0.7362f,-0.3029f,0f,0f,0f,1f],start_interpolation: 0,interpolation_duration: 0}
$data merge entity $(bone125) {transformation: [0.0466f,-1.1944f,-0.7324f,0.6412f,1.3623f,-0.1327f,0.3031f,2.5427f,-0.3276f,-0.7218f,1.1563f,-0.0548f,0f,0f,0f,1f],start_interpolation: 0,interpolation_duration: 0}
$data merge entity $(bone129) {transformation: [1.0404f,-1.5889f,-0.1715f,0.4851f,0.016f,-0.1766f,2.0049f,3.9018f,-1.7244f,-0.9602f,-0.0848f,2.6258f,0f,0f,0f,1f],start_interpolation: 0,interpolation_duration: 0}
$data merge entity $(bone130) {transformation: [0.5396f,-0.852f,-0.1687f,0.8417f,0.1581f,-0.0947f,1.0635f,1.5384f,-0.922f,-0.5149f,0.0836f,-0.2093f,0f,0f,0f,1f],start_interpolation: 0,interpolation_duration: 0}
$data merge entity $(bone131) {transformation: [0.4667f,-0.852f,-0.3191f,0.7064f,0.4622f,-0.0947f,0.9708f,2.1241f,-0.8573f,-0.5149f,0.3496f,-0.0932f,0f,0f,0f,1f],start_interpolation: 0,interpolation_duration: 0}
$data merge entity $(bone128) {transformation: [0.3882f,-0.8982f,-0.4523f,0.604f,0.7355f,-0.0998f,0.8624f,2.4323f,-0.7776f,-0.5428f,0.5899f,0.0091f,0f,0f,0f,1f],start_interpolation: 0,interpolation_duration: 0}
$data merge entity $(bone132) {transformation: [-0.1992f,-0.852f,-0.4842f,0.483f,0.9682f,-0.0947f,-0.2317f,2.575f,0.1516f,-0.5149f,0.8437f,0.2058f,0f,0f,0f,1f],start_interpolation: 0,interpolation_duration: 0}
$data merge entity $(bone133) {transformation: [-0.3483f,-1.4464f,-0.7151f,0.5487f,1.693f,-0.1607f,-0.3422f,2.589f,0.265f,-0.8741f,1.2462f,0.1062f,0f,0f,0f,1f],start_interpolation: 0,interpolation_duration: 0}
$data merge entity $(w5) {transformation: [-0.1992f,-0.852f,-0.4842f,0.5558f,0.9682f,-0.0947f,-0.2317f,2.5224f,0.1516f,-0.5149f,0.8437f,0.1197f,0f,0f,0f,1f],start_interpolation: 0,interpolation_duration: 0}
$data merge entity $(w2) {transformation: [-0.5107f,-0.849f,-0.1358f,0.7094f,0.4247f,-0.1118f,-0.8984f,1.7609f,0.7476f,-0.5165f,0.4176f,-0.0158f,0f,0f,0f,1f],start_interpolation: 0,interpolation_duration: 0}
$data merge entity $(wing3) {transformation: [-0.07f,-0.849f,-0.5238f,0.2175f,0.9925f,-0.1118f,0.0485f,1.8167f,-0.0998f,-0.5165f,0.8505f,0.7807f,0f,0f,0f,1f],start_interpolation: 0,interpolation_duration: 0}
$data merge entity $(bone104) {transformation: [-0.07f,0.849f,0.5238f,-0.2566f,-0.9925f,-0.1118f,0.0485f,1.713f,0.0998f,-0.5165f,0.8505f,0.7737f,0f,0f,0f,1f],start_interpolation: 0,interpolation_duration: 0}
$data merge entity $(bone105) {transformation: [-0.1333f,0.849f,0.5113f,-0.7358f,-0.9911f,-0.1118f,-0.0728f,1.7448f,-0.0046f,-0.5165f,0.8563f,-0.0324f,0f,0f,0f,1f],start_interpolation: 0,interpolation_duration: 0}
$data merge entity $(bone106) {transformation: [-0.4962f,0.849f,-0.1817f,-1.6156f,0.1675f,-0.1118f,-0.9795f,1.0161f,-0.8519f,-0.5165f,-0.0867f,0.6318f,0f,0f,0f,1f],start_interpolation: 0,interpolation_duration: 0}
$data merge entity $(bone107) {transformation: [0f,0f,0f,-0.9882f,0f,0f,0f,1.8507f,0f,0f,0f,-0.4585f,0f,0f,0f,1f],start_interpolation: 0,interpolation_duration: 0}
$data merge entity $(bone109) {transformation: [0.089f,1.7312f,0.9987f,-0.9154f,-1.8051f,-0.1924f,0.395f,1.459f,0.4792f,-1.0462f,1.5799f,2.363f,0f,0f,0f,1f],start_interpolation: 0,interpolation_duration: 0}
$data merge entity $(bone110) {transformation: [-0.0849f,0.852f,0.4861f,-0.7334f,-0.9084f,-0.0947f,-0.0422f,2.6977f,0.0265f,-0.5149f,0.8121f,-0.2432f,0f,0f,0f,1f],start_interpolation: 0,interpolation_duration: 0}
$data merge entity $(bone108) {transformation: [-0.3202f,1.3128f,0.6896f,-0.5667f,-1.3351f,-0.1459f,-0.425f,2.6905f,-0.2843f,-0.7933f,1.2192f,0.0322f,0f,0f,0f,1f],start_interpolation: 0,interpolation_duration: 0}
$data merge entity $(bone112) {transformation: [0.29f,0.852f,0.4359f,-1.1426f,-0.7335f,-0.0947f,0.6731f,1.9524f,0.6147f,-0.5149f,0.5975f,-0.7822f,0f,0f,0f,1f],start_interpolation: 0,interpolation_duration: 0}
$data merge entity $(bone113) {transformation: [0.1673f,0.852f,0.4961f,-0.8056f,-0.8827f,-0.0947f,0.4603f,2.3722f,0.4392f,-0.5149f,0.7362f,-0.3029f,0f,0f,0f,1f],start_interpolation: 0,interpolation_duration: 0}
$data merge entity $(bone111) {transformation: [0.0466f,1.1944f,0.7324f,-0.6412f,-1.3623f,-0.1327f,0.3031f,2.5427f,0.3276f,-0.7218f,1.1563f,-0.0548f,0f,0f,0f,1f],start_interpolation: 0,interpolation_duration: 0}
$data merge entity $(bone115) {transformation: [1.0404f,1.5889f,0.1715f,-0.4851f,-0.016f,-0.1766f,2.0049f,3.9018f,1.7244f,-0.9602f,-0.0848f,2.6258f,0f,0f,0f,1f],start_interpolation: 0,interpolation_duration: 0}
$data merge entity $(bone116) {transformation: [0.5396f,0.852f,0.1687f,-0.8417f,-0.1581f,-0.0947f,1.0635f,1.5384f,0.922f,-0.5149f,0.0836f,-0.2093f,0f,0f,0f,1f],start_interpolation: 0,interpolation_duration: 0}
$data merge entity $(bone117) {transformation: [0.4667f,0.852f,0.3191f,-0.7064f,-0.4622f,-0.0947f,0.9708f,2.1241f,0.8573f,-0.5149f,0.3496f,-0.0932f,0f,0f,0f,1f],start_interpolation: 0,interpolation_duration: 0}
$data merge entity $(bone114) {transformation: [0.3882f,0.8982f,0.4523f,-0.604f,-0.7355f,-0.0998f,0.8624f,2.4323f,0.7776f,-0.5428f,0.5899f,0.0091f,0f,0f,0f,1f],start_interpolation: 0,interpolation_duration: 0}
$data merge entity $(bone134) {transformation: [-0.1992f,0.852f,0.4842f,-0.483f,-0.9682f,-0.0947f,-0.2317f,2.575f,-0.1516f,-0.5149f,0.8437f,0.2058f,0f,0f,0f,1f],start_interpolation: 0,interpolation_duration: 0}
$data merge entity $(bone135) {transformation: [-0.3483f,1.4464f,0.7151f,-0.5487f,-1.693f,-0.1607f,-0.3422f,2.589f,-0.265f,-0.8741f,1.2462f,0.1062f,0f,0f,0f,1f],start_interpolation: 0,interpolation_duration: 0}
$data merge entity $(w4) {transformation: [-0.1992f,0.852f,0.4842f,-0.5558f,-0.9682f,-0.0947f,-0.2317f,2.5224f,-0.1516f,-0.5149f,0.8437f,0.1197f,0f,0f,0f,1f],start_interpolation: 0,interpolation_duration: 0}
$data merge entity $(w3) {transformation: [-0.5107f,0.849f,0.1358f,-0.7094f,-0.4247f,-0.1118f,-0.8984f,1.7609f,-0.7476f,-0.5165f,0.4176f,-0.0158f,0f,0f,0f,1f],start_interpolation: 0,interpolation_duration: 0}
$data merge entity $(wing2) {transformation: [-0.07f,0.849f,0.5238f,-0.2175f,-0.9925f,-0.1118f,0.0485f,1.8167f,0.0998f,-0.5165f,0.8505f,0.7807f,0f,0f,0f,1f],start_interpolation: 0,interpolation_duration: 0}
$data merge entity $(bone20) {transformation: [-1f,0f,0f,-0.1563f,0f,-0.1734f,0.9849f,1.5699f,0f,0.9849f,0.1734f,0.3246f,0f,0f,0f,1f],start_interpolation: 0,interpolation_duration: 0}
$data merge entity $(bone101) {transformation: [-1f,0f,0f,0f,0f,-0.4942f,0.8694f,1.1551f,0f,0.8694f,0.4942f,-2.6935f,0f,0f,0f,1f],start_interpolation: 0,interpolation_duration: 0}
$data merge entity $(bone100) {transformation: [-1f,0f,0f,0f,0f,0.1626f,0.9867f,0.709f,0f,0.9867f,-0.1626f,-2.6136f,0f,0f,0f,1f],start_interpolation: 0,interpolation_duration: 0}
$data merge entity $(bone99) {transformation: [-1f,0f,0f,0f,0f,0.5365f,0.8439f,0.2818f,0f,0.8439f,-0.5365f,-2.342f,0f,0f,0f,1f],start_interpolation: 0,interpolation_duration: 0}
$data merge entity $(bone98) {transformation: [-1f,0f,0f,0f,0f,0.8893f,0.4573f,0.056f,0f,0.4573f,-0.8893f,-1.9029f,0f,0f,0f,1f],start_interpolation: 0,interpolation_duration: 0}
$data merge entity $(bone97) {transformation: [-1f,0f,0f,0f,0f,0.9867f,-0.1627f,0.1394f,0f,-0.1627f,-0.9867f,-1.3973f,0f,0f,0f,1f],start_interpolation: 0,interpolation_duration: 0}
$data merge entity $(bone96) {transformation: [-1f,0f,0f,0f,0f,0.8493f,-0.5279f,0.4033f,0f,-0.5279f,-0.8493f,-0.9726f,0f,0f,0f,1f],start_interpolation: 0,interpolation_duration: 0}
$data merge entity $(bone95) {transformation: [-1f,0f,0f,0f,0f,0.6513f,-0.7588f,0.778f,0f,-0.7588f,-0.6513f,-0.651f,0f,0f,0f,1f],start_interpolation: 0,interpolation_duration: 0}
$data merge entity $(bone94) {transformation: [-1f,0f,0f,0f,0f,0.5827f,-0.8127f,1.1793f,0f,-0.8127f,-0.5827f,-0.3634f,0f,0f,0f,1f],start_interpolation: 0,interpolation_duration: 0}
$data merge entity $(bone93) {transformation: [-1f,0f,0f,0f,0f,0.7149f,-0.6992f,1.4437f,0f,-0.6992f,-0.7149f,-0.093f,0f,0f,0f,1f],start_interpolation: 0,interpolation_duration: 0}
$data merge entity $(bone) {transformation: [-1f,0f,0f,0f,0f,0.5373f,0.8434f,1.3514f,0f,0.8434f,-0.5373f,-0.0343f,0f,0f,0f,1f],start_interpolation: 0,interpolation_duration: 0}
$data merge entity $(bone24) {transformation: [-0.9665f,-0.2565f,-0.0002f,0.1031f,-0.2563f,0.9658f,0.0398f,1.2927f,-0.01f,0.0385f,-0.9992f,-0.0355f,0f,0f,0f,1f],start_interpolation: 0,interpolation_duration: 0}
$data merge entity $(bone32) {transformation: [-0.9973f,-0.055f,-0.0492f,0.2293f,-0.069f,0.4593f,0.8856f,0.6215f,-0.0261f,0.8866f,-0.4618f,-0.3046f,0f,0f,0f,1f],start_interpolation: 0,interpolation_duration: 0}
$data merge entity $(bone36) {transformation: [-0.9989f,-0.016f,-0.0431f,0.3369f,-0.0175f,0.9993f,0.0339f,0.297f,0.0425f,0.0346f,-0.9985f,-1.014f,0f,0f,0f,1f],start_interpolation: 0,interpolation_duration: 0}
$data merge entity $(bone35) {transformation: [-0.9989f,0.0077f,-0.0453f,0.2994f,-0.0175f,0.8484f,0.529f,0.4205f,0.0425f,0.5292f,-0.8474f,-0.9302f,0f,0f,0f,1f],start_interpolation: 0,interpolation_duration: 0}
$data merge entity $(bone34) {transformation: [-0.9989f,0.0135f,-0.0439f,0.3019f,-0.0175f,0.7721f,0.6352f,0.4959f,0.0425f,0.6353f,-0.7711f,-0.8709f,0f,0f,0f,1f],start_interpolation: 0,interpolation_duration: 0}
$data merge entity $(bone77) {transformation: [-0.9332f,0.3562f,-0.0483f,0.1063f,0.0218f,-0.078f,-0.9967f,0.0724f,-0.3588f,-0.9311f,0.065f,-0.3566f,0f,0f,0f,1f],start_interpolation: 0,interpolation_duration: 0}
$data merge entity $(bone75) {transformation: [-0.9332f,0.3562f,-0.0483f,0.1689f,0.0218f,-0.078f,-0.9967f,0.0599f,-0.3588f,-0.9311f,0.065f,-0.5315f,0f,0f,0f,1f],start_interpolation: 0,interpolation_duration: 0}
$data merge entity $(bone39) {transformation: [-0.9332f,0.3562f,-0.0483f,0.2309f,0.0218f,-0.078f,-0.9967f,0.0445f,-0.3588f,-0.9311f,0.065f,-0.6899f,0f,0f,0f,1f],start_interpolation: 0,interpolation_duration: 0}
$data merge entity $(bone76) {transformation: [-0.9597f,-0.2804f,-0.0159f,0.4993f,0.0257f,-0.0311f,-0.9992f,0.0522f,0.2797f,-0.9594f,0.0371f,-0.3326f,0f,0f,0f,1f],start_interpolation: 0,interpolation_duration: 0}
$data merge entity $(bone74) {transformation: [-0.9597f,-0.2804f,-0.0159f,0.4826f,0.0257f,-0.0311f,-0.9992f,0.0543f,0.2797f,-0.9594f,0.0371f,-0.5289f,0f,0f,0f,1f],start_interpolation: 0,interpolation_duration: 0}
$data merge entity $(bone40) {transformation: [-0.9597f,-0.2804f,-0.0159f,0.4334f,0.0257f,-0.0311f,-0.9992f,0.047f,0.2797f,-0.9594f,0.0371f,-0.6923f,0f,0f,0f,1f],start_interpolation: 0,interpolation_duration: 0}
$data merge entity $(bone79) {transformation: [-0.9998f,0.0202f,-0.0083f,0.3151f,0.0077f,-0.0314f,-0.9995f,0.0603f,-0.0205f,-0.9993f,0.0312f,-0.2921f,0f,0f,0f,1f],start_interpolation: 0,interpolation_duration: 0}
$data merge entity $(bone78) {transformation: [-0.9998f,0.0202f,-0.0083f,0.3232f,0.0077f,-0.0314f,-0.9995f,0.0559f,-0.0205f,-0.9993f,0.0312f,-0.4927f,0f,0f,0f,1f],start_interpolation: 0,interpolation_duration: 0}
$data merge entity $(bone41) {transformation: [-0.9998f,0.0202f,-0.0083f,0.3259f,0.0077f,-0.0314f,-0.9995f,0.0476f,-0.0205f,-0.9993f,0.0312f,-0.6918f,0f,0f,0f,1f],start_interpolation: 0,interpolation_duration: 0}
$data merge entity $(bone38) {transformation: [-1f,0.004f,-0.0064f,0.3384f,0.0061f,0.9237f,-0.383f,0.3093f,0.0044f,-0.3831f,-0.9237f,-0.7767f,0f,0f,0f,1f],start_interpolation: 0,interpolation_duration: 0}
$data merge entity $(bone33) {transformation: [-0.9996f,-0.0229f,-0.0191f,0.322f,-0.0296f,0.8479f,0.5293f,0.5341f,0.0041f,0.5296f,-0.8482f,-0.6356f,0f,0f,0f,1f],start_interpolation: 0,interpolation_duration: 0}
$data merge entity $(bone31) {transformation: [-0.9973f,-0.0461f,-0.0576f,0.2786f,-0.069f,0.3068f,0.9493f,0.6727f,-0.0261f,0.9506f,-0.3092f,0.2174f,0f,0f,0f,1f],start_interpolation: 0,interpolation_duration: 0}
$data merge entity $(bone19) {transformation: [-0.9852f,-0.1669f,0.0383f,0.1713f,-0.1711f,0.9682f,-0.1826f,1.3003f,-0.0066f,-0.1865f,-0.9824f,-0.0343f,0f,0f,0f,1f],start_interpolation: 0,interpolation_duration: 0}
$data merge entity $(bone44) {transformation: [-0.7987f,0.5181f,0.3062f,-0.1115f,0.1763f,0.6879f,-0.704f,1.2946f,-0.5754f,-0.5083f,-0.6408f,-0.001f,0f,0f,0f,1f],start_interpolation: 0,interpolation_duration: 0}
$data merge entity $(bone46) {transformation: [-0.8888f,-0.2355f,0.393f,-0.2848f,0.0602f,0.7903f,0.6098f,0.7907f,-0.4542f,0.5657f,-0.6882f,0.1116f,0f,0f,0f,1f],start_interpolation: 0,interpolation_duration: 0}
$data merge entity $(bone50) {transformation: [-0.8706f,-0.1256f,0.4757f,-0.0724f,0.0241f,0.9549f,0.2961f,0.3294f,-0.4915f,0.2692f,-0.8282f,-0.5386f,0f,0f,0f,1f],start_interpolation: 0,interpolation_duration: 0}
$data merge entity $(bone49) {transformation: [-0.8706f,-0.3466f,0.3492f,-0.0915f,0.0241f,0.6789f,0.7339f,0.4266f,-0.4915f,0.6473f,-0.5827f,-0.4209f,0f,0f,0f,1f],start_interpolation: 0,interpolation_duration: 0}
$data merge entity $(bone48) {transformation: [-0.8706f,-0.3892f,0.301f,-0.1294f,0.0241f,0.5773f,0.8162f,0.4837f,-0.4915f,0.7178f,-0.4932f,-0.3536f,0f,0f,0f,1f],start_interpolation: 0,interpolation_duration: 0}
$data merge entity $(bone54) {transformation: [-0.9804f,0.1965f,0.0154f,-0.2538f,-0.0223f,-0.0331f,-0.9992f,0.0648f,-0.1958f,-0.98f,0.0368f,0.2183f,0f,0f,0f,1f],start_interpolation: 0,interpolation_duration: 0}
$data merge entity $(bone53) {transformation: [-0.9804f,0.1965f,0.0154f,-0.2134f,-0.0223f,-0.0331f,-0.9992f,0.0608f,-0.1958f,-0.98f,0.0368f,0.0366f,0f,0f,0f,1f],start_interpolation: 0,interpolation_duration: 0}
$data merge entity $(bone52) {transformation: [-0.9804f,0.1965f,0.0154f,-0.1811f,-0.0223f,-0.0331f,-0.9992f,0.053f,-0.1958f,-0.98f,0.0368f,-0.1309f,0f,0f,0f,1f],start_interpolation: 0,interpolation_duration: 0}
$data merge entity $(bone57) {transformation: [-0.7274f,0.6861f,0.0114f,-0.5819f,-0.018f,-0.0025f,-0.9998f,0.0601f,-0.686f,-0.7275f,0.0142f,0.065f,0f,0f,0f,1f],start_interpolation: 0,interpolation_duration: 0}
$data merge entity $(bone56) {transformation: [-0.7274f,0.6861f,0.0114f,-0.4779f,-0.018f,-0.0025f,-0.9998f,0.0681f,-0.686f,-0.7275f,0.0142f,-0.1022f,0f,0f,0f,1f],start_interpolation: 0,interpolation_duration: 0}
$data merge entity $(bone55) {transformation: [-0.7274f,0.6861f,0.0114f,-0.3597f,-0.018f,-0.0025f,-0.9998f,0.0656f,-0.686f,-0.7275f,0.0142f,-0.2255f,0f,0f,0f,1f],start_interpolation: 0,interpolation_duration: 0}
$data merge entity $(bone60) {transformation: [-0.8802f,0.4739f,-0.0258f,-0.4516f,0.0127f,-0.0307f,-0.9994f,0.0732f,-0.4744f,-0.8801f,0.021f,0.1773f,0f,0f,0f,1f],start_interpolation: 0,interpolation_duration: 0}
$data merge entity $(bone59) {transformation: [-0.8802f,0.4739f,-0.0258f,-0.3599f,0.0127f,-0.0307f,-0.9994f,0.0691f,-0.4744f,-0.8801f,0.021f,-0.0013f,0f,0f,0f,1f],start_interpolation: 0,interpolation_duration: 0}
$data merge entity $(bone58) {transformation: [-0.8802f,0.4739f,-0.0258f,-0.2644f,0.0127f,-0.0307f,-0.9994f,0.0609f,-0.4744f,-0.8801f,0.021f,-0.176f,0f,0f,0f,1f],start_interpolation: 0,interpolation_duration: 0}
$data merge entity $(bone51) {transformation: [-0.8866f,0.2176f,0.408f,-0.2236f,0.044f,0.9181f,-0.394f,0.3218f,-0.4603f,-0.3314f,-0.8236f,-0.254f,0f,0f,0f,1f],start_interpolation: 0,interpolation_duration: 0}
$data merge entity $(bone47) {transformation: [-0.8866f,-0.1191f,0.4468f,-0.2463f,0.044f,0.9401f,0.338f,0.5711f,-0.4603f,0.3193f,-0.8283f,-0.1641f,0f,0f,0f,1f],start_interpolation: 0,interpolation_duration: 0}
$data merge entity $(bone45) {transformation: [-0.8888f,-0.2972f,0.3488f,-0.5356f,0.0602f,0.6788f,0.7319f,1.0561f,-0.4542f,0.6715f,-0.5854f,0.4914f,0f,0f,0f,1f],start_interpolation: 0,interpolation_duration: 0}
$data merge entity $(bone43) {transformation: [-0.8408f,0.5039f,0.1979f,-0.1713f,0.1157f,0.5243f,-0.8436f,1.3003f,-0.5289f,-0.6864f,-0.4991f,-0.0343f,0f,0f,0f,1f],start_interpolation: 0,interpolation_duration: 0}