# This file was generated by Animated Java via MC-Build. It is not recommended to edit this file directly.
$data merge entity $(bone5) {transformation: [-0.9947f,-0.1022f,0.0109f,0.3849f,-0.0921f,0.934f,0.3452f,1.5072f,-0.0455f,0.3424f,-0.9385f,0.9767f,0f,0f,0f,1f],start_interpolation: 0,interpolation_duration: 0}
$data merge entity $(bone6) {transformation: [0.0168f,-0.2646f,-0.9642f,0.4942f,-0.438f,0.8649f,-0.245f,1.2775f,0.8988f,0.4265f,-0.1014f,0.9021f,0f,0f,0f,1f],start_interpolation: 0,interpolation_duration: 0}
$data merge entity $(bone8) {transformation: [-0.2592f,-0.0594f,0.964f,0.6369f,-0.0804f,0.996f,0.0397f,0.5904f,-0.9625f,-0.0672f,-0.2629f,0.755f,0f,0f,0f,1f],start_interpolation: 0,interpolation_duration: 0}
$data merge entity $(bone9) {transformation: [-0.2592f,-0.0594f,0.964f,0.7985f,-0.0804f,0.996f,0.0397f,0.7631f,-0.9625f,-0.0672f,-0.2629f,0.6895f,0f,0f,0f,1f],start_interpolation: 0,interpolation_duration: 0}
$data merge entity $(bone10) {transformation: [-0.2293f,-0.1346f,0.964f,0.6188f,-0.3761f,0.9257f,0.0397f,0.5813f,-0.8977f,-0.3535f,-0.2629f,0.7312f,0f,0f,0f,1f],start_interpolation: 0,interpolation_duration: 0}
$data merge entity $(bone12) {transformation: [-0.1959f,-0.5116f,0.8366f,0.7595f,-0.8825f,0.464f,0.0771f,0.0721f,-0.4276f,-0.7231f,-0.5424f,0.9409f,0f,0f,0f,1f],start_interpolation: 0,interpolation_duration: 0}
$data merge entity $(bone15) {transformation: [0.9843f,-0.105f,0.1422f,0.3815f,-0.1587f,-0.1701f,0.9726f,0.0234f,-0.0779f,-0.9798f,-0.184f,0.9948f,0f,0f,0f,1f],start_interpolation: 0,interpolation_duration: 0}
$data merge entity $(bone14) {transformation: [0.9387f,-0.105f,-0.3284f,0.5022f,0.3084f,-0.1701f,0.9359f,0.0642f,-0.1541f,-0.9798f,-0.1273f,0.9736f,0f,0f,0f,1f],start_interpolation: 0,interpolation_duration: 0}
$data merge entity $(bone13) {transformation: [0.7698f,-0.105f,-0.6296f,0.6026f,0.6099f,-0.1701f,0.774f,0.1414f,-0.1883f,-0.9798f,-0.0669f,0.9461f,0f,0f,0f,1f],start_interpolation: 0,interpolation_duration: 0}
$data merge entity $(bone18) {transformation: [-0.0476f,-0.9981f,-0.0381f,0.7392f,0.996f,-0.0503f,0.0735f,-0.1141f,-0.0753f,-0.0345f,0.9966f,1.3626f,0f,0f,0f,1f],start_interpolation: 0,interpolation_duration: 0}
$data merge entity $(bone17) {transformation: [-0.0119f,-0.9981f,-0.0598f,0.7368f,0.7157f,-0.0503f,0.6966f,0.0269f,-0.6983f,-0.0345f,0.715f,1.225f,0f,0f,0f,1f],start_interpolation: 0,interpolation_duration: 0}
$data merge entity $(bone16) {transformation: [0.0229f,-0.9981f,-0.0565f,0.736f,0.2141f,-0.0503f,0.9755f,0.0564f,-0.9765f,-0.0345f,0.2125f,1.0813f,0f,0f,0f,1f],start_interpolation: 0,interpolation_duration: 0}
$data merge entity $(bone27) {transformation: [-0.8565f,-0.5124f,-0.0625f,1.1821f,-0.0207f,-0.0868f,0.996f,0.0372f,-0.5158f,0.8544f,0.0637f,1.1293f,0f,0f,0f,1f],start_interpolation: 0,interpolation_duration: 0}
$data merge entity $(bone26) {transformation: [-0.8446f,-0.5328f,-0.0524f,1.0478f,-0.0166f,-0.0718f,0.9973f,0.0353f,-0.5351f,0.8432f,0.0518f,1.052f,0f,0f,0f,1f],start_interpolation: 0,interpolation_duration: 0}
$data merge entity $(bone25) {transformation: [-0.8294f,-0.5328f,0.168f,0.8952f,0.2421f,-0.0718f,0.9676f,0.0772f,-0.5035f,0.8432f,0.1886f,0.9642f,0f,0f,0f,1f],start_interpolation: 0,interpolation_duration: 0}
$data merge entity $(bone30) {transformation: [-0.1711f,-0.871f,0.4605f,0.9957f,0.9623f,-0.0473f,0.268f,-0.1106f,-0.2117f,0.489f,0.8462f,1.3236f,0f,0f,0f,1f],start_interpolation: 0,interpolation_duration: 0}
$data merge entity $(bone29) {transformation: [-0.3811f,-0.871f,0.31f,0.9244f,0.6931f,-0.0473f,0.7193f,0.0262f,-0.6119f,0.489f,0.6217f,1.2009f,0f,0f,0f,1f],start_interpolation: 0,interpolation_duration: 0}
$data merge entity $(bone28) {transformation: [-0.4885f,-0.871f,0.0515f,0.8217f,0.1878f,-0.0473f,0.9811f,0.0623f,-0.8521f,0.489f,0.1867f,1.0303f,0f,0f,0f,1f],start_interpolation: 0,interpolation_duration: 0}
$data merge entity $(bone7) {transformation: [0.964f,-0.0706f,0.2564f,0.6017f,0.0397f,0.9915f,0.1237f,0.926f,-0.2629f,-0.1091f,0.9586f,0.7142f,0f,0f,0f,1f],start_interpolation: 0,interpolation_duration: 0}
$data merge entity $(bone4) {transformation: [-0.9642f,-0.2649f,0.0109f,0.3501f,-0.245f,0.906f,0.3452f,1.6131f,-0.1014f,0.3302f,-0.9385f,0.9876f,0f,0f,0f,1f],start_interpolation: 0,interpolation_duration: 0}
$data merge entity $(bone62) {transformation: [-0.9106f,0.3694f,0.1854f,-0.4164f,0.4088f,0.7396f,0.5347f,1.5306f,0.0604f,0.5627f,-0.8245f,0.9507f,0f,0f,0f,1f],start_interpolation: 0,interpolation_duration: 0}
$data merge entity $(bone63) {transformation: [0.2382f,0.4924f,0.8372f,-0.5873f,0.601f,0.6024f,-0.5253f,1.3749f,-0.763f,0.6282f,-0.1524f,0.821f,0f,0f,0f,1f],start_interpolation: 0,interpolation_duration: 0}
$data merge entity $(bone65) {transformation: [-0.0349f,0.1436f,-0.989f,-0.8453f,0.1656f,0.9768f,0.136f,0.8071f,0.9856f,-0.159f,-0.0578f,0.6261f,0f,0f,0f,1f],start_interpolation: 0,interpolation_duration: 0}
$data merge entity $(bone66) {transformation: [-0.0349f,0.1436f,-0.989f,-0.999f,0.1656f,0.9768f,0.136f,0.9934f,0.9856f,-0.159f,-0.0578f,0.582f,0f,0f,0f,1f],start_interpolation: 0,interpolation_duration: 0}
$data merge entity $(bone67) {transformation: [0.0099f,0.1474f,-0.989f,-0.8338f,0.4516f,0.8818f,0.136f,0.7946f,0.8922f,-0.448f,-0.0578f,0.5999f,0f,0f,0f,1f],start_interpolation: 0,interpolation_duration: 0}
$data merge entity $(bone69) {transformation: [-0.2545f,0.0876f,-0.9631f,-0.9147f,0.3462f,0.9381f,-0.0061f,0.2272f,0.903f,-0.335f,-0.2691f,0.7666f,0f,0f,0f,1f],start_interpolation: 0,interpolation_duration: 0}
$data merge entity $(bone72) {transformation: [0.9251f,0.2543f,0.282f,-0.6305f,-0.343f,0.2408f,0.908f,0.1415f,0.163f,-0.9367f,0.31f,0.791f,0f,0f,0f,1f],start_interpolation: 0,interpolation_duration: 0}
$data merge entity $(bone71) {transformation: [0.7451f,0.2543f,0.6166f,-0.7255f,-0.6662f,0.2408f,0.7058f,0.2287f,0.031f,-0.9367f,0.3488f,0.7863f,0f,0f,0f,1f],start_interpolation: 0,interpolation_duration: 0}
$data merge entity $(bone70) {transformation: [0.4893f,0.2543f,0.8342f,-0.7895f,-0.8675f,0.2408f,0.4354f,0.3412f,-0.0902f,-0.9367f,0.3384f,0.7943f,0f,0f,0f,1f],start_interpolation: 0,interpolation_duration: 0}
$data merge entity $(bone81) {transformation: [0.1545f,0.9873f,0.0382f,-0.7971f,-0.4415f,0.0344f,0.8966f,-0.0622f,0.8839f,-0.1554f,0.4411f,1.1177f,0f,0f,0f,1f],start_interpolation: 0,interpolation_duration: 0}
$data merge entity $(bone80) {transformation: [0.1252f,0.9873f,0.0982f,-0.8218f,-0.7703f,0.0344f,0.6368f,0.0896f,0.6253f,-0.1554f,0.7648f,0.9945f,0f,0f,0f,1f],start_interpolation: 0,interpolation_duration: 0}
$data merge entity $(bone73) {transformation: [0.1549f,0.9873f,0.0363f,-0.8403f,-0.4306f,0.0344f,0.9019f,0.1514f,0.8892f,-0.1554f,0.4304f,0.8627f,0f,0f,0f,1f],start_interpolation: 0,interpolation_duration: 0}
$data merge entity $(bone84) {transformation: [-0.7165f,0.6913f,0.0932f,-1.2536f,0.104f,-0.0262f,0.9942f,0.0286f,0.6898f,0.7221f,-0.0531f,1.0129f,0f,0f,0f,1f],start_interpolation: 0,interpolation_duration: 0}
$data merge entity $(bone83) {transformation: [-0.6806f,0.7085f,-0.1867f,-1.1439f,-0.269f,-0.0047f,0.9631f,0.0714f,0.6815f,0.7057f,0.1938f,0.9121f,0f,0f,0f,1f],start_interpolation: 0,interpolation_duration: 0}
$data merge entity $(bone82) {transformation: [-0.6091f,0.7085f,-0.3564f,-1.03f,-0.5091f,-0.0047f,0.8607f,0.162f,0.6081f,0.7057f,0.3635f,0.8045f,0f,0f,0f,1f],start_interpolation: 0,interpolation_duration: 0}
$data merge entity $(bone103) {transformation: [-0.2943f,0.9502f,-0.1021f,-1.036f,-0.2737f,0.0185f,0.9616f,-0.0687f,0.9157f,0.311f,0.2546f,1.1531f,0f,0f,0f,1f],start_interpolation: 0,interpolation_duration: 0}
$data merge entity $(bone102) {transformation: [-0.2198f,0.9502f,-0.2208f,-0.9967f,-0.6676f,0.0185f,0.7443f,0.0628f,0.7113f,0.311f,0.6304f,1.0116f,0f,0f,0f,1f],start_interpolation: 0,interpolation_duration: 0}
$data merge entity $(bone85) {transformation: [-0.2745f,0.9502f,-0.1474f,-0.9368f,-0.4225f,0.0185f,0.9062f,0.1468f,0.8638f,0.311f,0.3964f,0.8375f,0f,0f,0f,1f],start_interpolation: 0,interpolation_duration: 0}
$data merge entity $(bone64) {transformation: [0.989f,0.145f,-0.0286f,-0.786f,-0.136f,0.9686f,0.208f,1.1334f,0.0578f,-0.2018f,0.9777f,0.5516f,0f,0f,0f,1f],start_interpolation: 0,interpolation_duration: 0}
$data merge entity $(bone61) {transformation: [-0.8372f,0.5146f,0.1854f,-0.3501f,0.5253f,0.6619f,0.5347f,1.6131f,0.1524f,0.545f,-0.8245f,0.9876f,0f,0f,0f,1f],start_interpolation: 0,interpolation_duration: 0}
$data merge entity $(bone23) {transformation: [-0.7934f,-0.6088f,0f,0.1071f,-0.0807f,0.1052f,0.9912f,1.5359f,-0.6034f,0.7864f,-0.1325f,1.0111f,0f,0f,0f,1f],start_interpolation: 0,interpolation_duration: 0}
$data merge entity $(bone22) {transformation: [-0.7934f,0.6088f,0f,-0.1071f,0.0807f,0.1052f,0.9912f,1.5359f,0.6034f,0.7864f,-0.1325f,1.0111f,0f,0f,0f,1f],start_interpolation: 0,interpolation_duration: 0}
$data merge entity $(bone89) {transformation: [-1f,0.0072f,0.0007f,0.002f,0.0053f,0.6618f,0.7497f,2.2304f,0.0049f,0.7497f,-0.6618f,1.4997f,0f,0f,0f,1f],start_interpolation: 0,interpolation_duration: 0}
$data merge entity $(bone90) {transformation: [-1f,0.0069f,0.0019f,0.0013f,0.0053f,0.5215f,0.8532f,2.171f,0.0049f,0.8532f,-0.5215f,1.4193f,0f,0f,0f,1f],start_interpolation: 0,interpolation_duration: 0}
$data merge entity $(bone88) {transformation: [-1f,0.0071f,0.0013f,0.0312f,0.0053f,0.5939f,0.8045f,2.0349f,0.0049f,0.8045f,-0.5939f,1.2981f,0f,0f,0f,1f],start_interpolation: 0,interpolation_duration: 0}
$data merge entity $(bone42) {transformation: [-1f,0f,0f,0f,0f,0.7349f,0.6782f,1.7253f,0f,0.6782f,-0.7349f,1.6922f,0f,0f,0f,1f],start_interpolation: 0,interpolation_duration: 0}
$data merge entity $(bone87) {transformation: [-0.9998f,0.0157f,-0.0096f,-0.0044f,0.0023f,0.6223f,0.7827f,1.2543f,0.0183f,0.7826f,-0.6223f,2.2311f,0f,0f,0f,1f],start_interpolation: 0,interpolation_duration: 0}
$data merge entity $(bone86) {transformation: [-1f,0f,0f,0f,0f,0.706f,0.7082f,1.4124f,0f,0.7082f,-0.706f,2.0665f,0f,0f,0f,1f],start_interpolation: 0,interpolation_duration: 0}
$data merge entity $(bone92) {transformation: [-0.8818f,0.2593f,-0.3939f,0.1194f,-0.0816f,0.7388f,0.669f,1.7967f,0.4645f,0.6221f,-0.6303f,1.7346f,0f,0f,0f,1f],start_interpolation: 0,interpolation_duration: 0}
$data merge entity $(bone3) {transformation: [-0.8818f,-0.2593f,0.3939f,-0.1194f,0.0816f,0.7388f,0.669f,1.7967f,-0.4645f,0.6221f,-0.6303f,1.7346f,0f,0f,0f,1f],start_interpolation: 0,interpolation_duration: 0}
$data merge entity $(head) {transformation: [-1f,0f,0f,0f,0f,0.7421f,0.6702f,1.727f,0f,0.6702f,-0.7421f,1.5085f,0f,0f,0f,1f],start_interpolation: 0,interpolation_duration: 0}
$data merge entity $(neck) {transformation: [-1f,0f,0f,0f,0f,0.5434f,0.8395f,1.6353f,0f,0.8395f,-0.5434f,1.3668f,0f,0f,0f,1f],start_interpolation: 0,interpolation_duration: 0}
$data merge entity $(bone2) {transformation: [-1f,0f,0f,0f,0f,0.1325f,0.9912f,1.5725f,0f,0.9912f,-0.1325f,1.0551f,0f,0f,0f,1f],start_interpolation: 0,interpolation_duration: 0}
$data merge entity $(bone136) {transformation: [-1f,0f,0f,0f,0f,0.1842f,1.1056f,1.5539f,0f,0.9829f,-0.2072f,0.8593f,0f,0f,0f,1f],start_interpolation: 0,interpolation_duration: 0}
$data merge entity $(bone118) {transformation: [-0.0718f,-0.849f,-0.5236f,0.2568f,0.9925f,-0.1128f,0.0468f,1.7158f,-0.0988f,-0.5163f,0.8507f,0.7732f,0f,0f,0f,1f],start_interpolation: 0,interpolation_duration: 0}
$data merge entity $(bone119) {transformation: [-0.135f,-0.849f,-0.5109f,0.7356f,0.9908f,-0.1128f,-0.0745f,1.7492f,0.0056f,-0.5163f,0.8564f,-0.0331f,0f,0f,0f,1f],start_interpolation: 0,interpolation_duration: 0}
$data merge entity $(bone120) {transformation: [-0.4956f,-0.849f,0.1834f,1.6169f,-0.1691f,-0.1128f,-0.9791f,1.0214f,0.8519f,-0.5163f,-0.0877f,0.6301f,0f,0f,0f,1f],start_interpolation: 0,interpolation_duration: 0}
$data merge entity $(bone121) {transformation: [0f,0f,0f,0.9876f,0f,0f,0f,1.856f,0f,0f,0f,-0.4592f,0f,0f,0f,1f],start_interpolation: 0,interpolation_duration: 0}
$data merge entity $(bone123) {transformation: [0.0753f,-1.7313f,-1.061f,0.8798f,1.9703f,-0.1944f,0.4571f,1.359f,-0.4909f,-1.0458f,1.6716f,2.4419f,0f,0f,0f,1f],start_interpolation: 0,interpolation_duration: 0}
$data merge entity $(bone124) {transformation: [-0.0993f,-0.852f,-0.514f,0.7414f,0.9948f,-0.0957f,-0.0337f,2.6981f,-0.0205f,-0.5147f,0.8571f,-0.2586f,0f,0f,0f,1f],start_interpolation: 0,interpolation_duration: 0}
$data merge entity $(bone122) {transformation: [-0.3528f,-1.3128f,-0.7253f,0.5652f,1.4672f,-0.1474f,-0.4469f,2.6944f,0.3114f,-0.793f,1.2838f,0.0322f,0f,0f,0f,1f],start_interpolation: 0,interpolation_duration: 0}
$data merge entity $(bone126) {transformation: [0.2894f,-0.852f,-0.4362f,1.1414f,0.7332f,-0.0957f,0.6733f,1.9561f,-0.6154f,-0.5147f,0.597f,-0.7818f,0f,0f,0f,1f],start_interpolation: 0,interpolation_duration: 0}
$data merge entity $(bone127) {transformation: [0.1666f,-0.852f,-0.4963f,0.8042f,0.8825f,-0.0957f,0.4606f,2.3761f,-0.4399f,-0.5147f,0.7359f,-0.3027f,0f,0f,0f,1f],start_interpolation: 0,interpolation_duration: 0}
$data merge entity $(bone125) {transformation: [0.0456f,-1.1944f,-0.7324f,0.6397f,1.3621f,-0.1341f,0.3035f,2.5466f,-0.3286f,-0.7215f,1.1562f,-0.0547f,0f,0f,0f,1f],start_interpolation: 0,interpolation_duration: 0}
$data merge entity $(bone129) {transformation: [1.04f,-1.5889f,-0.1729f,0.4832f,0.0154f,-0.1784f,2.0047f,3.9077f,-1.7246f,-0.9598f,-0.0864f,2.6249f,0f,0f,0f,1f],start_interpolation: 0,interpolation_duration: 0}
$data merge entity $(bone130) {transformation: [0.5394f,-0.852f,-0.1694f,0.8408f,0.1578f,-0.0957f,1.0634f,1.5424f,-0.9223f,-0.5147f,0.0828f,-0.2084f,0f,0f,0f,1f],start_interpolation: 0,interpolation_duration: 0}
$data merge entity $(bone131) {transformation: [0.4663f,-0.852f,-0.3197f,0.7052f,0.4618f,-0.0957f,0.9708f,2.128f,-0.8577f,-0.5147f,0.3489f,-0.0928f,0f,0f,0f,1f],start_interpolation: 0,interpolation_duration: 0}
$data merge entity $(bone128) {transformation: [0.3876f,-0.8983f,-0.4528f,0.6026f,0.7352f,-0.1008f,0.8626f,2.4363f,-0.7783f,-0.5426f,0.5893f,0.0093f,0f,0f,0f,1f],start_interpolation: 0,interpolation_duration: 0}
$data merge entity $(bone132) {transformation: [-0.1998f,-0.852f,-0.4839f,0.4816f,0.9682f,-0.0957f,-0.2314f,2.579f,0.1508f,-0.5147f,0.844f,0.2059f,0f,0f,0f,1f],start_interpolation: 0,interpolation_duration: 0}
$data merge entity $(bone133) {transformation: [-0.3494f,-1.4465f,-0.7146f,0.5472f,1.6929f,-0.1624f,-0.3417f,2.5929f,0.2638f,-0.8738f,1.2466f,0.1062f,0f,0f,0f,1f],start_interpolation: 0,interpolation_duration: 0}
$data merge entity $(w5) {transformation: [-0.1998f,-0.852f,-0.4839f,0.5544f,0.9682f,-0.0957f,-0.2314f,2.5264f,0.1508f,-0.5147f,0.844f,0.1198f,0f,0f,0f,1f],start_interpolation: 0,interpolation_duration: 0}
$data merge entity $(w2) {transformation: [-0.5112f,-0.849f,-0.1341f,0.7092f,0.4231f,-0.1128f,-0.899f,1.7653f,0.7481f,-0.5163f,0.4168f,-0.0164f,0f,0f,0f,1f],start_interpolation: 0,interpolation_duration: 0}
$data merge entity $(wing3) {transformation: [-0.0718f,-0.849f,-0.5236f,0.2175f,0.9925f,-0.1128f,0.0468f,1.8195f,-0.0988f,-0.5163f,0.8507f,0.7803f,0f,0f,0f,1f],start_interpolation: 0,interpolation_duration: 0}
$data merge entity $(bone104) {transformation: [-0.0718f,0.849f,0.5236f,-0.2568f,-0.9925f,-0.1128f,0.0468f,1.7158f,0.0988f,-0.5163f,0.8507f,0.7732f,0f,0f,0f,1f],start_interpolation: 0,interpolation_duration: 0}
$data merge entity $(bone105) {transformation: [-0.135f,0.849f,0.5109f,-0.7356f,-0.9908f,-0.1128f,-0.0745f,1.7492f,-0.0056f,-0.5163f,0.8564f,-0.0331f,0f,0f,0f,1f],start_interpolation: 0,interpolation_duration: 0}
$data merge entity $(bone106) {transformation: [-0.4956f,0.849f,-0.1834f,-1.6169f,0.1691f,-0.1128f,-0.9791f,1.0214f,-0.8519f,-0.5163f,-0.0877f,0.6301f,0f,0f,0f,1f],start_interpolation: 0,interpolation_duration: 0}
$data merge entity $(bone107) {transformation: [0f,0f,0f,-0.9876f,0f,0f,0f,1.856f,0f,0f,0f,-0.4592f,0f,0f,0f,1f],start_interpolation: 0,interpolation_duration: 0}
$data merge entity $(bone109) {transformation: [0.0877f,1.7313f,0.9987f,-0.9151f,-1.8048f,-0.1944f,0.3955f,1.465f,0.4806f,-1.0458f,1.5798f,2.3639f,0f,0f,0f,1f],start_interpolation: 0,interpolation_duration: 0}
$data merge entity $(bone110) {transformation: [-0.0855f,0.852f,0.4859f,-0.7318f,-0.9083f,-0.0957f,-0.0419f,2.7015f,0.0272f,-0.5147f,0.8122f,-0.2433f,0f,0f,0f,1f],start_interpolation: 0,interpolation_duration: 0}
$data merge entity $(bone108) {transformation: [-0.321f,1.3128f,0.6891f,-0.5652f,-1.3351f,-0.1474f,-0.4245f,2.6944f,-0.2833f,-0.793f,1.2196f,0.0322f,0f,0f,0f,1f],start_interpolation: 0,interpolation_duration: 0}
$data merge entity $(bone112) {transformation: [0.2894f,0.852f,0.4362f,-1.1414f,-0.7332f,-0.0957f,0.6733f,1.9561f,0.6154f,-0.5147f,0.597f,-0.7818f,0f,0f,0f,1f],start_interpolation: 0,interpolation_duration: 0}
$data merge entity $(bone113) {transformation: [0.1666f,0.852f,0.4963f,-0.8042f,-0.8825f,-0.0957f,0.4606f,2.3761f,0.4399f,-0.5147f,0.7359f,-0.3027f,0f,0f,0f,1f],start_interpolation: 0,interpolation_duration: 0}
$data merge entity $(bone111) {transformation: [0.0456f,1.1944f,0.7324f,-0.6397f,-1.3621f,-0.1341f,0.3035f,2.5466f,0.3286f,-0.7215f,1.1562f,-0.0547f,0f,0f,0f,1f],start_interpolation: 0,interpolation_duration: 0}
$data merge entity $(bone115) {transformation: [1.04f,1.5889f,0.1729f,-0.4832f,-0.0154f,-0.1784f,2.0047f,3.9077f,1.7246f,-0.9598f,-0.0864f,2.6249f,0f,0f,0f,1f],start_interpolation: 0,interpolation_duration: 0}
$data merge entity $(bone116) {transformation: [0.5394f,0.852f,0.1694f,-0.8408f,-0.1578f,-0.0957f,1.0634f,1.5424f,0.9223f,-0.5147f,0.0828f,-0.2084f,0f,0f,0f,1f],start_interpolation: 0,interpolation_duration: 0}
$data merge entity $(bone117) {transformation: [0.4663f,0.852f,0.3197f,-0.7052f,-0.4618f,-0.0957f,0.9708f,2.128f,0.8577f,-0.5147f,0.3489f,-0.0928f,0f,0f,0f,1f],start_interpolation: 0,interpolation_duration: 0}
$data merge entity $(bone114) {transformation: [0.3876f,0.8983f,0.4528f,-0.6026f,-0.7352f,-0.1008f,0.8626f,2.4363f,0.7783f,-0.5426f,0.5893f,0.0093f,0f,0f,0f,1f],start_interpolation: 0,interpolation_duration: 0}
$data merge entity $(bone134) {transformation: [-0.1998f,0.852f,0.4839f,-0.4816f,-0.9682f,-0.0957f,-0.2314f,2.579f,-0.1508f,-0.5147f,0.844f,0.2059f,0f,0f,0f,1f],start_interpolation: 0,interpolation_duration: 0}
$data merge entity $(bone135) {transformation: [-0.3494f,1.4465f,0.7146f,-0.5472f,-1.6929f,-0.1624f,-0.3417f,2.5929f,-0.2638f,-0.8738f,1.2466f,0.1062f,0f,0f,0f,1f],start_interpolation: 0,interpolation_duration: 0}
$data merge entity $(w4) {transformation: [-0.1998f,0.852f,0.4839f,-0.5544f,-0.9682f,-0.0957f,-0.2314f,2.5264f,-0.1508f,-0.5147f,0.844f,0.1198f,0f,0f,0f,1f],start_interpolation: 0,interpolation_duration: 0}
$data merge entity $(w3) {transformation: [-0.5112f,0.849f,0.1341f,-0.7092f,-0.4231f,-0.1128f,-0.899f,1.7653f,-0.7481f,-0.5163f,0.4168f,-0.0164f,0f,0f,0f,1f],start_interpolation: 0,interpolation_duration: 0}
$data merge entity $(wing2) {transformation: [-0.0718f,0.849f,0.5236f,-0.2175f,-0.9925f,-0.1128f,0.0468f,1.8195f,0.0988f,-0.5163f,0.8507f,0.7803f,0f,0f,0f,1f],start_interpolation: 0,interpolation_duration: 0}
$data merge entity $(bone20) {transformation: [-1f,0f,0f,-0.1563f,0f,-0.1716f,0.9852f,1.5718f,0f,0.9852f,0.1716f,0.3246f,0f,0f,0f,1f],start_interpolation: 0,interpolation_duration: 0}
$data merge entity $(bone101) {transformation: [-1f,0f,0f,0f,0f,-0.4905f,0.8714f,1.1561f,0f,0.8714f,0.4905f,-2.696f,0f,0f,0f,1f],start_interpolation: 0,interpolation_duration: 0}
$data merge entity $(bone100) {transformation: [-1f,0f,0f,0f,0f,0.1742f,0.9847f,0.711f,0f,0.9847f,-0.1742f,-2.611f,0f,0f,0f,1f],start_interpolation: 0,interpolation_duration: 0}
$data merge entity $(bone99) {transformation: [-1f,0f,0f,0f,0f,0.5356f,0.8445f,0.2835f,0f,0.8445f,-0.5356f,-2.3398f,0f,0f,0f,1f],start_interpolation: 0,interpolation_duration: 0}
$data merge entity $(bone98) {transformation: [-1f,0f,0f,0f,0f,0.8877f,0.4605f,0.0562f,0f,0.4605f,-0.8877f,-1.9015f,0f,0f,0f,1f],start_interpolation: 0,interpolation_duration: 0}
$data merge entity $(bone97) {transformation: [-1f,0f,0f,0f,0f,0.9865f,-0.1637f,0.14f,0f,-0.1637f,-0.9865f,-1.396f,0f,0f,0f,1f],start_interpolation: 0,interpolation_duration: 0}
$data merge entity $(bone96) {transformation: [-1f,0f,0f,0f,0f,0.8488f,-0.5287f,0.4044f,0f,-0.5287f,-0.8488f,-0.9716f,0f,0f,0f,1f],start_interpolation: 0,interpolation_duration: 0}
$data merge entity $(bone95) {transformation: [-1f,0f,0f,0f,0f,0.6505f,-0.7595f,0.7794f,0f,-0.7595f,-0.6505f,-0.6504f,0f,0f,0f,1f],start_interpolation: 0,interpolation_duration: 0}
$data merge entity $(bone94) {transformation: [-1f,0f,0f,0f,0f,0.5818f,-0.8133f,1.181f,0f,-0.8133f,-0.5818f,-0.3631f,0f,0f,0f,1f],start_interpolation: 0,interpolation_duration: 0}
$data merge entity $(bone93) {transformation: [-1f,0f,0f,0f,0f,0.7142f,-0.6999f,1.4456f,0f,-0.6999f,-0.7142f,-0.093f,0f,0f,0f,1f],start_interpolation: 0,interpolation_duration: 0}
$data merge entity $(bone) {transformation: [-1f,0f,0f,0f,0f,0.5373f,0.8434f,1.3534f,0f,0.8434f,-0.5373f,-0.0343f,0f,0f,0f,1f],start_interpolation: 0,interpolation_duration: 0}
$data merge entity $(bone24) {transformation: [-0.9665f,-0.2565f,0.0002f,0.1031f,-0.2563f,0.9659f,0.0373f,1.2947f,-0.0098f,0.036f,-0.9993f,-0.0355f,0f,0f,0f,1f],start_interpolation: 0,interpolation_duration: 0}
$data merge entity $(bone32) {transformation: [-0.9973f,-0.0554f,-0.0489f,0.2294f,-0.0691f,0.4624f,0.884f,0.6223f,-0.0264f,0.885f,-0.4649f,-0.3029f,0f,0f,0f,1f],start_interpolation: 0,interpolation_duration: 0}
$data merge entity $(bone36) {transformation: [-0.9989f,-0.0151f,-0.0433f,0.3368f,-0.0167f,0.9991f,0.038f,0.2982f,0.0427f,0.0387f,-0.9983f,-1.0128f,0f,0f,0f,1f],start_interpolation: 0,interpolation_duration: 0}
$data merge entity $(bone35) {transformation: [-0.9989f,0.0086f,-0.045f,0.2995f,-0.0167f,0.8463f,0.5325f,0.4213f,0.0427f,0.5327f,-0.8453f,-0.9286f,0f,0f,0f,1f],start_interpolation: 0,interpolation_duration: 0}
$data merge entity $(bone34) {transformation: [-0.9989f,0.0144f,-0.0435f,0.3021f,-0.0167f,0.7695f,0.6384f,0.4965f,0.0427f,0.6384f,-0.7685f,-0.8689f,0f,0f,0f,1f],start_interpolation: 0,interpolation_duration: 0}
$data merge entity $(bone77) {transformation: [-0.9332f,0.3557f,-0.0502f,0.1063f,0.0235f,-0.0791f,-0.9966f,0.0727f,-0.3585f,-0.9312f,0.0654f,-0.3564f,0f,0f,0f,1f],start_interpolation: 0,interpolation_duration: 0}
$data merge entity $(bone75) {transformation: [-0.9332f,0.3557f,-0.0502f,0.1689f,0.0235f,-0.0791f,-0.9966f,0.0601f,-0.3585f,-0.9312f,0.0654f,-0.5313f,0f,0f,0f,1f],start_interpolation: 0,interpolation_duration: 0}
$data merge entity $(bone39) {transformation: [-0.9332f,0.3557f,-0.0502f,0.2308f,0.0235f,-0.0791f,-0.9966f,0.0445f,-0.3585f,-0.9312f,0.0654f,-0.6897f,0f,0f,0f,1f],start_interpolation: 0,interpolation_duration: 0}
$data merge entity $(bone76) {transformation: [-0.9595f,-0.2811f,-0.0164f,0.4994f,0.0264f,-0.032f,-0.9991f,0.0523f,0.2804f,-0.9591f,0.0382f,-0.3325f,0f,0f,0f,1f],start_interpolation: 0,interpolation_duration: 0}
$data merge entity $(bone74) {transformation: [-0.9595f,-0.2811f,-0.0164f,0.4826f,0.0264f,-0.032f,-0.9991f,0.0542f,0.2804f,-0.9591f,0.0382f,-0.5288f,0f,0f,0f,1f],start_interpolation: 0,interpolation_duration: 0}
$data merge entity $(bone40) {transformation: [-0.9595f,-0.2811f,-0.0164f,0.4333f,0.0264f,-0.032f,-0.9991f,0.0467f,0.2804f,-0.9591f,0.0382f,-0.6922f,0f,0f,0f,1f],start_interpolation: 0,interpolation_duration: 0}
$data merge entity $(bone79) {transformation: [-0.9998f,0.0192f,-0.0093f,0.3154f,0.0087f,-0.0322f,-0.9994f,0.0605f,-0.0195f,-0.9993f,0.032f,-0.292f,0f,0f,0f,1f],start_interpolation: 0,interpolation_duration: 0}
$data merge entity $(bone78) {transformation: [-0.9998f,0.0192f,-0.0093f,0.3232f,0.0087f,-0.0322f,-0.9994f,0.056f,-0.0195f,-0.9993f,0.032f,-0.4926f,0f,0f,0f,1f],start_interpolation: 0,interpolation_duration: 0}
$data merge entity $(bone41) {transformation: [-0.9998f,0.0192f,-0.0093f,0.3257f,0.0087f,-0.0322f,-0.9994f,0.0475f,-0.0195f,-0.9993f,0.032f,-0.6917f,0f,0f,0f,1f],start_interpolation: 0,interpolation_duration: 0}
$data merge entity $(bone38) {transformation: [-1f,0.0047f,-0.007f,0.3384f,0.007f,0.9252f,-0.3793f,0.3095f,0.0047f,-0.3793f,-0.9252f,-0.7755f,0f,0f,0f,1f],start_interpolation: 0,interpolation_duration: 0}
$data merge entity $(bone33) {transformation: [-0.9996f,-0.022f,-0.0188f,0.3223f,-0.0287f,0.8458f,0.5327f,0.5338f,0.0042f,0.533f,-0.8461f,-0.6335f,0f,0f,0f,1f],start_interpolation: 0,interpolation_duration: 0}
$data merge entity $(bone31) {transformation: [-0.9973f,-0.0466f,-0.0574f,0.2785f,-0.0691f,0.3101f,0.9482f,0.6753f,-0.0264f,0.9496f,-0.3125f,0.219f,0f,0f,0f,1f],start_interpolation: 0,interpolation_duration: 0}
$data merge entity $(bone19) {transformation: [-0.9852f,-0.1668f,0.0388f,0.1713f,-0.1711f,0.9677f,-0.1851f,1.3023f,-0.0066f,-0.189f,-0.982f,-0.0343f,0f,0f,0f,1f],start_interpolation: 0,interpolation_duration: 0}
$data merge entity $(bone44) {transformation: [-0.7987f,0.5173f,0.3073f,-0.1116f,0.1765f,0.6897f,-0.7023f,1.2966f,-0.5752f,-0.5067f,-0.6422f,-0.001f,0f,0f,0f,1f],start_interpolation: 0,interpolation_duration: 0}
$data merge entity $(bone46) {transformation: [-0.8888f,-0.2358f,0.393f,-0.2845f,0.06f,0.7903f,0.6098f,0.7911f,-0.4544f,0.5656f,-0.6883f,0.1111f,0f,0f,0f,1f],start_interpolation: 0,interpolation_duration: 0}
$data merge entity $(bone50) {transformation: [-0.8705f,-0.1253f,0.4759f,-0.072f,0.0238f,0.9552f,0.2951f,0.3294f,-0.4916f,0.2683f,-0.8285f,-0.5388f,0f,0f,0f,1f],start_interpolation: 0,interpolation_duration: 0}
$data merge entity $(bone49) {transformation: [-0.8705f,-0.3465f,0.3495f,-0.0912f,0.0238f,0.6796f,0.7332f,0.4266f,-0.4916f,0.6466f,-0.5834f,-0.4212f,0f,0f,0f,1f],start_interpolation: 0,interpolation_duration: 0}
$data merge entity $(bone48) {transformation: [-0.8705f,-0.3892f,0.3013f,-0.1291f,0.0238f,0.5781f,0.8156f,0.4838f,-0.4916f,0.7172f,-0.494f,-0.3541f,0f,0f,0f,1f],start_interpolation: 0,interpolation_duration: 0}
$data merge entity $(bone54) {transformation: [-0.9804f,0.1965f,0.0166f,-0.2536f,-0.0233f,-0.0318f,-0.9992f,0.0648f,-0.1959f,-0.98f,0.0358f,0.2183f,0f,0f,0f,1f],start_interpolation: 0,interpolation_duration: 0}
$data merge entity $(bone53) {transformation: [-0.9804f,0.1965f,0.0166f,-0.2132f,-0.0233f,-0.0318f,-0.9992f,0.0609f,-0.1959f,-0.98f,0.0358f,0.0366f,0f,0f,0f,1f],start_interpolation: 0,interpolation_duration: 0}
$data merge entity $(bone52) {transformation: [-0.9804f,0.1965f,0.0166f,-0.1809f,-0.0233f,-0.0318f,-0.9992f,0.0534f,-0.1959f,-0.98f,0.0358f,-0.1309f,0f,0f,0f,1f],start_interpolation: 0,interpolation_duration: 0}
$data merge entity $(bone57) {transformation: [-0.7274f,0.6862f,0.0121f,-0.5817f,-0.0185f,-0.0019f,-0.9998f,0.0602f,-0.686f,-0.7275f,0.0141f,0.0649f,0f,0f,0f,1f],start_interpolation: 0,interpolation_duration: 0}
$data merge entity $(bone56) {transformation: [-0.7274f,0.6862f,0.0121f,-0.4777f,-0.0185f,-0.0019f,-0.9998f,0.0683f,-0.686f,-0.7275f,0.0141f,-0.1022f,0f,0f,0f,1f],start_interpolation: 0,interpolation_duration: 0}
$data merge entity $(bone55) {transformation: [-0.7274f,0.6862f,0.0121f,-0.3595f,-0.0185f,-0.0019f,-0.9998f,0.0659f,-0.686f,-0.7275f,0.0141f,-0.2255f,0f,0f,0f,1f],start_interpolation: 0,interpolation_duration: 0}
$data merge entity $(bone60) {transformation: [-0.8802f,0.474f,-0.0252f,-0.4514f,0.0125f,-0.0298f,-0.9995f,0.0732f,-0.4745f,-0.88f,0.0203f,0.1773f,0f,0f,0f,1f],start_interpolation: 0,interpolation_duration: 0}
$data merge entity $(bone59) {transformation: [-0.8802f,0.474f,-0.0252f,-0.3597f,0.0125f,-0.0298f,-0.9995f,0.0692f,-0.4745f,-0.88f,0.0203f,-0.0013f,0f,0f,0f,1f],start_interpolation: 0,interpolation_duration: 0}
$data merge entity $(bone58) {transformation: [-0.8802f,0.474f,-0.0252f,-0.2642f,0.0125f,-0.0298f,-0.9995f,0.0612f,-0.4745f,-0.88f,0.0203f,-0.176f,0f,0f,0f,1f],start_interpolation: 0,interpolation_duration: 0}
$data merge entity $(bone51) {transformation: [-0.8866f,0.2179f,0.408f,-0.2233f,0.0438f,0.9177f,-0.3949f,0.3221f,-0.4605f,-0.3323f,-0.8231f,-0.2543f,0f,0f,0f,1f],start_interpolation: 0,interpolation_duration: 0}
$data merge entity $(bone47) {transformation: [-0.8866f,-0.1189f,0.447f,-0.246f,0.0438f,0.9405f,0.337f,0.5714f,-0.4605f,0.3184f,-0.8286f,-0.1646f,0f,0f,0f,1f],start_interpolation: 0,interpolation_duration: 0}
$data merge entity $(bone45) {transformation: [-0.8888f,-0.2974f,0.3487f,-0.5354f,0.06f,0.6788f,0.7319f,1.0565f,-0.4544f,0.6714f,-0.5855f,0.4908f,0f,0f,0f,1f],start_interpolation: 0,interpolation_duration: 0}
$data merge entity $(bone43) {transformation: [-0.8408f,0.5034f,0.1992f,-0.1713f,0.1157f,0.5265f,-0.8423f,1.3023f,-0.5289f,-0.6851f,-0.5009f,-0.0343f,0f,0f,0f,1f],start_interpolation: 0,interpolation_duration: 0}