# This file was generated by Animated Java via MC-Build. It is not recommended to edit this file directly.
$data merge entity $(bone5) {transformation: [-0.9947f,-0.1022f,0.0112f,0.3849f,-0.0922f,0.9349f,0.3427f,1.5098f,-0.0455f,0.3398f,-0.9394f,0.9769f,0f,0f,0f,1f],start_interpolation: 0,interpolation_duration: 0}
$data merge entity $(bone6) {transformation: [0.0166f,-0.2647f,-0.9642f,0.4942f,-0.4356f,0.8661f,-0.2452f,1.28f,0.9f,0.4241f,-0.1009f,0.9029f,0f,0f,0f,1f],start_interpolation: 0,interpolation_duration: 0}
$data merge entity $(bone8) {transformation: [-0.2592f,-0.0581f,0.9641f,0.6365f,-0.0789f,0.9961f,0.0388f,0.5922f,-0.9626f,-0.066f,-0.2628f,0.7564f,0f,0f,0f,1f],start_interpolation: 0,interpolation_duration: 0}
$data merge entity $(bone9) {transformation: [-0.2592f,-0.0581f,0.9641f,0.7983f,-0.0789f,0.9961f,0.0388f,0.7649f,-0.9626f,-0.066f,-0.2628f,0.6911f,0f,0f,0f,1f],start_interpolation: 0,interpolation_duration: 0}
$data merge entity $(bone10) {transformation: [-0.2297f,-0.1333f,0.9641f,0.6184f,-0.3748f,0.9263f,0.0388f,0.5832f,-0.8982f,-0.3524f,-0.2628f,0.7327f,0f,0f,0f,1f],start_interpolation: 0,interpolation_duration: 0}
$data merge entity $(bone12) {transformation: [-0.1977f,-0.5107f,0.8367f,0.7583f,-0.8811f,0.4666f,0.0767f,0.0734f,-0.4296f,-0.7221f,-0.5423f,0.9416f,0f,0f,0f,1f],start_interpolation: 0,interpolation_duration: 0}
$data merge entity $(bone15) {transformation: [0.9841f,-0.1051f,0.1434f,0.3809f,-0.1597f,-0.1671f,0.9729f,0.024f,-0.0783f,-0.9803f,-0.1813f,0.9955f,0f,0f,0f,1f],start_interpolation: 0,interpolation_duration: 0}
$data merge entity $(bone14) {transformation: [0.9375f,-0.1051f,-0.3316f,0.5014f,0.3121f,-0.1671f,0.9352f,0.0654f,-0.1538f,-0.9803f,-0.1239f,0.9743f,0f,0f,0f,1f],start_interpolation: 0,interpolation_duration: 0}
$data merge entity $(bone13) {transformation: [0.7676f,-0.1051f,-0.6323f,0.6016f,0.6131f,-0.1671f,0.7721f,0.143f,-0.1869f,-0.9803f,-0.0638f,0.947f,0f,0f,0f,1f],start_interpolation: 0,interpolation_duration: 0}
$data merge entity $(bone18) {transformation: [-0.0447f,-0.9983f,-0.0372f,0.7378f,0.9935f,-0.0483f,0.1031f,-0.1061f,-0.1047f,-0.0323f,0.994f,1.3679f,0f,0f,0f,1f],start_interpolation: 0,interpolation_duration: 0}
$data merge entity $(bone17) {transformation: [-0.0103f,-0.9983f,-0.0572f,0.7357f,0.6948f,-0.0483f,0.7176f,0.0308f,-0.7191f,-0.0323f,0.6941f,1.2263f,0f,0f,0f,1f],start_interpolation: 0,interpolation_duration: 0}
$data merge entity $(bone16) {transformation: [0.0223f,-0.9983f,-0.0537f,0.7348f,0.1945f,-0.0483f,0.9797f,0.0574f,-0.9807f,-0.0323f,0.1931f,1.082f,0f,0f,0f,1f],start_interpolation: 0,interpolation_duration: 0}
$data merge entity $(bone27) {transformation: [-0.8569f,-0.5119f,-0.0606f,1.181f,-0.0179f,-0.0879f,0.996f,0.0372f,-0.5152f,0.8545f,0.0661f,1.1297f,0f,0f,0f,1f],start_interpolation: 0,interpolation_duration: 0}
$data merge entity $(bone26) {transformation: [-0.845f,-0.5323f,-0.0505f,1.0467f,-0.0138f,-0.0728f,0.9972f,0.0358f,-0.5345f,0.8434f,0.0542f,1.0525f,0f,0f,0f,1f],start_interpolation: 0,interpolation_duration: 0}
$data merge entity $(bone25) {transformation: [-0.8293f,-0.5323f,0.1699f,0.894f,0.2448f,-0.0728f,0.9668f,0.0781f,-0.5023f,0.8434f,0.1907f,0.9649f,0f,0f,0f,1f],start_interpolation: 0,interpolation_duration: 0}
$data merge entity $(bone30) {transformation: [-0.1804f,-0.871f,0.457f,0.996f,0.9563f,-0.0467f,0.2886f,-0.103f,-0.23f,0.4891f,0.8413f,1.3275f,0f,0f,0f,1f],start_interpolation: 0,interpolation_duration: 0}
$data merge entity $(bone29) {transformation: [-0.3874f,-0.871f,0.3022f,0.9234f,0.6775f,-0.0467f,0.734f,0.0307f,-0.6252f,0.4891f,0.6082f,1.2023f,0f,0f,0f,1f],start_interpolation: 0,interpolation_duration: 0}
$data merge entity $(bone28) {transformation: [-0.4894f,-0.871f,0.0433f,0.8205f,0.1702f,-0.0467f,0.9843f,0.0633f,-0.8553f,0.4891f,0.1711f,1.031f,0f,0f,0f,1f],start_interpolation: 0,interpolation_duration: 0}
$data merge entity $(bone7) {transformation: [0.9641f,-0.0693f,0.2564f,0.6017f,0.0388f,0.9917f,0.1223f,0.9279f,-0.2628f,-0.108f,0.9588f,0.716f,0f,0f,0f,1f],start_interpolation: 0,interpolation_duration: 0}
$data merge entity $(bone4) {transformation: [-0.9642f,-0.2649f,0.0112f,0.3501f,-0.2452f,0.9069f,0.3427f,1.6158f,-0.1009f,0.3277f,-0.9394f,0.9875f,0f,0f,0f,1f],start_interpolation: 0,interpolation_duration: 0}
$data merge entity $(bone62) {transformation: [-0.9107f,0.3695f,0.1846f,-0.4164f,0.4087f,0.7415f,0.5321f,1.5332f,0.0597f,0.5601f,-0.8263f,0.9509f,0f,0f,0f,1f],start_interpolation: 0,interpolation_duration: 0}
$data merge entity $(bone63) {transformation: [0.2374f,0.4926f,0.8372f,-0.5873f,0.5986f,0.6046f,-0.5255f,1.377f,-0.7651f,0.6259f,-0.1513f,0.8219f,0f,0f,0f,1f],start_interpolation: 0,interpolation_duration: 0}
$data merge entity $(bone65) {transformation: [-0.0353f,0.1429f,-0.9891f,-0.8451f,0.1612f,0.9776f,0.1354f,0.8079f,0.9863f,-0.1547f,-0.0575f,0.6264f,0f,0f,0f,1f],start_interpolation: 0,interpolation_duration: 0}
$data merge entity $(bone66) {transformation: [-0.0353f,0.1429f,-0.9891f,-0.999f,0.1612f,0.9776f,0.1354f,0.9942f,0.9863f,-0.1547f,-0.0575f,0.583f,0f,0f,0f,1f],start_interpolation: 0,interpolation_duration: 0}
$data merge entity $(bone67) {transformation: [0.0093f,0.1469f,-0.9891f,-0.8336f,0.4477f,0.8838f,0.1354f,0.7955f,0.8941f,-0.4441f,-0.0575f,0.6002f,0f,0f,0f,1f],start_interpolation: 0,interpolation_duration: 0}
$data merge entity $(bone69) {transformation: [-0.254f,0.09f,-0.963f,-0.9147f,0.3534f,0.9355f,-0.0057f,0.2277f,0.9004f,-0.3417f,-0.2694f,0.7665f,0f,0f,0f,1f],start_interpolation: 0,interpolation_duration: 0}
$data merge entity $(bone72) {transformation: [0.9249f,0.2552f,0.2817f,-0.6307f,-0.3417f,0.2334f,0.9104f,0.1415f,0.1666f,-0.9383f,0.3031f,0.7916f,0f,0f,0f,1f],start_interpolation: 0,interpolation_duration: 0}
$data merge entity $(bone71) {transformation: [0.7435f,0.2552f,0.6181f,-0.7256f,-0.6678f,0.2334f,0.7068f,0.229f,0.0362f,-0.9383f,0.344f,0.7862f,0f,0f,0f,1f],start_interpolation: 0,interpolation_duration: 0}
$data merge entity $(bone70) {transformation: [0.4872f,0.2552f,0.8351f,-0.7893f,-0.8693f,0.2334f,0.4358f,0.3416f,-0.0837f,-0.9383f,0.3356f,0.7934f,0f,0f,0f,1f],start_interpolation: 0,interpolation_duration: 0}
$data merge entity $(bone81) {transformation: [0.1563f,0.9868f,0.0423f,-0.7967f,-0.4657f,0.0358f,0.8842f,-0.0638f,0.871f,-0.1579f,0.4651f,1.1153f,0f,0f,0f,1f],start_interpolation: 0,interpolation_duration: 0}
$data merge entity $(bone80) {transformation: [0.1265f,0.9868f,0.1011f,-0.8217f,-0.7796f,0.0358f,0.6253f,0.0898f,0.6134f,-0.1579f,0.7738f,0.9945f,0f,0f,0f,1f],start_interpolation: 0,interpolation_duration: 0}
$data merge entity $(bone73) {transformation: [0.1576f,0.9868f,0.0372f,-0.8406f,-0.4368f,0.0358f,0.8988f,0.1525f,0.8857f,-0.1579f,0.4367f,0.8632f,0f,0f,0f,1f],start_interpolation: 0,interpolation_duration: 0}
$data merge entity $(bone84) {transformation: [-0.7163f,0.6915f,0.0936f,-1.2535f,0.1054f,-0.0254f,0.9941f,0.029f,0.6898f,0.7219f,-0.0547f,1.0131f,0f,0f,0f,1f],start_interpolation: 0,interpolation_duration: 0}
$data merge entity $(bone83) {transformation: [-0.6798f,0.7087f,-0.1887f,-1.1439f,-0.2712f,-0.0038f,0.9625f,0.0721f,0.6814f,0.7055f,0.1947f,0.9124f,0f,0f,0f,1f],start_interpolation: 0,interpolation_duration: 0}
$data merge entity $(bone82) {transformation: [-0.6078f,0.7087f,-0.3582f,-1.0302f,-0.511f,-0.0038f,0.8596f,0.1631f,0.6078f,0.7055f,0.3645f,0.8049f,0f,0f,0f,1f],start_interpolation: 0,interpolation_duration: 0}
$data merge entity $(bone103) {transformation: [-0.2933f,0.9504f,-0.1039f,-1.0354f,-0.2802f,0.0185f,0.9598f,-0.0705f,0.914f,0.3106f,0.2609f,1.1516f,0f,0f,0f,1f],start_interpolation: 0,interpolation_duration: 0}
$data merge entity $(bone102) {transformation: [-0.2171f,0.9504f,-0.2229f,-0.9967f,-0.6758f,0.0185f,0.7369f,0.0625f,0.7044f,0.3106f,0.6382f,1.0115f,0f,0f,0f,1f],start_interpolation: 0,interpolation_duration: 0}
$data merge entity $(bone85) {transformation: [-0.273f,0.9504f,-0.1492f,-0.9371f,-0.4292f,0.0185f,0.903f,0.148f,0.8609f,0.3106f,0.4029f,0.8379f,0f,0f,0f,1f],start_interpolation: 0,interpolation_duration: 0}
$data merge entity $(bone64) {transformation: [0.9891f,0.1443f,-0.029f,-0.7861f,-0.1354f,0.9696f,0.2037f,1.1345f,0.0575f,-0.1976f,0.9786f,0.5534f,0f,0f,0f,1f],start_interpolation: 0,interpolation_duration: 0}
$data merge entity $(bone61) {transformation: [-0.8372f,0.5147f,0.1846f,-0.3501f,0.5255f,0.6639f,0.5321f,1.6158f,0.1513f,0.5425f,-0.8263f,0.9875f,0f,0f,0f,1f],start_interpolation: 0,interpolation_duration: 0}
$data merge entity $(bone23) {transformation: [-0.7934f,-0.6088f,0f,0.1071f,-0.0818f,0.1066f,0.9909f,1.5386f,-0.6032f,0.7862f,-0.1343f,1.0111f,0f,0f,0f,1f],start_interpolation: 0,interpolation_duration: 0}
$data merge entity $(bone22) {transformation: [-0.7934f,0.6088f,0f,-0.1071f,0.0818f,0.1066f,0.9909f,1.5386f,0.6032f,0.7862f,-0.1343f,1.0111f,0f,0f,0f,1f],start_interpolation: 0,interpolation_duration: 0}
$data merge entity $(bone89) {transformation: [-1f,0.0072f,0.0007f,0.002f,0.0053f,0.661f,0.7504f,2.2336f,0.0049f,0.7503f,-0.661f,1.5002f,0f,0f,0f,1f],start_interpolation: 0,interpolation_duration: 0}
$data merge entity $(bone90) {transformation: [-1f,0.0069f,0.0019f,0.0013f,0.0053f,0.5207f,0.8537f,2.1743f,0.0049f,0.8537f,-0.5207f,1.4197f,0f,0f,0f,1f],start_interpolation: 0,interpolation_duration: 0}
$data merge entity $(bone88) {transformation: [-1f,0.0071f,0.0013f,0.0312f,0.0053f,0.5931f,0.8051f,2.0383f,0.0049f,0.8051f,-0.5931f,1.2984f,0f,0f,0f,1f],start_interpolation: 0,interpolation_duration: 0}
$data merge entity $(bone42) {transformation: [-1f,0f,0f,0f,0f,0.7346f,0.6785f,1.7283f,0f,0.6785f,-0.7346f,1.6922f,0f,0f,0f,1f],start_interpolation: 0,interpolation_duration: 0}
$data merge entity $(bone87) {transformation: [-0.9998f,0.0157f,-0.0096f,-0.0044f,0.0023f,0.6216f,0.7834f,1.2568f,0.0183f,0.7832f,-0.6215f,2.2306f,0f,0f,0f,1f],start_interpolation: 0,interpolation_duration: 0}
$data merge entity $(bone86) {transformation: [-1f,0f,0f,0f,0f,0.7053f,0.7089f,1.4151f,0f,0.7089f,-0.7053f,2.0662f,0f,0f,0f,1f],start_interpolation: 0,interpolation_duration: 0}
$data merge entity $(bone92) {transformation: [-0.8818f,0.2593f,-0.3939f,0.1194f,-0.0821f,0.7382f,0.6696f,1.7997f,0.4644f,0.6228f,-0.6296f,1.7346f,0f,0f,0f,1f],start_interpolation: 0,interpolation_duration: 0}
$data merge entity $(bone3) {transformation: [-0.8818f,-0.2593f,0.3939f,-0.1194f,0.0821f,0.7382f,0.6696f,1.7997f,-0.4644f,0.6228f,-0.6296f,1.7346f,0f,0f,0f,1f],start_interpolation: 0,interpolation_duration: 0}
$data merge entity $(head) {transformation: [-1f,0f,0f,0f,0f,0.7415f,0.671f,1.7302f,0f,0.671f,-0.7415f,1.5084f,0f,0f,0f,1f],start_interpolation: 0,interpolation_duration: 0}
$data merge entity $(neck) {transformation: [-1f,0f,0f,0f,0f,0.5425f,0.84f,1.6387f,0f,0.84f,-0.5425f,1.3667f,0f,0f,0f,1f],start_interpolation: 0,interpolation_duration: 0}
$data merge entity $(bone2) {transformation: [-1f,0f,0f,0f,0f,0.1343f,0.9909f,1.5754f,0f,0.9909f,-0.1343f,1.0551f,0f,0f,0f,1f],start_interpolation: 0,interpolation_duration: 0}
$data merge entity $(bone136) {transformation: [-1f,0f,0f,0f,0f,0.186f,1.108f,1.5564f,0f,0.9825f,-0.2098f,0.8593f,0f,0f,0f,1f],start_interpolation: 0,interpolation_duration: 0}
$data merge entity $(bone118) {transformation: [-0.0735f,-0.849f,-0.5233f,0.257f,0.9925f,-0.1138f,0.0451f,1.7182f,-0.0978f,-0.5161f,0.8509f,0.7726f,0f,0f,0f,1f],start_interpolation: 0,interpolation_duration: 0}
$data merge entity $(bone119) {transformation: [-0.1367f,-0.849f,-0.5105f,0.7354f,0.9906f,-0.1138f,-0.0762f,1.7532f,0.0066f,-0.5161f,0.8565f,-0.0338f,0f,0f,0f,1f],start_interpolation: 0,interpolation_duration: 0}
$data merge entity $(bone120) {transformation: [-0.495f,-0.849f,0.185f,1.6183f,-0.1708f,-0.1138f,-0.9787f,1.0263f,0.8519f,-0.5161f,-0.0887f,0.6284f,0f,0f,0f,1f],start_interpolation: 0,interpolation_duration: 0}
$data merge entity $(bone121) {transformation: [0f,0f,0f,0.9871f,0f,0f,0f,1.8608f,0f,0f,0f,-0.4599f,0f,0f,0f,1f],start_interpolation: 0,interpolation_duration: 0}
$data merge entity $(bone123) {transformation: [0.0733f,-1.7314f,-1.0611f,0.88f,1.9702f,-0.1964f,0.4566f,1.3636f,-0.4916f,-1.0453f,1.6717f,2.4424f,0f,0f,0f,1f],start_interpolation: 0,interpolation_duration: 0}
$data merge entity $(bone124) {transformation: [-0.1003f,-0.8521f,-0.5137f,0.7397f,0.9947f,-0.0967f,-0.0339f,2.7016f,-0.0208f,-0.5144f,0.8573f,-0.2587f,0f,0f,0f,1f],start_interpolation: 0,interpolation_duration: 0}
$data merge entity $(bone122) {transformation: [-0.3541f,-1.3128f,-0.7246f,0.5635f,1.4669f,-0.1489f,-0.4471f,2.6979f,0.311f,-0.7926f,1.2842f,0.0322f,0f,0f,0f,1f],start_interpolation: 0,interpolation_duration: 0}
$data merge entity $(bone126) {transformation: [0.2886f,-0.8521f,-0.4367f,1.1403f,0.7333f,-0.0967f,0.673f,1.9599f,-0.6157f,-0.5144f,0.5969f,-0.7816f,0f,0f,0f,1f],start_interpolation: 0,interpolation_duration: 0}
$data merge entity $(bone127) {transformation: [0.1657f,-0.8521f,-0.4965f,0.8027f,0.8825f,-0.0967f,0.4603f,2.3797f,-0.4402f,-0.5144f,0.7359f,-0.3026f,0f,0f,0f,1f],start_interpolation: 0,interpolation_duration: 0}
$data merge entity $(bone125) {transformation: [0.0442f,-1.1945f,-0.7325f,0.6382f,1.362f,-0.1355f,0.3032f,2.5502f,-0.3291f,-0.7212f,1.1562f,-0.0547f,0f,0f,0f,1f],start_interpolation: 0,interpolation_duration: 0}
$data merge entity $(bone129) {transformation: [1.0396f,-1.589f,-0.1748f,0.4809f,0.0158f,-0.1802f,2.0045f,3.912f,-1.7249f,-0.9594f,-0.087f,2.6245f,0f,0f,0f,1f],start_interpolation: 0,interpolation_duration: 0}
$data merge entity $(bone130) {transformation: [0.539f,-0.8521f,-0.1704f,0.8402f,0.158f,-0.0967f,1.0633f,1.5461f,-0.9224f,-0.5144f,0.0825f,-0.2081f,0f,0f,0f,1f],start_interpolation: 0,interpolation_duration: 0}
$data merge entity $(bone131) {transformation: [0.4656f,-0.8521f,-0.3206f,0.7041f,0.462f,-0.0967f,0.9706f,2.1316f,-0.858f,-0.5144f,0.3486f,-0.0926f,0f,0f,0f,1f],start_interpolation: 0,interpolation_duration: 0}
$data merge entity $(bone128) {transformation: [0.3867f,-0.8983f,-0.4535f,0.6011f,0.7353f,-0.1019f,0.8624f,2.4398f,-0.7786f,-0.5424f,0.5891f,0.0094f,0f,0f,0f,1f],start_interpolation: 0,interpolation_duration: 0}
$data merge entity $(bone132) {transformation: [-0.2007f,-0.8521f,-0.4834f,0.4801f,0.968f,-0.0967f,-0.2315f,2.5825f,0.1506f,-0.5144f,0.8442f,0.2059f,0f,0f,0f,1f],start_interpolation: 0,interpolation_duration: 0}
$data merge entity $(bone133) {transformation: [-0.351f,-1.4465f,-0.714f,0.5457f,1.6927f,-0.1641f,-0.342f,2.5965f,0.2633f,-0.8734f,1.2469f,0.1063f,0f,0f,0f,1f],start_interpolation: 0,interpolation_duration: 0}
$data merge entity $(w5) {transformation: [-0.2007f,-0.8521f,-0.4834f,0.5529f,0.968f,-0.0967f,-0.2315f,2.5299f,0.1506f,-0.5144f,0.8442f,0.1199f,0f,0f,0f,1f],start_interpolation: 0,interpolation_duration: 0}
$data merge entity $(w2) {transformation: [-0.5116f,-0.849f,-0.1323f,0.709f,0.4215f,-0.1138f,-0.8997f,1.7692f,0.7487f,-0.5161f,0.416f,-0.0171f,0f,0f,0f,1f],start_interpolation: 0,interpolation_duration: 0}
$data merge entity $(wing3) {transformation: [-0.0735f,-0.849f,-0.5233f,0.2175f,0.9925f,-0.1138f,0.0451f,1.8218f,-0.0978f,-0.5161f,0.8509f,0.7798f,0f,0f,0f,1f],start_interpolation: 0,interpolation_duration: 0}
$data merge entity $(bone104) {transformation: [-0.0735f,0.849f,0.5233f,-0.257f,-0.9925f,-0.1138f,0.0451f,1.7182f,0.0978f,-0.5161f,0.8509f,0.7726f,0f,0f,0f,1f],start_interpolation: 0,interpolation_duration: 0}
$data merge entity $(bone105) {transformation: [-0.1367f,0.849f,0.5105f,-0.7354f,-0.9906f,-0.1138f,-0.0762f,1.7532f,-0.0066f,-0.5161f,0.8565f,-0.0338f,0f,0f,0f,1f],start_interpolation: 0,interpolation_duration: 0}
$data merge entity $(bone106) {transformation: [-0.495f,0.849f,-0.185f,-1.6183f,0.1708f,-0.1138f,-0.9787f,1.0263f,-0.8519f,-0.5161f,-0.0887f,0.6284f,0f,0f,0f,1f],start_interpolation: 0,interpolation_duration: 0}
$data merge entity $(bone107) {transformation: [0f,0f,0f,-0.9871f,0f,0f,0f,1.8608f,0f,0f,0f,-0.4599f,0f,0f,0f,1f],start_interpolation: 0,interpolation_duration: 0}
$data merge entity $(bone109) {transformation: [0.0858f,1.7314f,0.9987f,-0.9151f,-1.8047f,-0.1964f,0.3951f,1.4696f,0.4812f,-1.0453f,1.5799f,2.3643f,0f,0f,0f,1f],start_interpolation: 0,interpolation_duration: 0}
$data merge entity $(bone110) {transformation: [-0.0864f,0.8521f,0.4857f,-0.73f,-0.9082f,-0.0967f,-0.0421f,2.7051f,0.0275f,-0.5144f,0.8123f,-0.2433f,0f,0f,0f,1f],start_interpolation: 0,interpolation_duration: 0}
$data merge entity $(bone108) {transformation: [-0.3223f,1.3128f,0.6884f,-0.5635f,-1.3349f,-0.1489f,-0.4248f,2.6979f,-0.283f,-0.7926f,1.2199f,0.0322f,0f,0f,0f,1f],start_interpolation: 0,interpolation_duration: 0}
$data merge entity $(bone112) {transformation: [0.2886f,0.8521f,0.4367f,-1.1403f,-0.7333f,-0.0967f,0.673f,1.9599f,0.6157f,-0.5144f,0.5969f,-0.7816f,0f,0f,0f,1f],start_interpolation: 0,interpolation_duration: 0}
$data merge entity $(bone113) {transformation: [0.1657f,0.8521f,0.4965f,-0.8027f,-0.8825f,-0.0967f,0.4603f,2.3797f,0.4402f,-0.5144f,0.7359f,-0.3026f,0f,0f,0f,1f],start_interpolation: 0,interpolation_duration: 0}
$data merge entity $(bone111) {transformation: [0.0442f,1.1945f,0.7325f,-0.6382f,-1.362f,-0.1355f,0.3032f,2.5502f,0.3291f,-0.7212f,1.1562f,-0.0547f,0f,0f,0f,1f],start_interpolation: 0,interpolation_duration: 0}
$data merge entity $(bone115) {transformation: [1.0396f,1.589f,0.1748f,-0.4809f,-0.0158f,-0.1802f,2.0045f,3.912f,1.7249f,-0.9594f,-0.087f,2.6245f,0f,0f,0f,1f],start_interpolation: 0,interpolation_duration: 0}
$data merge entity $(bone116) {transformation: [0.539f,0.8521f,0.1704f,-0.8402f,-0.158f,-0.0967f,1.0633f,1.5461f,0.9224f,-0.5144f,0.0825f,-0.2081f,0f,0f,0f,1f],start_interpolation: 0,interpolation_duration: 0}
$data merge entity $(bone117) {transformation: [0.4656f,0.8521f,0.3206f,-0.7041f,-0.462f,-0.0967f,0.9706f,2.1316f,0.858f,-0.5144f,0.3486f,-0.0926f,0f,0f,0f,1f],start_interpolation: 0,interpolation_duration: 0}
$data merge entity $(bone114) {transformation: [0.3867f,0.8983f,0.4535f,-0.6011f,-0.7353f,-0.1019f,0.8624f,2.4398f,0.7786f,-0.5424f,0.5891f,0.0094f,0f,0f,0f,1f],start_interpolation: 0,interpolation_duration: 0}
$data merge entity $(bone134) {transformation: [-0.2007f,0.8521f,0.4834f,-0.4801f,-0.968f,-0.0967f,-0.2315f,2.5825f,-0.1506f,-0.5144f,0.8442f,0.2059f,0f,0f,0f,1f],start_interpolation: 0,interpolation_duration: 0}
$data merge entity $(bone135) {transformation: [-0.351f,1.4465f,0.714f,-0.5457f,-1.6927f,-0.1641f,-0.342f,2.5965f,-0.2633f,-0.8734f,1.2469f,0.1063f,0f,0f,0f,1f],start_interpolation: 0,interpolation_duration: 0}
$data merge entity $(w4) {transformation: [-0.2007f,0.8521f,0.4834f,-0.5529f,-0.968f,-0.0967f,-0.2315f,2.5299f,-0.1506f,-0.5144f,0.8442f,0.1199f,0f,0f,0f,1f],start_interpolation: 0,interpolation_duration: 0}
$data merge entity $(w3) {transformation: [-0.5116f,0.849f,0.1323f,-0.709f,-0.4215f,-0.1138f,-0.8997f,1.7692f,-0.7487f,-0.5161f,0.416f,-0.0171f,0f,0f,0f,1f],start_interpolation: 0,interpolation_duration: 0}
$data merge entity $(wing2) {transformation: [-0.0735f,0.849f,0.5233f,-0.2175f,-0.9925f,-0.1138f,0.0451f,1.8218f,0.0978f,-0.5161f,0.8509f,0.7798f,0f,0f,0f,1f],start_interpolation: 0,interpolation_duration: 0}
$data merge entity $(bone20) {transformation: [-1f,0f,0f,-0.1563f,0f,-0.1699f,0.9855f,1.5733f,0f,0.9855f,0.1699f,0.3246f,0f,0f,0f,1f],start_interpolation: 0,interpolation_duration: 0}
$data merge entity $(bone101) {transformation: [-1f,0f,0f,0f,0f,-0.4857f,0.8741f,1.1576f,0f,0.8741f,0.4857f,-2.6981f,0f,0f,0f,1f],start_interpolation: 0,interpolation_duration: 0}
$data merge entity $(bone100) {transformation: [-1f,0f,0f,0f,0f,0.1851f,0.9827f,0.7134f,0f,0.9827f,-0.1851f,-2.6081f,0f,0f,0f,1f],start_interpolation: 0,interpolation_duration: 0}
$data merge entity $(bone99) {transformation: [-1f,0f,0f,0f,0f,0.5338f,0.8456f,0.2854f,0f,0.8456f,-0.5338f,-2.3379f,0f,0f,0f,1f],start_interpolation: 0,interpolation_duration: 0}
$data merge entity $(bone98) {transformation: [-1f,0f,0f,0f,0f,0.8858f,0.464f,0.0563f,0f,0.464f,-0.8858f,-1.9005f,0f,0f,0f,1f],start_interpolation: 0,interpolation_duration: 0}
$data merge entity $(bone97) {transformation: [-1f,0f,0f,0f,0f,0.9864f,-0.1644f,0.1405f,0f,-0.1644f,-0.9864f,-1.395f,0f,0f,0f,1f],start_interpolation: 0,interpolation_duration: 0}
$data merge entity $(bone96) {transformation: [-1f,0f,0f,0f,0f,0.8484f,-0.5294f,0.4052f,0f,-0.5294f,-0.8484f,-0.9708f,0f,0f,0f,1f],start_interpolation: 0,interpolation_duration: 0}
$data merge entity $(bone95) {transformation: [-1f,0f,0f,0f,0f,0.6499f,-0.76f,0.7805f,0f,-0.76f,-0.6499f,-0.6499f,0f,0f,0f,1f],start_interpolation: 0,interpolation_duration: 0}
$data merge entity $(bone94) {transformation: [-1f,0f,0f,0f,0f,0.5812f,-0.8137f,1.1823f,0f,-0.8137f,-0.5812f,-0.3629f,0f,0f,0f,1f],start_interpolation: 0,interpolation_duration: 0}
$data merge entity $(bone93) {transformation: [-1f,0f,0f,0f,0f,0.7137f,-0.7005f,1.4471f,0f,-0.7005f,-0.7137f,-0.093f,0f,0f,0f,1f],start_interpolation: 0,interpolation_duration: 0}
$data merge entity $(bone) {transformation: [-1f,0f,0f,0f,0f,0.5373f,0.8434f,1.3549f,0f,0.8434f,-0.5373f,-0.0343f,0f,0f,0f,1f],start_interpolation: 0,interpolation_duration: 0}
$data merge entity $(bone24) {transformation: [-0.9665f,-0.2565f,0.0006f,0.1031f,-0.2563f,0.9659f,0.0355f,1.2962f,-0.0097f,0.0342f,-0.9994f,-0.0355f,0f,0f,0f,1f],start_interpolation: 0,interpolation_duration: 0}
$data merge entity $(bone32) {transformation: [-0.9973f,-0.0557f,-0.0487f,0.2295f,-0.0691f,0.4647f,0.8828f,0.6229f,-0.0265f,0.8837f,-0.4673f,-0.3016f,0f,0f,0f,1f],start_interpolation: 0,interpolation_duration: 0}
$data merge entity $(bone36) {transformation: [-0.999f,-0.0144f,-0.0435f,0.3368f,-0.0162f,0.999f,0.041f,0.299f,0.0428f,0.0417f,-0.9982f,-1.012f,0f,0f,0f,1f],start_interpolation: 0,interpolation_duration: 0}
$data merge entity $(bone35) {transformation: [-0.999f,0.0093f,-0.0448f,0.2996f,-0.0162f,0.8447f,0.535f,0.4219f,0.0428f,0.5352f,-0.8436f,-0.9273f,0f,0f,0f,1f],start_interpolation: 0,interpolation_duration: 0}
$data merge entity $(bone34) {transformation: [-0.999f,0.0151f,-0.0432f,0.3023f,-0.0162f,0.7676f,0.6407f,0.497f,0.0428f,0.6407f,-0.7666f,-0.8675f,0f,0f,0f,1f],start_interpolation: 0,interpolation_duration: 0}
$data merge entity $(bone77) {transformation: [-0.9333f,0.3554f,-0.0517f,0.1063f,0.0248f,-0.0798f,-0.9965f,0.0729f,-0.3582f,-0.9313f,0.0657f,-0.3562f,0f,0f,0f,1f],start_interpolation: 0,interpolation_duration: 0}
$data merge entity $(bone75) {transformation: [-0.9333f,0.3554f,-0.0517f,0.1688f,0.0248f,-0.0798f,-0.9965f,0.0602f,-0.3582f,-0.9313f,0.0657f,-0.5311f,0f,0f,0f,1f],start_interpolation: 0,interpolation_duration: 0}
$data merge entity $(bone39) {transformation: [-0.9333f,0.3554f,-0.0517f,0.2306f,0.0248f,-0.0798f,-0.9965f,0.0444f,-0.3582f,-0.9313f,0.0657f,-0.6896f,0f,0f,0f,1f],start_interpolation: 0,interpolation_duration: 0}
$data merge entity $(bone76) {transformation: [-0.9594f,-0.2817f,-0.0167f,0.4995f,0.027f,-0.0327f,-0.9991f,0.0524f,0.2809f,-0.959f,0.0389f,-0.3324f,0f,0f,0f,1f],start_interpolation: 0,interpolation_duration: 0}
$data merge entity $(bone74) {transformation: [-0.9594f,-0.2817f,-0.0167f,0.4825f,0.027f,-0.0327f,-0.9991f,0.0542f,0.2809f,-0.959f,0.0389f,-0.5287f,0f,0f,0f,1f],start_interpolation: 0,interpolation_duration: 0}
$data merge entity $(bone40) {transformation: [-0.9594f,-0.2817f,-0.0167f,0.4331f,0.027f,-0.0327f,-0.9991f,0.0466f,0.2809f,-0.959f,0.0389f,-0.6921f,0f,0f,0f,1f],start_interpolation: 0,interpolation_duration: 0}
$data merge entity $(bone79) {transformation: [-0.9998f,0.0184f,-0.01f,0.3156f,0.0094f,-0.0328f,-0.9994f,0.0606f,-0.0187f,-0.9993f,0.0327f,-0.2919f,0f,0f,0f,1f],start_interpolation: 0,interpolation_duration: 0}
$data merge entity $(bone78) {transformation: [-0.9998f,0.0184f,-0.01f,0.3233f,0.0094f,-0.0328f,-0.9994f,0.056f,-0.0187f,-0.9993f,0.0327f,-0.4925f,0f,0f,0f,1f],start_interpolation: 0,interpolation_duration: 0}
$data merge entity $(bone41) {transformation: [-0.9998f,0.0184f,-0.01f,0.3256f,0.0094f,-0.0328f,-0.9994f,0.0474f,-0.0187f,-0.9993f,0.0327f,-0.6915f,0f,0f,0f,1f],start_interpolation: 0,interpolation_duration: 0}
$data merge entity $(bone38) {transformation: [-1f,0.0053f,-0.0074f,0.3385f,0.0077f,0.9264f,-0.3765f,0.3097f,0.0049f,-0.3765f,-0.9264f,-0.7746f,0f,0f,0f,1f],start_interpolation: 0,interpolation_duration: 0}
$data merge entity $(bone33) {transformation: [-0.9996f,-0.0213f,-0.0186f,0.3225f,-0.028f,0.8442f,0.5353f,0.5335f,0.0043f,0.5356f,-0.8445f,-0.6319f,0f,0f,0f,1f],start_interpolation: 0,interpolation_duration: 0}
$data merge entity $(bone31) {transformation: [-0.9973f,-0.0469f,-0.0573f,0.2784f,-0.0691f,0.3126f,0.9474f,0.6773f,-0.0265f,0.9487f,-0.315f,0.2202f,0f,0f,0f,1f],start_interpolation: 0,interpolation_duration: 0}
$data merge entity $(bone19) {transformation: [-0.9852f,-0.1668f,0.0391f,0.1713f,-0.1711f,0.9674f,-0.1869f,1.3037f,-0.0066f,-0.1908f,-0.9816f,-0.0343f,0f,0f,0f,1f],start_interpolation: 0,interpolation_duration: 0}
$data merge entity $(bone44) {transformation: [-0.7988f,0.5167f,0.3082f,-0.1116f,0.1766f,0.691f,-0.701f,1.2981f,-0.5751f,-0.5055f,-0.6432f,-0.001f,0f,0f,0f,1f],start_interpolation: 0,interpolation_duration: 0}
$data merge entity $(bone46) {transformation: [-0.8888f,-0.2359f,0.393f,-0.2843f,0.0599f,0.7903f,0.6098f,0.7914f,-0.4545f,0.5655f,-0.6883f,0.1106f,0f,0f,0f,1f],start_interpolation: 0,interpolation_duration: 0}
$data merge entity $(bone50) {transformation: [-0.8705f,-0.1252f,0.476f,-0.0718f,0.0236f,0.9554f,0.2944f,0.3293f,-0.4916f,0.2675f,-0.8287f,-0.539f,0f,0f,0f,1f],start_interpolation: 0,interpolation_duration: 0}
$data merge entity $(bone49) {transformation: [-0.8705f,-0.3464f,0.3497f,-0.0909f,0.0236f,0.6802f,0.7327f,0.4267f,-0.4916f,0.646f,-0.5839f,-0.4215f,0f,0f,0f,1f],start_interpolation: 0,interpolation_duration: 0}
$data merge entity $(bone48) {transformation: [-0.8705f,-0.3891f,0.3015f,-0.1288f,0.0236f,0.5787f,0.8152f,0.484f,-0.4916f,0.7167f,-0.4946f,-0.3544f,0f,0f,0f,1f],start_interpolation: 0,interpolation_duration: 0}
$data merge entity $(bone54) {transformation: [-0.9803f,0.1966f,0.0174f,-0.2535f,-0.024f,-0.0309f,-0.9992f,0.0647f,-0.1959f,-0.98f,0.035f,0.2183f,0f,0f,0f,1f],start_interpolation: 0,interpolation_duration: 0}
$data merge entity $(bone53) {transformation: [-0.9803f,0.1966f,0.0174f,-0.213f,-0.024f,-0.0309f,-0.9992f,0.0611f,-0.1959f,-0.98f,0.035f,0.0366f,0f,0f,0f,1f],start_interpolation: 0,interpolation_duration: 0}
$data merge entity $(bone52) {transformation: [-0.9803f,0.1966f,0.0174f,-0.1807f,-0.024f,-0.0309f,-0.9992f,0.0537f,-0.1959f,-0.98f,0.035f,-0.1309f,0f,0f,0f,1f],start_interpolation: 0,interpolation_duration: 0}
$data merge entity $(bone57) {transformation: [-0.7273f,0.6862f,0.0127f,-0.5816f,-0.0189f,-0.0015f,-0.9998f,0.0603f,-0.686f,-0.7274f,0.0141f,0.0649f,0f,0f,0f,1f],start_interpolation: 0,interpolation_duration: 0}
$data merge entity $(bone56) {transformation: [-0.7273f,0.6862f,0.0127f,-0.4775f,-0.0189f,-0.0015f,-0.9998f,0.0685f,-0.686f,-0.7274f,0.0141f,-0.1022f,0f,0f,0f,1f],start_interpolation: 0,interpolation_duration: 0}
$data merge entity $(bone55) {transformation: [-0.7273f,0.6862f,0.0127f,-0.3594f,-0.0189f,-0.0015f,-0.9998f,0.0662f,-0.686f,-0.7274f,0.0141f,-0.2255f,0f,0f,0f,1f],start_interpolation: 0,interpolation_duration: 0}
$data merge entity $(bone60) {transformation: [-0.8801f,0.4741f,-0.0247f,-0.4513f,0.0123f,-0.0292f,-0.9995f,0.0732f,-0.4746f,-0.88f,0.0198f,0.1773f,0f,0f,0f,1f],start_interpolation: 0,interpolation_duration: 0}
$data merge entity $(bone59) {transformation: [-0.8801f,0.4741f,-0.0247f,-0.3596f,0.0123f,-0.0292f,-0.9995f,0.0694f,-0.4746f,-0.88f,0.0198f,-0.0013f,0f,0f,0f,1f],start_interpolation: 0,interpolation_duration: 0}
$data merge entity $(bone58) {transformation: [-0.8801f,0.4741f,-0.0247f,-0.264f,0.0123f,-0.0292f,-0.9995f,0.0615f,-0.4746f,-0.88f,0.0198f,-0.176f,0f,0f,0f,1f],start_interpolation: 0,interpolation_duration: 0}
$data merge entity $(bone51) {transformation: [-0.8865f,0.2181f,0.408f,-0.2231f,0.0437f,0.9174f,-0.3957f,0.3223f,-0.4606f,-0.333f,-0.8228f,-0.2545f,0f,0f,0f,1f],start_interpolation: 0,interpolation_duration: 0}
$data merge entity $(bone47) {transformation: [-0.8865f,-0.1187f,0.4471f,-0.2457f,0.0437f,0.9408f,0.3363f,0.5717f,-0.4606f,0.3176f,-0.8288f,-0.165f,0f,0f,0f,1f],start_interpolation: 0,interpolation_duration: 0}
$data merge entity $(bone45) {transformation: [-0.8888f,-0.2976f,0.3487f,-0.5353f,0.0599f,0.6788f,0.7319f,1.0568f,-0.4545f,0.6713f,-0.5855f,0.4903f,0f,0f,0f,1f],start_interpolation: 0,interpolation_duration: 0}
$data merge entity $(bone43) {transformation: [-0.8408f,0.503f,0.2001f,-0.1713f,0.1157f,0.528f,-0.8413f,1.3037f,-0.5289f,-0.6842f,-0.5022f,-0.0343f,0f,0f,0f,1f],start_interpolation: 0,interpolation_duration: 0}