# This file was generated by Animated Java via MC-Build. It is not recommended to edit this file directly.
$data merge entity $(bone5) {transformation: [-0.9947f,-0.1022f,0.0113f,0.3849f,-0.0922f,0.9357f,0.3404f,1.512f,-0.0454f,0.3376f,-0.9402f,0.9771f,0f,0f,0f,1f],start_interpolation: 0,interpolation_duration: 0}
$data merge entity $(bone6) {transformation: [0.0164f,-0.2647f,-0.9642f,0.4942f,-0.4334f,0.8671f,-0.2454f,1.2819f,0.901f,0.4219f,-0.1005f,0.9037f,0f,0f,0f,1f],start_interpolation: 0,interpolation_duration: 0}
$data merge entity $(bone8) {transformation: [-0.2593f,-0.0571f,0.9641f,0.6361f,-0.0779f,0.9962f,0.038f,0.5937f,-0.9627f,-0.0652f,-0.2627f,0.7578f,0f,0f,0f,1f],start_interpolation: 0,interpolation_duration: 0}
$data merge entity $(bone9) {transformation: [-0.2593f,-0.0571f,0.9641f,0.7982f,-0.0779f,0.9962f,0.038f,0.7662f,-0.9627f,-0.0652f,-0.2627f,0.6926f,0f,0f,0f,1f],start_interpolation: 0,interpolation_duration: 0}
$data merge entity $(bone10) {transformation: [-0.2301f,-0.1324f,0.9641f,0.618f,-0.3739f,0.9267f,0.038f,0.5846f,-0.8985f,-0.3517f,-0.2627f,0.734f,0f,0f,0f,1f],start_interpolation: 0,interpolation_duration: 0}
$data merge entity $(bone12) {transformation: [-0.1989f,-0.5101f,0.8368f,0.7574f,-0.8803f,0.4682f,0.0762f,0.0744f,-0.4307f,-0.7215f,-0.5422f,0.9425f,0f,0f,0f,1f],start_interpolation: 0,interpolation_duration: 0}
$data merge entity $(bone15) {transformation: [0.9839f,-0.1053f,0.1443f,0.3804f,-0.1604f,-0.1654f,0.9731f,0.0248f,-0.0786f,-0.9806f,-0.1796f,0.9963f,0f,0f,0f,1f],start_interpolation: 0,interpolation_duration: 0}
$data merge entity $(bone14) {transformation: [0.9368f,-0.1053f,-0.3335f,0.5008f,0.3142f,-0.1654f,0.9348f,0.0664f,-0.1536f,-0.9806f,-0.1218f,0.9751f,0f,0f,0f,1f],start_interpolation: 0,interpolation_duration: 0}
$data merge entity $(bone13) {transformation: [0.7663f,-0.1053f,-0.6338f,0.6007f,0.615f,-0.1654f,0.771f,0.1442f,-0.186f,-0.9806f,-0.062f,0.9479f,0f,0f,0f,1f],start_interpolation: 0,interpolation_duration: 0}
$data merge entity $(bone18) {transformation: [-0.0425f,-0.9984f,-0.0366f,0.7366f,0.991f,-0.0468f,0.1255f,-0.1001f,-0.127f,-0.0309f,0.9914f,1.3722f,0f,0f,0f,1f],start_interpolation: 0,interpolation_duration: 0}
$data merge entity $(bone17) {transformation: [-0.0091f,-0.9984f,-0.0554f,0.7348f,0.6785f,-0.0468f,0.7331f,0.0336f,-0.7346f,-0.0309f,0.6778f,1.2274f,0f,0f,0f,1f],start_interpolation: 0,interpolation_duration: 0}
$data merge entity $(bone16) {transformation: [0.0219f,-0.9984f,-0.0517f,0.7338f,0.1817f,-0.0468f,0.9822f,0.0584f,-0.9831f,-0.0309f,0.1804f,1.0828f,0f,0f,0f,1f],start_interpolation: 0,interpolation_duration: 0}
$data merge entity $(bone27) {transformation: [-0.8572f,-0.5116f,-0.0593f,1.1801f,-0.0161f,-0.0884f,0.996f,0.0375f,-0.5148f,0.8547f,0.0675f,1.1304f,0f,0f,0f,1f],start_interpolation: 0,interpolation_duration: 0}
$data merge entity $(bone26) {transformation: [-0.8453f,-0.532f,-0.0493f,1.0457f,-0.012f,-0.0733f,0.9972f,0.0363f,-0.5342f,0.8436f,0.0556f,1.0532f,0f,0f,0f,1f],start_interpolation: 0,interpolation_duration: 0}
$data merge entity $(bone25) {transformation: [-0.8292f,-0.532f,0.1712f,0.8931f,0.2466f,-0.0733f,0.9664f,0.079f,-0.5016f,0.8436f,0.192f,0.9658f,0f,0f,0f,1f],start_interpolation: 0,interpolation_duration: 0}
$data merge entity $(bone30) {transformation: [-0.1871f,-0.8709f,0.4544f,0.996f,0.9517f,-0.0461f,0.3036f,-0.0974f,-0.2435f,0.4892f,0.8375f,1.3307f,0f,0f,0f,1f],start_interpolation: 0,interpolation_duration: 0}
$data merge entity $(bone29) {transformation: [-0.3919f,-0.8709f,0.2965f,0.9225f,0.6659f,-0.0461f,0.7446f,0.034f,-0.6348f,0.4892f,0.598f,1.2035f,0f,0f,0f,1f],start_interpolation: 0,interpolation_duration: 0}
$data merge entity $(bone28) {transformation: [-0.4899f,-0.8709f,0.0378f,0.8196f,0.1581f,-0.0461f,0.9863f,0.0641f,-0.8573f,0.4892f,0.1603f,1.0319f,0f,0f,0f,1f],start_interpolation: 0,interpolation_duration: 0}
$data merge entity $(bone7) {transformation: [0.9641f,-0.0683f,0.2565f,0.6016f,0.038f,0.9919f,0.1213f,0.9294f,-0.2627f,-0.1072f,0.9589f,0.7176f,0f,0f,0f,1f],start_interpolation: 0,interpolation_duration: 0}
$data merge entity $(bone4) {transformation: [-0.9642f,-0.2649f,0.0113f,0.3501f,-0.2454f,0.9077f,0.3404f,1.618f,-0.1005f,0.3255f,-0.9402f,0.9875f,0f,0f,0f,1f],start_interpolation: 0,interpolation_duration: 0}
$data merge entity $(bone62) {transformation: [-0.9108f,0.3695f,0.1841f,-0.4164f,0.4086f,0.7431f,0.5299f,1.5352f,0.059f,0.5579f,-0.8278f,0.9511f,0f,0f,0f,1f],start_interpolation: 0,interpolation_duration: 0}
$data merge entity $(bone63) {transformation: [0.2369f,0.4927f,0.8373f,-0.5873f,0.5966f,0.6064f,-0.5257f,1.3787f,-0.7668f,0.624f,-0.1503f,0.8226f,0f,0f,0f,1f],start_interpolation: 0,interpolation_duration: 0}
$data merge entity $(bone65) {transformation: [-0.0357f,0.1423f,-0.9892f,-0.8451f,0.1581f,0.9781f,0.135f,0.8085f,0.9868f,-0.1516f,-0.0575f,0.6268f,0f,0f,0f,1f],start_interpolation: 0,interpolation_duration: 0}
$data merge entity $(bone66) {transformation: [-0.0357f,0.1423f,-0.9892f,-0.999f,0.1581f,0.9781f,0.135f,0.9948f,0.9868f,-0.1516f,-0.0575f,0.584f,0f,0f,0f,1f],start_interpolation: 0,interpolation_duration: 0}
$data merge entity $(bone67) {transformation: [0.0087f,0.1465f,-0.9892f,-0.8335f,0.4449f,0.8853f,0.135f,0.7962f,0.8955f,-0.4413f,-0.0575f,0.6005f,0f,0f,0f,1f],start_interpolation: 0,interpolation_duration: 0}
$data merge entity $(bone69) {transformation: [-0.2536f,0.092f,-0.9629f,-0.9148f,0.3592f,0.9332f,-0.0055f,0.2282f,0.8981f,-0.3473f,-0.2697f,0.7667f,0f,0f,0f,1f],start_interpolation: 0,interpolation_duration: 0}
$data merge entity $(bone72) {transformation: [0.9248f,0.2561f,0.2815f,-0.631f,-0.3406f,0.2273f,0.9123f,0.1416f,0.1697f,-0.9396f,0.2974f,0.7924f,0f,0f,0f,1f],start_interpolation: 0,interpolation_duration: 0}
$data merge entity $(bone71) {transformation: [0.7421f,0.2561f,0.6194f,-0.7257f,-0.669f,0.2273f,0.7076f,0.2292f,0.0405f,-0.9396f,0.34f,0.7865f,0f,0f,0f,1f],start_interpolation: 0,interpolation_duration: 0}
$data merge entity $(bone70) {transformation: [0.4855f,0.2561f,0.8359f,-0.7891f,-0.8707f,0.2273f,0.4361f,0.342f,-0.0783f,-0.9396f,0.3333f,0.793f,0f,0f,0f,1f],start_interpolation: 0,interpolation_duration: 0}
$data merge entity $(bone81) {transformation: [0.1575f,0.9865f,0.0454f,-0.7966f,-0.4843f,0.0371f,0.8741f,-0.065f,0.8606f,-0.1597f,0.4836f,1.1137f,0f,0f,0f,1f],start_interpolation: 0,interpolation_duration: 0}
$data merge entity $(bone80) {transformation: [0.1273f,0.9865f,0.1033f,-0.8216f,-0.7873f,0.0371f,0.6155f,0.0901f,0.6033f,-0.1597f,0.7814f,0.9948f,0f,0f,0f,1f],start_interpolation: 0,interpolation_duration: 0}
$data merge entity $(bone73) {transformation: [0.1595f,0.9865f,0.0376f,-0.8408f,-0.4409f,0.0371f,0.8968f,0.1534f,0.8832f,-0.1597f,0.4409f,0.8638f,0f,0f,0f,1f],start_interpolation: 0,interpolation_duration: 0}
$data merge entity $(bone84) {transformation: [-0.716f,0.6918f,0.094f,-1.2534f,0.1067f,-0.0247f,0.994f,0.0296f,0.6899f,0.7217f,-0.0561f,1.0136f,0f,0f,0f,1f],start_interpolation: 0,interpolation_duration: 0}
$data merge entity $(bone83) {transformation: [-0.6792f,0.7089f,-0.19f,-1.1439f,-0.2724f,-0.0031f,0.9622f,0.0729f,0.6815f,0.7053f,0.1952f,0.9129f,0f,0f,0f,1f],start_interpolation: 0,interpolation_duration: 0}
$data merge entity $(bone82) {transformation: [-0.6069f,0.7089f,-0.3593f,-1.0305f,-0.5122f,-0.0031f,0.8589f,0.1641f,0.6078f,0.7053f,0.3649f,0.8054f,0f,0f,0f,1f],start_interpolation: 0,interpolation_duration: 0}
$data merge entity $(bone103) {transformation: [-0.2922f,0.9505f,-0.1056f,-1.035f,-0.2861f,0.0185f,0.958f,-0.0718f,0.9125f,0.3102f,0.2665f,1.1508f,0f,0f,0f,1f],start_interpolation: 0,interpolation_duration: 0}
$data merge entity $(bone102) {transformation: [-0.2148f,0.9505f,-0.2245f,-0.9967f,-0.6822f,0.0185f,0.7309f,0.0625f,0.6989f,0.3102f,0.6444f,1.0117f,0f,0f,0f,1f],start_interpolation: 0,interpolation_duration: 0}
$data merge entity $(bone85) {transformation: [-0.2719f,0.9505f,-0.1505f,-0.9374f,-0.434f,0.0185f,0.9007f,0.1489f,0.8589f,0.3102f,0.4075f,0.8386f,0f,0f,0f,1f],start_interpolation: 0,interpolation_duration: 0}
$data merge entity $(bone64) {transformation: [0.9892f,0.1438f,-0.0295f,-0.7862f,-0.135f,0.9703f,0.2006f,1.1354f,0.0575f,-0.1945f,0.9792f,0.5548f,0f,0f,0f,1f],start_interpolation: 0,interpolation_duration: 0}
$data merge entity $(bone61) {transformation: [-0.8373f,0.5148f,0.1841f,-0.3501f,0.5257f,0.6655f,0.5299f,1.618f,0.1503f,0.5405f,-0.8278f,0.9875f,0f,0f,0f,1f],start_interpolation: 0,interpolation_duration: 0}
$data merge entity $(bone23) {transformation: [-0.7934f,-0.6088f,0f,0.1071f,-0.0829f,0.1081f,0.9907f,1.5408f,-0.6031f,0.786f,-0.1362f,1.0112f,0f,0f,0f,1f],start_interpolation: 0,interpolation_duration: 0}
$data merge entity $(bone22) {transformation: [-0.7934f,0.6088f,0f,-0.1071f,0.0829f,0.1081f,0.9907f,1.5408f,0.6031f,0.786f,-0.1362f,1.0112f,0f,0f,0f,1f],start_interpolation: 0,interpolation_duration: 0}
$data merge entity $(bone89) {transformation: [-1f,0.0072f,0.0007f,0.002f,0.0053f,0.6611f,0.7503f,2.2365f,0.0049f,0.7503f,-0.6611f,1.5f,0f,0f,0f,1f],start_interpolation: 0,interpolation_duration: 0}
$data merge entity $(bone90) {transformation: [-1f,0.0069f,0.0019f,0.0013f,0.0053f,0.5208f,0.8537f,2.1772f,0.0049f,0.8537f,-0.5208f,1.4195f,0f,0f,0f,1f],start_interpolation: 0,interpolation_duration: 0}
$data merge entity $(bone88) {transformation: [-1f,0.0071f,0.0013f,0.0312f,0.0053f,0.5932f,0.805f,2.0412f,0.0049f,0.805f,-0.5932f,1.2982f,0f,0f,0f,1f],start_interpolation: 0,interpolation_duration: 0}
$data merge entity $(bone42) {transformation: [-1f,0f,0f,0f,0f,0.7349f,0.6782f,1.7312f,0f,0.6782f,-0.7349f,1.692f,0f,0f,0f,1f],start_interpolation: 0,interpolation_duration: 0}
$data merge entity $(bone87) {transformation: [-0.9998f,0.0157f,-0.0096f,-0.0044f,0.0023f,0.6216f,0.7833f,1.2598f,0.0183f,0.7831f,-0.6216f,2.2306f,0f,0f,0f,1f],start_interpolation: 0,interpolation_duration: 0}
$data merge entity $(bone86) {transformation: [-1f,0f,0f,0f,0f,0.7054f,0.7088f,1.4181f,0f,0.7088f,-0.7054f,2.0661f,0f,0f,0f,1f],start_interpolation: 0,interpolation_duration: 0}
$data merge entity $(bone92) {transformation: [-0.8818f,0.2593f,-0.3939f,0.1194f,-0.082f,0.7382f,0.6695f,1.8027f,0.4644f,0.6227f,-0.6297f,1.7345f,0f,0f,0f,1f],start_interpolation: 0,interpolation_duration: 0}
$data merge entity $(bone3) {transformation: [-0.8818f,-0.2593f,0.3939f,-0.1194f,0.082f,0.7382f,0.6695f,1.8027f,-0.4644f,0.6227f,-0.6297f,1.7345f,0f,0f,0f,1f],start_interpolation: 0,interpolation_duration: 0}
$data merge entity $(head) {transformation: [-1f,0f,0f,0f,0f,0.7415f,0.6709f,1.7331f,0f,0.6709f,-0.7415f,1.5083f,0f,0f,0f,1f],start_interpolation: 0,interpolation_duration: 0}
$data merge entity $(neck) {transformation: [-1f,0f,0f,0f,0f,0.5426f,0.84f,1.6415f,0f,0.84f,-0.5426f,1.3665f,0f,0f,0f,1f],start_interpolation: 0,interpolation_duration: 0}
$data merge entity $(bone2) {transformation: [-1f,0f,0f,0f,0f,0.1362f,0.9907f,1.5777f,0f,0.9907f,-0.1362f,1.0551f,0f,0f,0f,1f],start_interpolation: 0,interpolation_duration: 0}
$data merge entity $(bone136) {transformation: [-1f,0f,0f,0f,0f,0.1879f,1.1093f,1.5583f,0f,0.9822f,-0.2122f,0.8593f,0f,0f,0f,1f],start_interpolation: 0,interpolation_duration: 0}
$data merge entity $(bone118) {transformation: [-0.0753f,-0.849f,-0.5231f,0.2571f,0.9924f,-0.1147f,0.0434f,1.7201f,-0.0969f,-0.5159f,0.8512f,0.7721f,0f,0f,0f,1f],start_interpolation: 0,interpolation_duration: 0}
$data merge entity $(bone119) {transformation: [-0.1385f,-0.849f,-0.51f,0.7352f,0.9903f,-0.1147f,-0.0779f,1.7567f,0.0076f,-0.5159f,0.8566f,-0.0345f,0f,0f,0f,1f],start_interpolation: 0,interpolation_duration: 0}
$data merge entity $(bone120) {transformation: [-0.4944f,-0.849f,0.1867f,1.6196f,-0.1724f,-0.1147f,-0.9783f,1.0307f,0.852f,-0.5159f,-0.0897f,0.6266f,0f,0f,0f,1f],start_interpolation: 0,interpolation_duration: 0}
$data merge entity $(bone121) {transformation: [0f,0f,0f,0.9866f,0f,0f,0f,1.8651f,0f,0f,0f,-0.4606f,0f,0f,0f,1f],start_interpolation: 0,interpolation_duration: 0}
$data merge entity $(bone123) {transformation: [0.0707f,-1.7314f,-1.0612f,0.8807f,1.9704f,-0.1984f,0.455f,1.3667f,-0.4914f,-1.0448f,1.672f,2.4422f,0f,0f,0f,1f],start_interpolation: 0,interpolation_duration: 0}
$data merge entity $(bone124) {transformation: [-0.1016f,-0.8521f,-0.5135f,0.7379f,0.9946f,-0.0977f,-0.0347f,2.7049f,-0.0206f,-0.5142f,0.8574f,-0.2586f,0f,0f,0f,1f],start_interpolation: 0,interpolation_duration: 0}
$data merge entity $(bone122) {transformation: [-0.3559f,-1.3129f,-0.7237f,0.5618f,1.4664f,-0.1505f,-0.4482f,2.7009f,0.3113f,-0.7923f,1.2843f,0.0323f,0f,0f,0f,1f],start_interpolation: 0,interpolation_duration: 0}
$data merge entity $(bone126) {transformation: [0.2874f,-0.8521f,-0.4374f,1.1392f,0.7337f,-0.0977f,0.6724f,1.9637f,-0.6157f,-0.5142f,0.5971f,-0.7818f,0f,0f,0f,1f],start_interpolation: 0,interpolation_duration: 0}
$data merge entity $(bone127) {transformation: [0.1644f,-0.8521f,-0.4969f,0.8013f,0.8827f,-0.0977f,0.4596f,2.383f,-0.4401f,-0.5142f,0.7361f,-0.3026f,0f,0f,0f,1f],start_interpolation: 0,interpolation_duration: 0}
$data merge entity $(bone125) {transformation: [0.0424f,-1.1945f,-0.7325f,0.6366f,1.3621f,-0.1369f,0.3021f,2.5533f,-0.3289f,-0.7209f,1.1565f,-0.0546f,0f,0f,0f,1f],start_interpolation: 0,interpolation_duration: 0}
$data merge entity $(bone129) {transformation: [1.0391f,-1.589f,-0.1774f,0.4784f,0.0174f,-0.1821f,2.0043f,3.9145f,-1.7252f,-0.9589f,-0.0867f,2.6248f,0f,0f,0f,1f],start_interpolation: 0,interpolation_duration: 0}
$data merge entity $(bone130) {transformation: [0.5385f,-0.8521f,-0.1718f,0.8399f,0.1588f,-0.0977f,1.063f,1.5495f,-0.9226f,-0.5142f,0.0827f,-0.2082f,0f,0f,0f,1f],start_interpolation: 0,interpolation_duration: 0}
$data merge entity $(bone131) {transformation: [0.4648f,-0.8521f,-0.3217f,0.703f,0.4627f,-0.0977f,0.9702f,2.1348f,-0.8581f,-0.5142f,0.3488f,-0.0926f,0f,0f,0f,1f],start_interpolation: 0,interpolation_duration: 0}
$data merge entity $(bone128) {transformation: [0.3855f,-0.8983f,-0.4544f,0.5997f,0.7359f,-0.103f,0.8617f,2.4429f,-0.7786f,-0.5421f,0.5894f,0.0095f,0f,0f,0f,1f],start_interpolation: 0,interpolation_duration: 0}
$data merge entity $(bone132) {transformation: [-0.2019f,-0.8521f,-0.4829f,0.4785f,0.9677f,-0.0977f,-0.2323f,2.5854f,0.1508f,-0.5142f,0.8443f,0.2061f,0f,0f,0f,1f],start_interpolation: 0,interpolation_duration: 0}
$data merge entity $(bone133) {transformation: [-0.353f,-1.4466f,-0.7132f,0.5441f,1.6922f,-0.1658f,-0.3431f,2.5994f,0.2636f,-0.873f,1.247f,0.1064f,0f,0f,0f,1f],start_interpolation: 0,interpolation_duration: 0}
$data merge entity $(w5) {transformation: [-0.2019f,-0.8521f,-0.4829f,0.5514f,0.9677f,-0.0977f,-0.2323f,2.5329f,0.1508f,-0.5142f,0.8443f,0.12f,0f,0f,0f,1f],start_interpolation: 0,interpolation_duration: 0}
$data merge entity $(w2) {transformation: [-0.5121f,-0.849f,-0.1306f,0.7088f,0.4199f,-0.1147f,-0.9003f,1.7726f,0.7493f,-0.5159f,0.4152f,-0.0178f,0f,0f,0f,1f],start_interpolation: 0,interpolation_duration: 0}
$data merge entity $(wing3) {transformation: [-0.0753f,-0.849f,-0.5231f,0.2175f,0.9924f,-0.1147f,0.0434f,1.8236f,-0.0969f,-0.5159f,0.8512f,0.7794f,0f,0f,0f,1f],start_interpolation: 0,interpolation_duration: 0}
$data merge entity $(bone104) {transformation: [-0.0753f,0.849f,0.5231f,-0.2571f,-0.9924f,-0.1147f,0.0434f,1.7201f,0.0969f,-0.5159f,0.8512f,0.7721f,0f,0f,0f,1f],start_interpolation: 0,interpolation_duration: 0}
$data merge entity $(bone105) {transformation: [-0.1385f,0.849f,0.51f,-0.7352f,-0.9903f,-0.1147f,-0.0779f,1.7567f,-0.0076f,-0.5159f,0.8566f,-0.0345f,0f,0f,0f,1f],start_interpolation: 0,interpolation_duration: 0}
$data merge entity $(bone106) {transformation: [-0.4944f,0.849f,-0.1867f,-1.6196f,0.1724f,-0.1147f,-0.9783f,1.0307f,-0.852f,-0.5159f,-0.0897f,0.6266f,0f,0f,0f,1f],start_interpolation: 0,interpolation_duration: 0}
$data merge entity $(bone107) {transformation: [0f,0f,0f,-0.9866f,0f,0f,0f,1.8651f,0f,0f,0f,-0.4606f,0f,0f,0f,1f],start_interpolation: 0,interpolation_duration: 0}
$data merge entity $(bone109) {transformation: [0.0834f,1.7314f,0.9987f,-0.9156f,-1.8049f,-0.1984f,0.3936f,1.4727f,0.481f,-1.0448f,1.5802f,2.3641f,0f,0f,0f,1f],start_interpolation: 0,interpolation_duration: 0}
$data merge entity $(bone110) {transformation: [-0.0876f,0.8521f,0.4854f,-0.7282f,-0.9081f,-0.0977f,-0.0428f,2.7084f,0.0274f,-0.5142f,0.8125f,-0.2433f,0f,0f,0f,1f],start_interpolation: 0,interpolation_duration: 0}
$data merge entity $(bone108) {transformation: [-0.3239f,1.3129f,0.6875f,-0.5618f,-1.3345f,-0.1505f,-0.4258f,2.7009f,-0.2833f,-0.7923f,1.2201f,0.0323f,0f,0f,0f,1f],start_interpolation: 0,interpolation_duration: 0}
$data merge entity $(bone112) {transformation: [0.2874f,0.8521f,0.4374f,-1.1392f,-0.7337f,-0.0977f,0.6724f,1.9637f,0.6157f,-0.5142f,0.5971f,-0.7818f,0f,0f,0f,1f],start_interpolation: 0,interpolation_duration: 0}
$data merge entity $(bone113) {transformation: [0.1644f,0.8521f,0.4969f,-0.8013f,-0.8827f,-0.0977f,0.4596f,2.383f,0.4401f,-0.5142f,0.7361f,-0.3026f,0f,0f,0f,1f],start_interpolation: 0,interpolation_duration: 0}
$data merge entity $(bone111) {transformation: [0.0424f,1.1945f,0.7325f,-0.6366f,-1.3621f,-0.1369f,0.3021f,2.5533f,0.3289f,-0.7209f,1.1565f,-0.0546f,0f,0f,0f,1f],start_interpolation: 0,interpolation_duration: 0}
$data merge entity $(bone115) {transformation: [1.0391f,1.589f,0.1774f,-0.4784f,-0.0174f,-0.1821f,2.0043f,3.9145f,1.7252f,-0.9589f,-0.0867f,2.6248f,0f,0f,0f,1f],start_interpolation: 0,interpolation_duration: 0}
$data merge entity $(bone116) {transformation: [0.5385f,0.8521f,0.1718f,-0.8399f,-0.1588f,-0.0977f,1.063f,1.5495f,0.9226f,-0.5142f,0.0827f,-0.2082f,0f,0f,0f,1f],start_interpolation: 0,interpolation_duration: 0}
$data merge entity $(bone117) {transformation: [0.4648f,0.8521f,0.3217f,-0.703f,-0.4627f,-0.0977f,0.9702f,2.1348f,0.8581f,-0.5142f,0.3488f,-0.0926f,0f,0f,0f,1f],start_interpolation: 0,interpolation_duration: 0}
$data merge entity $(bone114) {transformation: [0.3855f,0.8983f,0.4544f,-0.5997f,-0.7359f,-0.103f,0.8617f,2.4429f,0.7786f,-0.5421f,0.5894f,0.0095f,0f,0f,0f,1f],start_interpolation: 0,interpolation_duration: 0}
$data merge entity $(bone134) {transformation: [-0.2019f,0.8521f,0.4829f,-0.4785f,-0.9677f,-0.0977f,-0.2323f,2.5854f,-0.1508f,-0.5142f,0.8443f,0.2061f,0f,0f,0f,1f],start_interpolation: 0,interpolation_duration: 0}
$data merge entity $(bone135) {transformation: [-0.353f,1.4466f,0.7132f,-0.5441f,-1.6922f,-0.1658f,-0.3431f,2.5994f,-0.2636f,-0.873f,1.247f,0.1064f,0f,0f,0f,1f],start_interpolation: 0,interpolation_duration: 0}
$data merge entity $(w4) {transformation: [-0.2019f,0.8521f,0.4829f,-0.5514f,-0.9677f,-0.0977f,-0.2323f,2.5329f,-0.1508f,-0.5142f,0.8443f,0.12f,0f,0f,0f,1f],start_interpolation: 0,interpolation_duration: 0}
$data merge entity $(w3) {transformation: [-0.5121f,0.849f,0.1306f,-0.7088f,-0.4199f,-0.1147f,-0.9003f,1.7726f,-0.7493f,-0.5159f,0.4152f,-0.0178f,0f,0f,0f,1f],start_interpolation: 0,interpolation_duration: 0}
$data merge entity $(wing2) {transformation: [-0.0753f,0.849f,0.5231f,-0.2175f,-0.9924f,-0.1147f,0.0434f,1.8236f,0.0969f,-0.5159f,0.8512f,0.7794f,0f,0f,0f,1f],start_interpolation: 0,interpolation_duration: 0}
$data merge entity $(bone20) {transformation: [-1f,0f,0f,-0.1563f,0f,-0.168f,0.9858f,1.5743f,0f,0.9858f,0.168f,0.3246f,0f,0f,0f,1f],start_interpolation: 0,interpolation_duration: 0}
$data merge entity $(bone101) {transformation: [-1f,0f,0f,0f,0f,-0.4799f,0.8773f,1.1594f,0f,0.8773f,0.4799f,-2.6997f,0f,0f,0f,1f],start_interpolation: 0,interpolation_duration: 0}
$data merge entity $(bone100) {transformation: [-1f,0f,0f,0f,0f,0.1952f,0.9808f,0.7162f,0f,0.9808f,-0.1952f,-2.6052f,0f,0f,0f,1f],start_interpolation: 0,interpolation_duration: 0}
$data merge entity $(bone99) {transformation: [-1f,0f,0f,0f,0f,0.5312f,0.8473f,0.2873f,0f,0.8473f,-0.5312f,-2.3362f,0f,0f,0f,1f],start_interpolation: 0,interpolation_duration: 0}
$data merge entity $(bone98) {transformation: [-1f,0f,0f,0f,0f,0.8838f,0.4678f,0.0564f,0f,0.4678f,-0.8838f,-1.8998f,0f,0f,0f,1f],start_interpolation: 0,interpolation_duration: 0}
$data merge entity $(bone97) {transformation: [-1f,0f,0f,0f,0f,0.9863f,-0.1649f,0.1409f,0f,-0.1649f,-0.9863f,-1.3944f,0f,0f,0f,1f],start_interpolation: 0,interpolation_duration: 0}
$data merge entity $(bone96) {transformation: [-1f,0f,0f,0f,0f,0.8481f,-0.5298f,0.4058f,0f,-0.5298f,-0.8481f,-0.9703f,0f,0f,0f,1f],start_interpolation: 0,interpolation_duration: 0}
$data merge entity $(bone95) {transformation: [-1f,0f,0f,0f,0f,0.6496f,-0.7603f,0.7811f,0f,-0.7603f,-0.6496f,-0.6496f,0f,0f,0f,1f],start_interpolation: 0,interpolation_duration: 0}
$data merge entity $(bone94) {transformation: [-1f,0f,0f,0f,0f,0.5808f,-0.814f,1.1831f,0f,-0.814f,-0.5808f,-0.3628f,0f,0f,0f,1f],start_interpolation: 0,interpolation_duration: 0}
$data merge entity $(bone93) {transformation: [-1f,0f,0f,0f,0f,0.7134f,-0.7008f,1.4481f,0f,-0.7008f,-0.7134f,-0.093f,0f,0f,0f,1f],start_interpolation: 0,interpolation_duration: 0}
$data merge entity $(bone) {transformation: [-1f,0f,0f,0f,0f,0.5373f,0.8434f,1.3558f,0f,0.8434f,-0.5373f,-0.0343f,0f,0f,0f,1f],start_interpolation: 0,interpolation_duration: 0}
$data merge entity $(bone24) {transformation: [-0.9665f,-0.2565f,0.0008f,0.1031f,-0.2563f,0.966f,0.0343f,1.2971f,-0.0095f,0.033f,-0.9994f,-0.0355f,0f,0f,0f,1f],start_interpolation: 0,interpolation_duration: 0}
$data merge entity $(bone32) {transformation: [-0.9973f,-0.0559f,-0.0486f,0.2296f,-0.0691f,0.4661f,0.882f,0.6233f,-0.0267f,0.8829f,-0.4687f,-0.3007f,0f,0f,0f,1f],start_interpolation: 0,interpolation_duration: 0}
$data merge entity $(bone36) {transformation: [-0.999f,-0.0139f,-0.0436f,0.3368f,-0.0158f,0.999f,0.0429f,0.2996f,0.0429f,0.0436f,-0.9981f,-1.0114f,0f,0f,0f,1f],start_interpolation: 0,interpolation_duration: 0}
$data merge entity $(bone35) {transformation: [-0.999f,0.0097f,-0.0447f,0.2997f,-0.0158f,0.8437f,0.5367f,0.4223f,0.0429f,0.5368f,-0.8426f,-0.9265f,0f,0f,0f,1f],start_interpolation: 0,interpolation_duration: 0}
$data merge entity $(bone34) {transformation: [-0.999f,0.0155f,-0.043f,0.3024f,-0.0158f,0.7664f,0.6422f,0.4973f,0.0429f,0.6422f,-0.7653f,-0.8665f,0f,0f,0f,1f],start_interpolation: 0,interpolation_duration: 0}
$data merge entity $(bone77) {transformation: [-0.9333f,0.3551f,-0.0526f,0.1063f,0.0256f,-0.0803f,-0.9964f,0.0731f,-0.3581f,-0.9314f,0.0659f,-0.3562f,0f,0f,0f,1f],start_interpolation: 0,interpolation_duration: 0}
$data merge entity $(bone75) {transformation: [-0.9333f,0.3551f,-0.0526f,0.1688f,0.0256f,-0.0803f,-0.9964f,0.0602f,-0.3581f,-0.9314f,0.0659f,-0.531f,0f,0f,0f,1f],start_interpolation: 0,interpolation_duration: 0}
$data merge entity $(bone39) {transformation: [-0.9333f,0.3551f,-0.0526f,0.2306f,0.0256f,-0.0803f,-0.9964f,0.0444f,-0.3581f,-0.9314f,0.0659f,-0.6895f,0f,0f,0f,1f],start_interpolation: 0,interpolation_duration: 0}
$data merge entity $(bone76) {transformation: [-0.9593f,-0.282f,-0.0169f,0.4995f,0.0273f,-0.0331f,-0.9991f,0.0524f,0.2812f,-0.9588f,0.0394f,-0.3324f,0f,0f,0f,1f],start_interpolation: 0,interpolation_duration: 0}
$data merge entity $(bone74) {transformation: [-0.9593f,-0.282f,-0.0169f,0.4825f,0.0273f,-0.0331f,-0.9991f,0.0541f,0.2812f,-0.9588f,0.0394f,-0.5287f,0f,0f,0f,1f],start_interpolation: 0,interpolation_duration: 0}
$data merge entity $(bone40) {transformation: [-0.9593f,-0.282f,-0.0169f,0.4331f,0.0273f,-0.0331f,-0.9991f,0.0465f,0.2812f,-0.9588f,0.0394f,-0.692f,0f,0f,0f,1f],start_interpolation: 0,interpolation_duration: 0}
$data merge entity $(bone79) {transformation: [-0.9998f,0.0179f,-0.0105f,0.3157f,0.0099f,-0.0332f,-0.9994f,0.0607f,-0.0183f,-0.9993f,0.033f,-0.2918f,0f,0f,0f,1f],start_interpolation: 0,interpolation_duration: 0}
$data merge entity $(bone78) {transformation: [-0.9998f,0.0179f,-0.0105f,0.3233f,0.0099f,-0.0332f,-0.9994f,0.056f,-0.0183f,-0.9993f,0.033f,-0.4924f,0f,0f,0f,1f],start_interpolation: 0,interpolation_duration: 0}
$data merge entity $(bone41) {transformation: [-0.9998f,0.0179f,-0.0105f,0.3255f,0.0099f,-0.0332f,-0.9994f,0.0473f,-0.0183f,-0.9993f,0.033f,-0.6915f,0f,0f,0f,1f],start_interpolation: 0,interpolation_duration: 0}
$data merge entity $(bone38) {transformation: [-1f,0.0056f,-0.0077f,0.3385f,0.0081f,0.9271f,-0.3748f,0.3098f,0.005f,-0.3748f,-0.9271f,-0.774f,0f,0f,0f,1f],start_interpolation: 0,interpolation_duration: 0}
$data merge entity $(bone33) {transformation: [-0.9996f,-0.0209f,-0.0185f,0.3227f,-0.0276f,0.8432f,0.5369f,0.5333f,0.0044f,0.5372f,-0.8435f,-0.6309f,0f,0f,0f,1f],start_interpolation: 0,interpolation_duration: 0}
$data merge entity $(bone31) {transformation: [-0.9973f,-0.0471f,-0.0572f,0.2784f,-0.0691f,0.3142f,0.9469f,0.6785f,-0.0267f,0.9482f,-0.3166f,0.2209f,0f,0f,0f,1f],start_interpolation: 0,interpolation_duration: 0}
$data merge entity $(bone19) {transformation: [-0.9852f,-0.1667f,0.0393f,0.1713f,-0.1711f,0.9671f,-0.188f,1.3047f,-0.0066f,-0.192f,-0.9814f,-0.0343f,0f,0f,0f,1f],start_interpolation: 0,interpolation_duration: 0}
$data merge entity $(bone44) {transformation: [-0.7988f,0.5163f,0.3087f,-0.1116f,0.1766f,0.6918f,-0.7001f,1.299f,-0.5751f,-0.5047f,-0.6439f,-0.0009f,0f,0f,0f,1f],start_interpolation: 0,interpolation_duration: 0}
$data merge entity $(bone46) {transformation: [-0.8887f,-0.236f,0.393f,-0.2842f,0.0597f,0.7903f,0.6098f,0.7916f,-0.4545f,0.5654f,-0.6883f,0.1104f,0f,0f,0f,1f],start_interpolation: 0,interpolation_duration: 0}
$data merge entity $(bone50) {transformation: [-0.8705f,-0.125f,0.4761f,-0.0716f,0.0235f,0.9555f,0.294f,0.3293f,-0.4917f,0.2671f,-0.8288f,-0.5392f,0f,0f,0f,1f],start_interpolation: 0,interpolation_duration: 0}
$data merge entity $(bone49) {transformation: [-0.8705f,-0.3463f,0.3498f,-0.0908f,0.0235f,0.6805f,0.7323f,0.4267f,-0.4917f,0.6457f,-0.5842f,-0.4217f,0f,0f,0f,1f],start_interpolation: 0,interpolation_duration: 0}
$data merge entity $(bone48) {transformation: [-0.8705f,-0.389f,0.3016f,-0.1286f,0.0235f,0.5791f,0.8149f,0.484f,-0.4917f,0.7164f,-0.495f,-0.3546f,0f,0f,0f,1f],start_interpolation: 0,interpolation_duration: 0}
$data merge entity $(bone54) {transformation: [-0.9803f,0.1966f,0.018f,-0.2534f,-0.0244f,-0.0304f,-0.9992f,0.0647f,-0.1959f,-0.98f,0.0346f,0.2183f,0f,0f,0f,1f],start_interpolation: 0,interpolation_duration: 0}
$data merge entity $(bone53) {transformation: [-0.9803f,0.1966f,0.018f,-0.2129f,-0.0244f,-0.0304f,-0.9992f,0.0611f,-0.1959f,-0.98f,0.0346f,0.0366f,0f,0f,0f,1f],start_interpolation: 0,interpolation_duration: 0}
$data merge entity $(bone52) {transformation: [-0.9803f,0.1966f,0.018f,-0.1806f,-0.0244f,-0.0304f,-0.9992f,0.0539f,-0.1959f,-0.98f,0.0346f,-0.1309f,0f,0f,0f,1f],start_interpolation: 0,interpolation_duration: 0}
$data merge entity $(bone57) {transformation: [-0.7273f,0.6862f,0.0131f,-0.5815f,-0.0191f,-0.0012f,-0.9998f,0.0604f,-0.6861f,-0.7274f,0.014f,0.0649f,0f,0f,0f,1f],start_interpolation: 0,interpolation_duration: 0}
$data merge entity $(bone56) {transformation: [-0.7273f,0.6862f,0.0131f,-0.4774f,-0.0191f,-0.0012f,-0.9998f,0.0686f,-0.6861f,-0.7274f,0.014f,-0.1022f,0f,0f,0f,1f],start_interpolation: 0,interpolation_duration: 0}
$data merge entity $(bone55) {transformation: [-0.7273f,0.6862f,0.0131f,-0.3592f,-0.0191f,-0.0012f,-0.9998f,0.0663f,-0.6861f,-0.7274f,0.014f,-0.2255f,0f,0f,0f,1f],start_interpolation: 0,interpolation_duration: 0}
$data merge entity $(bone60) {transformation: [-0.8801f,0.4742f,-0.0244f,-0.4512f,0.0122f,-0.0288f,-0.9995f,0.0732f,-0.4746f,-0.88f,0.0195f,0.1773f,0f,0f,0f,1f],start_interpolation: 0,interpolation_duration: 0}
$data merge entity $(bone59) {transformation: [-0.8801f,0.4742f,-0.0244f,-0.3595f,0.0122f,-0.0288f,-0.9995f,0.0695f,-0.4746f,-0.88f,0.0195f,-0.0013f,0f,0f,0f,1f],start_interpolation: 0,interpolation_duration: 0}
$data merge entity $(bone58) {transformation: [-0.8801f,0.4742f,-0.0244f,-0.2639f,0.0122f,-0.0288f,-0.9995f,0.0617f,-0.4746f,-0.88f,0.0195f,-0.176f,0f,0f,0f,1f],start_interpolation: 0,interpolation_duration: 0}
$data merge entity $(bone51) {transformation: [-0.8865f,0.2183f,0.408f,-0.223f,0.0435f,0.9172f,-0.3961f,0.3224f,-0.4606f,-0.3334f,-0.8226f,-0.2546f,0f,0f,0f,1f],start_interpolation: 0,interpolation_duration: 0}
$data merge entity $(bone47) {transformation: [-0.8865f,-0.1186f,0.4472f,-0.2455f,0.0435f,0.9409f,0.3358f,0.5719f,-0.4606f,0.3172f,-0.829f,-0.1653f,0f,0f,0f,1f],start_interpolation: 0,interpolation_duration: 0}
$data merge entity $(bone45) {transformation: [-0.8887f,-0.2977f,0.3487f,-0.5352f,0.0597f,0.6788f,0.7319f,1.0569f,-0.4545f,0.6712f,-0.5855f,0.4901f,0f,0f,0f,1f],start_interpolation: 0,interpolation_duration: 0}
$data merge entity $(bone43) {transformation: [-0.8408f,0.5028f,0.2007f,-0.1713f,0.1157f,0.529f,-0.8407f,1.3047f,-0.5289f,-0.6836f,-0.503f,-0.0343f,0f,0f,0f,1f],start_interpolation: 0,interpolation_duration: 0}