# This file was generated by Animated Java via MC-Build. It is not recommended to edit this file directly.
$data merge entity $(bone5) {transformation: [-0.9947f,-0.1022f,0.0114f,0.3849f,-0.0923f,0.9364f,0.3384f,1.5135f,-0.0452f,0.3356f,-0.9409f,0.9772f,0f,0f,0f,1f],start_interpolation: 0,interpolation_duration: 0}
$data merge entity $(bone6) {transformation: [0.0164f,-0.2647f,-0.9642f,0.4942f,-0.4315f,0.868f,-0.2456f,1.2833f,0.9019f,0.4201f,-0.1f,0.9043f,0f,0f,0f,1f],start_interpolation: 0,interpolation_duration: 0}
$data merge entity $(bone8) {transformation: [-0.2594f,-0.0563f,0.9641f,0.6359f,-0.0773f,0.9963f,0.0374f,0.5946f,-0.9627f,-0.0648f,-0.2628f,0.759f,0f,0f,0f,1f],start_interpolation: 0,interpolation_duration: 0}
$data merge entity $(bone9) {transformation: [-0.2594f,-0.0563f,0.9641f,0.798f,-0.0773f,0.9963f,0.0374f,0.7671f,-0.9627f,-0.0648f,-0.2628f,0.6939f,0f,0f,0f,1f],start_interpolation: 0,interpolation_duration: 0}
$data merge entity $(bone10) {transformation: [-0.2304f,-0.1317f,0.9641f,0.6178f,-0.3733f,0.927f,0.0374f,0.5856f,-0.8986f,-0.3513f,-0.2628f,0.7352f,0f,0f,0f,1f],start_interpolation: 0,interpolation_duration: 0}
$data merge entity $(bone12) {transformation: [-0.1994f,-0.5099f,0.8368f,0.7568f,-0.8801f,0.4687f,0.0758f,0.0753f,-0.4309f,-0.7214f,-0.5422f,0.9435f,0f,0f,0f,1f],start_interpolation: 0,interpolation_duration: 0}
$data merge entity $(bone15) {transformation: [0.9838f,-0.1054f,0.1447f,0.3799f,-0.1608f,-0.165f,0.9731f,0.0256f,-0.0786f,-0.9807f,-0.1793f,0.9974f,0f,0f,0f,1f],start_interpolation: 0,interpolation_duration: 0}
$data merge entity $(bone14) {transformation: [0.9366f,-0.1054f,-0.3341f,0.5002f,0.3148f,-0.165f,0.9347f,0.0673f,-0.1536f,-0.9807f,-0.1213f,0.9761f,0f,0f,0f,1f],start_interpolation: 0,interpolation_duration: 0}
$data merge entity $(bone13) {transformation: [0.7659f,-0.1054f,-0.6343f,0.6002f,0.6155f,-0.165f,0.7707f,0.1452f,-0.1858f,-0.9807f,-0.0615f,0.949f,0f,0f,0f,1f],start_interpolation: 0,interpolation_duration: 0}
$data merge entity $(bone18) {transformation: [-0.0413f,-0.9985f,-0.0366f,0.7358f,0.989f,-0.046f,0.1403f,-0.0963f,-0.1418f,-0.0304f,0.9894f,1.3753f,0f,0f,0f,1f],start_interpolation: 0,interpolation_duration: 0}
$data merge entity $(bone17) {transformation: [-0.0081f,-0.9985f,-0.0546f,0.7342f,0.6675f,-0.046f,0.7432f,0.0352f,-0.7446f,-0.0304f,0.6668f,1.2286f,0f,0f,0f,1f],start_interpolation: 0,interpolation_duration: 0}
$data merge entity $(bone16) {transformation: [0.0219f,-0.9985f,-0.0507f,0.7332f,0.1765f,-0.046f,0.9832f,0.0592f,-0.9841f,-0.0304f,0.1752f,1.0838f,0f,0f,0f,1f],start_interpolation: 0,interpolation_duration: 0}
$data merge entity $(bone27) {transformation: [-0.8573f,-0.5115f,-0.0587f,1.1795f,-0.0155f,-0.0883f,0.996f,0.038f,-0.5146f,0.8547f,0.0678f,1.1314f,0f,0f,0f,1f],start_interpolation: 0,interpolation_duration: 0}
$data merge entity $(bone26) {transformation: [-0.8454f,-0.5319f,-0.0487f,1.0451f,-0.0114f,-0.0732f,0.9973f,0.037f,-0.534f,0.8436f,0.0559f,1.0542f,0f,0f,0f,1f],start_interpolation: 0,interpolation_duration: 0}
$data merge entity $(bone25) {transformation: [-0.8292f,-0.5319f,0.1718f,0.8925f,0.2471f,-0.0732f,0.9662f,0.0798f,-0.5013f,0.8436f,0.1922f,0.9668f,0f,0f,0f,1f],start_interpolation: 0,interpolation_duration: 0}
$data merge entity $(bone30) {transformation: [-0.1911f,-0.8709f,0.4527f,0.9959f,0.9487f,-0.0457f,0.3127f,-0.094f,-0.2517f,0.4893f,0.835f,1.333f,0f,0f,0f,1f],start_interpolation: 0,interpolation_duration: 0}
$data merge entity $(bone29) {transformation: [-0.3945f,-0.8709f,0.293f,0.9219f,0.6588f,-0.0457f,0.751f,0.036f,-0.6407f,0.4893f,0.5917f,1.2047f,0f,0f,0f,1f],start_interpolation: 0,interpolation_duration: 0}
$data merge entity $(bone28) {transformation: [-0.4901f,-0.8709f,0.0352f,0.8189f,0.1521f,-0.0457f,0.9873f,0.0649f,-0.8583f,0.4893f,0.1548f,1.0329f,0f,0f,0f,1f],start_interpolation: 0,interpolation_duration: 0}
$data merge entity $(bone7) {transformation: [0.9641f,-0.0676f,0.2567f,0.6016f,0.0374f,0.992f,0.1207f,0.9304f,-0.2628f,-0.1067f,0.9589f,0.719f,0f,0f,0f,1f],start_interpolation: 0,interpolation_duration: 0}
$data merge entity $(bone4) {transformation: [-0.9642f,-0.2649f,0.0114f,0.3501f,-0.2456f,0.9084f,0.3384f,1.6196f,-0.1f,0.3235f,-0.9409f,0.9874f,0f,0f,0f,1f],start_interpolation: 0,interpolation_duration: 0}
$data merge entity $(bone62) {transformation: [-0.9108f,0.3696f,0.1839f,-0.4164f,0.4087f,0.7444f,0.5281f,1.5367f,0.0583f,0.5562f,-0.829f,0.9512f,0f,0f,0f,1f],start_interpolation: 0,interpolation_duration: 0}
$data merge entity $(bone63) {transformation: [0.2367f,0.4928f,0.8373f,-0.5874f,0.5949f,0.6079f,-0.5259f,1.3799f,-0.7682f,0.6226f,-0.1493f,0.8231f,0f,0f,0f,1f],start_interpolation: 0,interpolation_duration: 0}
$data merge entity $(bone65) {transformation: [-0.0362f,0.1421f,-0.9892f,-0.845f,0.1564f,0.9784f,0.1348f,0.8089f,0.987f,-0.1499f,-0.0576f,0.6273f,0f,0f,0f,1f],start_interpolation: 0,interpolation_duration: 0}
$data merge entity $(bone66) {transformation: [-0.0362f,0.1421f,-0.9892f,-0.999f,0.1564f,0.9784f,0.1348f,0.9953f,0.987f,-0.1499f,-0.0576f,0.5847f,0f,0f,0f,1f],start_interpolation: 0,interpolation_duration: 0}
$data merge entity $(bone67) {transformation: [0.0082f,0.1464f,-0.9892f,-0.8335f,0.4434f,0.8861f,0.1348f,0.7967f,0.8963f,-0.4397f,-0.0576f,0.601f,0f,0f,0f,1f],start_interpolation: 0,interpolation_duration: 0}
$data merge entity $(bone69) {transformation: [-0.2535f,0.0934f,-0.9628f,-0.9149f,0.3634f,0.9316f,-0.0053f,0.2286f,0.8965f,-0.3512f,-0.2701f,0.7673f,0f,0f,0f,1f],start_interpolation: 0,interpolation_duration: 0}
$data merge entity $(bone72) {transformation: [0.9246f,0.2568f,0.2813f,-0.6312f,-0.3399f,0.2229f,0.9137f,0.1418f,0.1719f,-0.9404f,0.2934f,0.7934f,0f,0f,0f,1f],start_interpolation: 0,interpolation_duration: 0}
$data merge entity $(bone71) {transformation: [0.7412f,0.2568f,0.6202f,-0.7258f,-0.6699f,0.2229f,0.7082f,0.2295f,0.0436f,-0.9404f,0.3372f,0.7871f,0f,0f,0f,1f],start_interpolation: 0,interpolation_duration: 0}
$data merge entity $(bone70) {transformation: [0.4844f,0.2568f,0.8363f,-0.7891f,-0.8717f,0.2229f,0.4364f,0.3424f,-0.0744f,-0.9404f,0.3318f,0.7931f,0f,0f,0f,1f],start_interpolation: 0,interpolation_duration: 0}
$data merge entity $(bone81) {transformation: [0.1582f,0.9863f,0.0469f,-0.7966f,-0.4952f,0.0382f,0.8679f,-0.0656f,0.8542f,-0.1605f,0.4945f,1.113f,0f,0f,0f,1f],start_interpolation: 0,interpolation_duration: 0}
$data merge entity $(bone80) {transformation: [0.1277f,0.9863f,0.1045f,-0.8217f,-0.793f,0.0382f,0.6081f,0.0906f,0.5957f,-0.1605f,0.787f,0.9956f,0f,0f,0f,1f],start_interpolation: 0,interpolation_duration: 0}
$data merge entity $(bone73) {transformation: [0.1607f,0.9863f,0.0373f,-0.8411f,-0.4423f,0.0382f,0.8961f,0.1541f,0.8824f,-0.1605f,0.4423f,0.8647f,0f,0f,0f,1f],start_interpolation: 0,interpolation_duration: 0}
$data merge entity $(bone84) {transformation: [-0.7156f,0.6921f,0.0944f,-1.2535f,0.1078f,-0.0242f,0.9939f,0.0303f,0.6901f,0.7214f,-0.0573f,1.0145f,0f,0f,0f,1f],start_interpolation: 0,interpolation_duration: 0}
$data merge entity $(bone83) {transformation: [-0.6788f,0.7092f,-0.1905f,-1.1441f,-0.2727f,-0.0025f,0.9621f,0.0736f,0.6818f,0.705f,0.1951f,0.9138f,0f,0f,0f,1f],start_interpolation: 0,interpolation_duration: 0}
$data merge entity $(bone82) {transformation: [-0.6063f,0.7092f,-0.3597f,-1.0307f,-0.5124f,-0.0025f,0.8588f,0.1648f,0.6081f,0.705f,0.3649f,0.8062f,0f,0f,0f,1f],start_interpolation: 0,interpolation_duration: 0}
$data merge entity $(bone103) {transformation: [-0.2914f,0.9506f,-0.1068f,-1.0348f,-0.2904f,0.0185f,0.9567f,-0.0722f,0.9115f,0.3098f,0.2707f,1.1508f,0f,0f,0f,1f],start_interpolation: 0,interpolation_duration: 0}
$data merge entity $(bone102) {transformation: [-0.2133f,0.9506f,-0.2254f,-0.9969f,-0.6863f,0.0185f,0.7271f,0.0629f,0.6954f,0.3098f,0.6484f,1.0125f,0f,0f,0f,1f],start_interpolation: 0,interpolation_duration: 0}
$data merge entity $(bone85) {transformation: [-0.2712f,0.9506f,-0.1509f,-0.9376f,-0.4358f,0.0185f,0.8998f,0.1497f,0.8582f,0.3098f,0.4093f,0.8394f,0f,0f,0f,1f],start_interpolation: 0,interpolation_duration: 0}
$data merge entity $(bone64) {transformation: [0.9892f,0.1435f,-0.0299f,-0.7862f,-0.1348f,0.9707f,0.1989f,1.136f,0.0576f,-0.1928f,0.9796f,0.5558f,0f,0f,0f,1f],start_interpolation: 0,interpolation_duration: 0}
$data merge entity $(bone61) {transformation: [-0.8373f,0.5148f,0.1839f,-0.3501f,0.5259f,0.6667f,0.5281f,1.6196f,0.1493f,0.5389f,-0.829f,0.9874f,0f,0f,0f,1f],start_interpolation: 0,interpolation_duration: 0}
$data merge entity $(bone23) {transformation: [-0.7934f,-0.6088f,0f,0.1071f,-0.0841f,0.1096f,0.9904f,1.5424f,-0.6029f,0.7858f,-0.1381f,1.0112f,0f,0f,0f,1f],start_interpolation: 0,interpolation_duration: 0}
$data merge entity $(bone22) {transformation: [-0.7934f,0.6088f,0f,-0.1071f,0.0841f,0.1096f,0.9904f,1.5424f,0.6029f,0.7858f,-0.1381f,1.0112f,0f,0f,0f,1f],start_interpolation: 0,interpolation_duration: 0}
$data merge entity $(bone89) {transformation: [-1f,0.0072f,0.0007f,0.002f,0.0053f,0.6621f,0.7494f,2.239f,0.0049f,0.7494f,-0.6621f,1.4991f,0f,0f,0f,1f],start_interpolation: 0,interpolation_duration: 0}
$data merge entity $(bone90) {transformation: [-1f,0.0069f,0.0019f,0.0013f,0.0053f,0.5219f,0.853f,2.1796f,0.0049f,0.853f,-0.5219f,1.4187f,0f,0f,0f,1f],start_interpolation: 0,interpolation_duration: 0}
$data merge entity $(bone88) {transformation: [-1f,0.0071f,0.0013f,0.0312f,0.0053f,0.5942f,0.8043f,2.0434f,0.0049f,0.8043f,-0.5942f,1.2975f,0f,0f,0f,1f],start_interpolation: 0,interpolation_duration: 0}
$data merge entity $(bone42) {transformation: [-1f,0f,0f,0f,0f,0.7358f,0.6772f,1.734f,0f,0.6772f,-0.7358f,1.6918f,0f,0f,0f,1f],start_interpolation: 0,interpolation_duration: 0}
$data merge entity $(bone87) {transformation: [-0.9998f,0.0157f,-0.0096f,-0.0044f,0.0023f,0.6227f,0.7825f,1.2633f,0.0183f,0.7823f,-0.6226f,2.2309f,0f,0f,0f,1f],start_interpolation: 0,interpolation_duration: 0}
$data merge entity $(bone86) {transformation: [-1f,0f,0f,0f,0f,0.7063f,0.7079f,1.4213f,0f,0.7079f,-0.7063f,2.0663f,0f,0f,0f,1f],start_interpolation: 0,interpolation_duration: 0}
$data merge entity $(bone92) {transformation: [-0.8818f,0.2593f,-0.3939f,0.1194f,-0.0814f,0.739f,0.6687f,1.8054f,0.4645f,0.6218f,-0.6306f,1.7341f,0f,0f,0f,1f],start_interpolation: 0,interpolation_duration: 0}
$data merge entity $(bone3) {transformation: [-0.8818f,-0.2593f,0.3939f,-0.1194f,0.0814f,0.739f,0.6687f,1.8054f,-0.4645f,0.6218f,-0.6306f,1.7341f,0f,0f,0f,1f],start_interpolation: 0,interpolation_duration: 0}
$data merge entity $(head) {transformation: [-1f,0f,0f,0f,0f,0.7424f,0.6699f,1.7356f,0f,0.6699f,-0.7424f,1.508f,0f,0f,0f,1f],start_interpolation: 0,interpolation_duration: 0}
$data merge entity $(neck) {transformation: [-1f,0f,0f,0f,0f,0.5437f,0.8393f,1.6439f,0f,0.8393f,-0.5437f,1.3664f,0f,0f,0f,1f],start_interpolation: 0,interpolation_duration: 0}
$data merge entity $(bone2) {transformation: [-1f,0f,0f,0f,0f,0.1381f,0.9904f,1.5794f,0f,0.9904f,-0.1381f,1.0551f,0f,0f,0f,1f],start_interpolation: 0,interpolation_duration: 0}
$data merge entity $(bone136) {transformation: [-1f,0f,0f,0f,0f,0.1897f,1.1095f,1.5596f,0f,0.9818f,-0.2144f,0.8594f,0f,0f,0f,1f],start_interpolation: 0,interpolation_duration: 0}
$data merge entity $(bone118) {transformation: [-0.077f,-0.849f,-0.5228f,0.2573f,0.9924f,-0.1157f,0.0417f,1.7213f,-0.0959f,-0.5156f,0.8514f,0.7715f,0f,0f,0f,1f],start_interpolation: 0,interpolation_duration: 0}
$data merge entity $(bone119) {transformation: [-0.1402f,-0.849f,-0.5095f,0.735f,0.9901f,-0.1157f,-0.0796f,1.7595f,0.0086f,-0.5156f,0.8568f,-0.0353f,0f,0f,0f,1f],start_interpolation: 0,interpolation_duration: 0}
$data merge entity $(bone120) {transformation: [-0.4937f,-0.849f,0.1884f,1.6209f,-0.1741f,-0.1157f,-0.9779f,1.0344f,0.852f,-0.5156f,-0.0907f,0.6249f,0f,0f,0f,1f],start_interpolation: 0,interpolation_duration: 0}
$data merge entity $(bone121) {transformation: [0f,0f,0f,0.986f,0f,0f,0f,1.8688f,0f,0f,0f,-0.4614f,0f,0f,0f,1f],start_interpolation: 0,interpolation_duration: 0}
$data merge entity $(bone123) {transformation: [0.0674f,-1.7315f,-1.0613f,0.8818f,1.9708f,-0.2004f,0.4523f,1.368f,-0.4901f,-1.0444f,1.6727f,2.4413f,0f,0f,0f,1f],start_interpolation: 0,interpolation_duration: 0}
$data merge entity $(bone124) {transformation: [-0.1031f,-0.8521f,-0.5131f,0.736f,0.9945f,-0.0986f,-0.036f,2.7079f,-0.0199f,-0.514f,0.8576f,-0.2585f,0f,0f,0f,1f],start_interpolation: 0,interpolation_duration: 0}
$data merge entity $(bone122) {transformation: [-0.3581f,-1.3129f,-0.7225f,0.56f,1.4657f,-0.152f,-0.4502f,2.7034f,0.3124f,-0.7919f,1.2843f,0.0325f,0f,0f,0f,1f],start_interpolation: 0,interpolation_duration: 0}
$data merge entity $(bone126) {transformation: [0.2861f,-0.8521f,-0.4382f,1.1383f,0.7346f,-0.0986f,0.6713f,1.9677f,-0.6153f,-0.514f,0.5977f,-0.7823f,0f,0f,0f,1f],start_interpolation: 0,interpolation_duration: 0}
$data merge entity $(bone127) {transformation: [0.1629f,-0.8521f,-0.4974f,0.7999f,0.8833f,-0.0986f,0.4583f,2.3861f,-0.4396f,-0.514f,0.7366f,-0.3027f,0f,0f,0f,1f],start_interpolation: 0,interpolation_duration: 0}
$data merge entity $(bone125) {transformation: [0.0401f,-1.1946f,-0.7326f,0.635f,1.3624f,-0.1383f,0.3001f,2.5559f,-0.328f,-0.7205f,1.1569f,-0.0546f,0f,0f,0f,1f],start_interpolation: 0,interpolation_duration: 0}
$data merge entity $(bone129) {transformation: [1.0385f,-1.5891f,-0.1806f,0.4757f,0.0201f,-0.184f,2.0041f,3.9151f,-1.7255f,-0.9585f,-0.0853f,2.6258f,0f,0f,0f,1f],start_interpolation: 0,interpolation_duration: 0}
$data merge entity $(bone130) {transformation: [0.538f,-0.8521f,-0.1734f,0.8398f,0.1603f,-0.0986f,1.0627f,1.5525f,-0.9227f,-0.514f,0.0835f,-0.2089f,0f,0f,0f,1f],start_interpolation: 0,interpolation_duration: 0}
$data merge entity $(bone131) {transformation: [0.4638f,-0.8521f,-0.3231f,0.7021f,0.464f,-0.0986f,0.9694f,2.1376f,-0.8579f,-0.514f,0.3496f,-0.0929f,0f,0f,0f,1f],start_interpolation: 0,interpolation_duration: 0}
$data merge entity $(bone128) {transformation: [0.3841f,-0.8983f,-0.4556f,0.5984f,0.737f,-0.104f,0.8606f,2.4454f,-0.7783f,-0.5419f,0.5901f,0.0094f,0f,0f,0f,1f],start_interpolation: 0,interpolation_duration: 0}
$data merge entity $(bone132) {transformation: [-0.2033f,-0.8521f,-0.4822f,0.477f,0.9673f,-0.0986f,-0.2336f,2.5876f,0.1515f,-0.514f,0.8443f,0.2062f,0f,0f,0f,1f],start_interpolation: 0,interpolation_duration: 0}
$data merge entity $(bone133) {transformation: [-0.3556f,-1.4466f,-0.7123f,0.5425f,1.6915f,-0.1675f,-0.345f,2.6018f,0.2649f,-0.8726f,1.2471f,0.1065f,0f,0f,0f,1f],start_interpolation: 0,interpolation_duration: 0}
$data merge entity $(w5) {transformation: [-0.2033f,-0.8521f,-0.4822f,0.5499f,0.9673f,-0.0986f,-0.2336f,2.5353f,0.1515f,-0.514f,0.8443f,0.12f,0f,0f,0f,1f],start_interpolation: 0,interpolation_duration: 0}
$data merge entity $(w2) {transformation: [-0.5125f,-0.849f,-0.1289f,0.7086f,0.4183f,-0.1157f,-0.9009f,1.7754f,0.7499f,-0.5156f,0.4144f,-0.0185f,0f,0f,0f,1f],start_interpolation: 0,interpolation_duration: 0}
$data merge entity $(wing3) {transformation: [-0.077f,-0.849f,-0.5228f,0.2175f,0.9924f,-0.1157f,0.0417f,1.8248f,-0.0959f,-0.5156f,0.8514f,0.7789f,0f,0f,0f,1f],start_interpolation: 0,interpolation_duration: 0}
$data merge entity $(bone104) {transformation: [-0.077f,0.849f,0.5228f,-0.2573f,-0.9924f,-0.1157f,0.0417f,1.7213f,0.0959f,-0.5156f,0.8514f,0.7715f,0f,0f,0f,1f],start_interpolation: 0,interpolation_duration: 0}
$data merge entity $(bone105) {transformation: [-0.1402f,0.849f,0.5095f,-0.735f,-0.9901f,-0.1157f,-0.0796f,1.7595f,-0.0086f,-0.5156f,0.8568f,-0.0353f,0f,0f,0f,1f],start_interpolation: 0,interpolation_duration: 0}
$data merge entity $(bone106) {transformation: [-0.4937f,0.849f,-0.1884f,-1.6209f,0.1741f,-0.1157f,-0.9779f,1.0344f,-0.852f,-0.5156f,-0.0907f,0.6249f,0f,0f,0f,1f],start_interpolation: 0,interpolation_duration: 0}
$data merge entity $(bone107) {transformation: [0f,0f,0f,-0.986f,0f,0f,0f,1.8688f,0f,0f,0f,-0.4614f,0f,0f,0f,1f],start_interpolation: 0,interpolation_duration: 0}
$data merge entity $(bone109) {transformation: [0.0804f,1.7315f,0.9988f,-0.9166f,-1.8053f,-0.2004f,0.391f,1.4742f,0.4798f,-1.0444f,1.5808f,2.3633f,0f,0f,0f,1f],start_interpolation: 0,interpolation_duration: 0}
$data merge entity $(bone110) {transformation: [-0.089f,0.8521f,0.485f,-0.7263f,-0.908f,-0.0986f,-0.0441f,2.7113f,0.0267f,-0.514f,0.8126f,-0.2431f,0f,0f,0f,1f],start_interpolation: 0,interpolation_duration: 0}
$data merge entity $(bone108) {transformation: [-0.3259f,1.3129f,0.6864f,-0.56f,-1.3338f,-0.152f,-0.4277f,2.7034f,-0.2843f,-0.7919f,1.22f,0.0325f,0f,0f,0f,1f],start_interpolation: 0,interpolation_duration: 0}
$data merge entity $(bone112) {transformation: [0.2861f,0.8521f,0.4382f,-1.1383f,-0.7346f,-0.0986f,0.6713f,1.9677f,0.6153f,-0.514f,0.5977f,-0.7823f,0f,0f,0f,1f],start_interpolation: 0,interpolation_duration: 0}
$data merge entity $(bone113) {transformation: [0.1629f,0.8521f,0.4974f,-0.7999f,-0.8833f,-0.0986f,0.4583f,2.3861f,0.4396f,-0.514f,0.7366f,-0.3027f,0f,0f,0f,1f],start_interpolation: 0,interpolation_duration: 0}
$data merge entity $(bone111) {transformation: [0.0401f,1.1946f,0.7326f,-0.635f,-1.3624f,-0.1383f,0.3001f,2.5559f,0.328f,-0.7205f,1.1569f,-0.0546f,0f,0f,0f,1f],start_interpolation: 0,interpolation_duration: 0}
$data merge entity $(bone115) {transformation: [1.0385f,1.5891f,0.1806f,-0.4757f,-0.0201f,-0.184f,2.0041f,3.9151f,1.7255f,-0.9585f,-0.0853f,2.6258f,0f,0f,0f,1f],start_interpolation: 0,interpolation_duration: 0}
$data merge entity $(bone116) {transformation: [0.538f,0.8521f,0.1734f,-0.8398f,-0.1603f,-0.0986f,1.0627f,1.5525f,0.9227f,-0.514f,0.0835f,-0.2089f,0f,0f,0f,1f],start_interpolation: 0,interpolation_duration: 0}
$data merge entity $(bone117) {transformation: [0.4638f,0.8521f,0.3231f,-0.7021f,-0.464f,-0.0986f,0.9694f,2.1376f,0.8579f,-0.514f,0.3496f,-0.0929f,0f,0f,0f,1f],start_interpolation: 0,interpolation_duration: 0}
$data merge entity $(bone114) {transformation: [0.3841f,0.8983f,0.4556f,-0.5984f,-0.737f,-0.104f,0.8606f,2.4454f,0.7783f,-0.5419f,0.5901f,0.0094f,0f,0f,0f,1f],start_interpolation: 0,interpolation_duration: 0}
$data merge entity $(bone134) {transformation: [-0.2033f,0.8521f,0.4822f,-0.477f,-0.9673f,-0.0986f,-0.2336f,2.5876f,-0.1515f,-0.514f,0.8443f,0.2062f,0f,0f,0f,1f],start_interpolation: 0,interpolation_duration: 0}
$data merge entity $(bone135) {transformation: [-0.3556f,1.4466f,0.7123f,-0.5425f,-1.6915f,-0.1675f,-0.345f,2.6018f,-0.2649f,-0.8726f,1.2471f,0.1065f,0f,0f,0f,1f],start_interpolation: 0,interpolation_duration: 0}
$data merge entity $(w4) {transformation: [-0.2033f,0.8521f,0.4822f,-0.5499f,-0.9673f,-0.0986f,-0.2336f,2.5353f,-0.1515f,-0.514f,0.8443f,0.12f,0f,0f,0f,1f],start_interpolation: 0,interpolation_duration: 0}
$data merge entity $(w3) {transformation: [-0.5125f,0.849f,0.1289f,-0.7086f,-0.4183f,-0.1157f,-0.9009f,1.7754f,-0.7499f,-0.5156f,0.4144f,-0.0185f,0f,0f,0f,1f],start_interpolation: 0,interpolation_duration: 0}
$data merge entity $(wing2) {transformation: [-0.077f,0.849f,0.5228f,-0.2175f,-0.9924f,-0.1157f,0.0417f,1.8248f,0.0959f,-0.5156f,0.8514f,0.7789f,0f,0f,0f,1f],start_interpolation: 0,interpolation_duration: 0}
$data merge entity $(bone20) {transformation: [-1f,0f,0f,-0.1563f,0f,-0.1661f,0.9861f,1.5746f,0f,0.9861f,0.1661f,0.3246f,0f,0f,0f,1f],start_interpolation: 0,interpolation_duration: 0}
$data merge entity $(bone101) {transformation: [-1f,0f,0f,0f,0f,-0.4728f,0.8811f,1.1617f,0f,0.8811f,0.4728f,-2.7007f,0f,0f,0f,1f],start_interpolation: 0,interpolation_duration: 0}
$data merge entity $(bone100) {transformation: [-1f,0f,0f,0f,0f,0.2042f,0.9789f,0.7194f,0f,0.9789f,-0.2042f,-2.602f,0f,0f,0f,1f],start_interpolation: 0,interpolation_duration: 0}
$data merge entity $(bone99) {transformation: [-1f,0f,0f,0f,0f,0.5276f,0.8495f,0.2894f,0f,0.8495f,-0.5276f,-2.3349f,0f,0f,0f,1f],start_interpolation: 0,interpolation_duration: 0}
$data merge entity $(bone98) {transformation: [-1f,0f,0f,0f,0f,0.8817f,0.4719f,0.0564f,0f,0.4719f,-0.8817f,-1.8996f,0f,0f,0f,1f],start_interpolation: 0,interpolation_duration: 0}
$data merge entity $(bone97) {transformation: [-1f,0f,0f,0f,0f,0.9863f,-0.165f,0.141f,0f,-0.165f,-0.9863f,-1.3941f,0f,0f,0f,1f],start_interpolation: 0,interpolation_duration: 0}
$data merge entity $(bone96) {transformation: [-1f,0f,0f,0f,0f,0.848f,-0.5299f,0.4059f,0f,-0.5299f,-0.848f,-0.9701f,0f,0f,0f,1f],start_interpolation: 0,interpolation_duration: 0}
$data merge entity $(bone95) {transformation: [-1f,0f,0f,0f,0f,0.6494f,-0.7604f,0.7814f,0f,-0.7604f,-0.6494f,-0.6495f,0f,0f,0f,1f],start_interpolation: 0,interpolation_duration: 0}
$data merge entity $(bone94) {transformation: [-1f,0f,0f,0f,0f,0.5807f,-0.8141f,1.1833f,0f,-0.8141f,-0.5807f,-0.3627f,0f,0f,0f,1f],start_interpolation: 0,interpolation_duration: 0}
$data merge entity $(bone93) {transformation: [-1f,0f,0f,0f,0f,0.7133f,-0.7009f,1.4484f,0f,-0.7009f,-0.7133f,-0.093f,0f,0f,0f,1f],start_interpolation: 0,interpolation_duration: 0}
$data merge entity $(bone) {transformation: [-1f,0f,0f,0f,0f,0.5373f,0.8434f,1.3561f,0f,0.8434f,-0.5373f,-0.0343f,0f,0f,0f,1f],start_interpolation: 0,interpolation_duration: 0}
$data merge entity $(bone24) {transformation: [-0.9665f,-0.2565f,0.0008f,0.1031f,-0.2563f,0.966f,0.0339f,1.2974f,-0.0095f,0.0326f,-0.9994f,-0.0355f,0f,0f,0f,1f],start_interpolation: 0,interpolation_duration: 0}
$data merge entity $(bone32) {transformation: [-0.9973f,-0.056f,-0.0486f,0.2296f,-0.0691f,0.4666f,0.8818f,0.6234f,-0.0267f,0.8827f,-0.4692f,-0.3004f,0f,0f,0f,1f],start_interpolation: 0,interpolation_duration: 0}
$data merge entity $(bone36) {transformation: [-0.999f,-0.0138f,-0.0436f,0.3368f,-0.0157f,0.9989f,0.0436f,0.2998f,0.0429f,0.0442f,-0.9981f,-1.0112f,0f,0f,0f,1f],start_interpolation: 0,interpolation_duration: 0}
$data merge entity $(bone35) {transformation: [-0.999f,0.0099f,-0.0446f,0.2997f,-0.0157f,0.8433f,0.5372f,0.4225f,0.0429f,0.5374f,-0.8423f,-0.9263f,0f,0f,0f,1f],start_interpolation: 0,interpolation_duration: 0}
$data merge entity $(bone34) {transformation: [-0.999f,0.0156f,-0.043f,0.3024f,-0.0157f,0.766f,0.6427f,0.4974f,0.0429f,0.6427f,-0.7649f,-0.8662f,0f,0f,0f,1f],start_interpolation: 0,interpolation_duration: 0}
$data merge entity $(bone77) {transformation: [-0.9334f,0.355f,-0.0529f,0.1063f,0.0259f,-0.0805f,-0.9964f,0.0731f,-0.358f,-0.9314f,0.066f,-0.3561f,0f,0f,0f,1f],start_interpolation: 0,interpolation_duration: 0}
$data merge entity $(bone75) {transformation: [-0.9334f,0.355f,-0.0529f,0.1688f,0.0259f,-0.0805f,-0.9964f,0.0602f,-0.358f,-0.9314f,0.066f,-0.531f,0f,0f,0f,1f],start_interpolation: 0,interpolation_duration: 0}
$data merge entity $(bone39) {transformation: [-0.9334f,0.355f,-0.0529f,0.2305f,0.0259f,-0.0805f,-0.9964f,0.0444f,-0.358f,-0.9314f,0.066f,-0.6895f,0f,0f,0f,1f],start_interpolation: 0,interpolation_duration: 0}
$data merge entity $(bone76) {transformation: [-0.9592f,-0.2821f,-0.0169f,0.4995f,0.0274f,-0.0332f,-0.9991f,0.0525f,0.2813f,-0.9588f,0.0396f,-0.3324f,0f,0f,0f,1f],start_interpolation: 0,interpolation_duration: 0}
$data merge entity $(bone74) {transformation: [-0.9592f,-0.2821f,-0.0169f,0.4825f,0.0274f,-0.0332f,-0.9991f,0.0541f,0.2813f,-0.9588f,0.0396f,-0.5287f,0f,0f,0f,1f],start_interpolation: 0,interpolation_duration: 0}
$data merge entity $(bone40) {transformation: [-0.9592f,-0.2821f,-0.0169f,0.433f,0.0274f,-0.0332f,-0.9991f,0.0464f,0.2813f,-0.9588f,0.0396f,-0.692f,0f,0f,0f,1f],start_interpolation: 0,interpolation_duration: 0}
$data merge entity $(bone79) {transformation: [-0.9998f,0.0178f,-0.0106f,0.3157f,0.01f,-0.0334f,-0.9994f,0.0608f,-0.0181f,-0.9993f,0.0332f,-0.2918f,0f,0f,0f,1f],start_interpolation: 0,interpolation_duration: 0}
$data merge entity $(bone78) {transformation: [-0.9998f,0.0178f,-0.0106f,0.3233f,0.01f,-0.0334f,-0.9994f,0.056f,-0.0181f,-0.9993f,0.0332f,-0.4924f,0f,0f,0f,1f],start_interpolation: 0,interpolation_duration: 0}
$data merge entity $(bone41) {transformation: [-0.9998f,0.0178f,-0.0106f,0.3255f,0.01f,-0.0334f,-0.9994f,0.0473f,-0.0181f,-0.9993f,0.0332f,-0.6914f,0f,0f,0f,1f],start_interpolation: 0,interpolation_duration: 0}
$data merge entity $(bone38) {transformation: [-1f,0.0058f,-0.0078f,0.3385f,0.0083f,0.9273f,-0.3741f,0.3098f,0.0051f,-0.3742f,-0.9273f,-0.7738f,0f,0f,0f,1f],start_interpolation: 0,interpolation_duration: 0}
$data merge entity $(bone33) {transformation: [-0.9996f,-0.0208f,-0.0185f,0.3227f,-0.0274f,0.8429f,0.5374f,0.5333f,0.0044f,0.5377f,-0.8431f,-0.6306f,0f,0f,0f,1f],start_interpolation: 0,interpolation_duration: 0}
$data merge entity $(bone31) {transformation: [-0.9973f,-0.0472f,-0.0571f,0.2784f,-0.0691f,0.3147f,0.9467f,0.6789f,-0.0267f,0.948f,-0.3171f,0.2212f,0f,0f,0f,1f],start_interpolation: 0,interpolation_duration: 0}
$data merge entity $(bone19) {transformation: [-0.9852f,-0.1667f,0.0393f,0.1713f,-0.1711f,0.9671f,-0.1884f,1.305f,-0.0066f,-0.1924f,-0.9813f,-0.0343f,0f,0f,0f,1f],start_interpolation: 0,interpolation_duration: 0}
$data merge entity $(bone44) {transformation: [-0.7988f,0.5162f,0.3089f,-0.1116f,0.1767f,0.6921f,-0.6998f,1.2993f,-0.575f,-0.5045f,-0.6441f,-0.0009f,0f,0f,0f,1f],start_interpolation: 0,interpolation_duration: 0}
$data merge entity $(bone46) {transformation: [-0.8887f,-0.2361f,0.393f,-0.2841f,0.0597f,0.7903f,0.6098f,0.7917f,-0.4546f,0.5654f,-0.6883f,0.1103f,0f,0f,0f,1f],start_interpolation: 0,interpolation_duration: 0}
$data merge entity $(bone50) {transformation: [-0.8704f,-0.125f,0.4761f,-0.0716f,0.0235f,0.9556f,0.2938f,0.3293f,-0.4917f,0.2669f,-0.8288f,-0.5392f,0f,0f,0f,1f],start_interpolation: 0,interpolation_duration: 0}
$data merge entity $(bone49) {transformation: [-0.8704f,-0.3463f,0.3498f,-0.0907f,0.0235f,0.6807f,0.7322f,0.4267f,-0.4917f,0.6456f,-0.5843f,-0.4217f,0f,0f,0f,1f],start_interpolation: 0,interpolation_duration: 0}
$data merge entity $(bone48) {transformation: [-0.8704f,-0.389f,0.3016f,-0.1286f,0.0235f,0.5793f,0.8148f,0.484f,-0.4917f,0.7163f,-0.4951f,-0.3547f,0f,0f,0f,1f],start_interpolation: 0,interpolation_duration: 0}
$data merge entity $(bone54) {transformation: [-0.9803f,0.1966f,0.0182f,-0.2533f,-0.0246f,-0.0302f,-0.9992f,0.0647f,-0.1959f,-0.98f,0.0344f,0.2183f,0f,0f,0f,1f],start_interpolation: 0,interpolation_duration: 0}
$data merge entity $(bone53) {transformation: [-0.9803f,0.1966f,0.0182f,-0.2129f,-0.0246f,-0.0302f,-0.9992f,0.0612f,-0.1959f,-0.98f,0.0344f,0.0366f,0f,0f,0f,1f],start_interpolation: 0,interpolation_duration: 0}
$data merge entity $(bone52) {transformation: [-0.9803f,0.1966f,0.0182f,-0.1806f,-0.0246f,-0.0302f,-0.9992f,0.0539f,-0.1959f,-0.98f,0.0344f,-0.1309f,0f,0f,0f,1f],start_interpolation: 0,interpolation_duration: 0}
$data merge entity $(bone57) {transformation: [-0.7273f,0.6862f,0.0132f,-0.5814f,-0.0192f,-0.0011f,-0.9998f,0.0604f,-0.6861f,-0.7274f,0.014f,0.0649f,0f,0f,0f,1f],start_interpolation: 0,interpolation_duration: 0}
$data merge entity $(bone56) {transformation: [-0.7273f,0.6862f,0.0132f,-0.4774f,-0.0192f,-0.0011f,-0.9998f,0.0686f,-0.6861f,-0.7274f,0.014f,-0.1022f,0f,0f,0f,1f],start_interpolation: 0,interpolation_duration: 0}
$data merge entity $(bone55) {transformation: [-0.7273f,0.6862f,0.0132f,-0.3592f,-0.0192f,-0.0011f,-0.9998f,0.0664f,-0.6861f,-0.7274f,0.014f,-0.2255f,0f,0f,0f,1f],start_interpolation: 0,interpolation_duration: 0}
$data merge entity $(bone60) {transformation: [-0.8801f,0.4742f,-0.0243f,-0.4512f,0.0122f,-0.0286f,-0.9995f,0.0732f,-0.4746f,-0.88f,0.0194f,0.1773f,0f,0f,0f,1f],start_interpolation: 0,interpolation_duration: 0}
$data merge entity $(bone59) {transformation: [-0.8801f,0.4742f,-0.0243f,-0.3595f,0.0122f,-0.0286f,-0.9995f,0.0695f,-0.4746f,-0.88f,0.0194f,-0.0013f,0f,0f,0f,1f],start_interpolation: 0,interpolation_duration: 0}
$data merge entity $(bone58) {transformation: [-0.8801f,0.4742f,-0.0243f,-0.2639f,0.0122f,-0.0286f,-0.9995f,0.0617f,-0.4746f,-0.88f,0.0194f,-0.176f,0f,0f,0f,1f],start_interpolation: 0,interpolation_duration: 0}
$data merge entity $(bone51) {transformation: [-0.8865f,0.2183f,0.408f,-0.2229f,0.0435f,0.9171f,-0.3962f,0.3224f,-0.4607f,-0.3335f,-0.8225f,-0.2547f,0f,0f,0f,1f],start_interpolation: 0,interpolation_duration: 0}
$data merge entity $(bone47) {transformation: [-0.8865f,-0.1186f,0.4473f,-0.2455f,0.0435f,0.941f,0.3357f,0.5719f,-0.4607f,0.317f,-0.829f,-0.1653f,0f,0f,0f,1f],start_interpolation: 0,interpolation_duration: 0}
$data merge entity $(bone45) {transformation: [-0.8887f,-0.2977f,0.3486f,-0.5352f,0.0597f,0.6788f,0.7319f,1.057f,-0.4546f,0.6712f,-0.5855f,0.4899f,0f,0f,0f,1f],start_interpolation: 0,interpolation_duration: 0}
$data merge entity $(bone43) {transformation: [-0.8408f,0.5027f,0.2009f,-0.1713f,0.1157f,0.5294f,-0.8405f,1.305f,-0.5289f,-0.6834f,-0.5032f,-0.0343f,0f,0f,0f,1f],start_interpolation: 0,interpolation_duration: 0}