# This file was generated by Animated Java via MC-Build. It is not recommended to edit this file directly.
$data merge entity $(bone5) {transformation: [-0.9947f,-0.1022f,0.0113f,0.3849f,-0.0924f,0.937f,0.3368f,1.5145f,-0.045f,0.334f,-0.9415f,0.9773f,0f,0f,0f,1f],start_interpolation: 0,interpolation_duration: 0}
$data merge entity $(bone6) {transformation: [0.0164f,-0.2647f,-0.9642f,0.4942f,-0.43f,0.8687f,-0.2458f,1.2841f,0.9027f,0.4186f,-0.0995f,0.9048f,0f,0f,0f,1f],start_interpolation: 0,interpolation_duration: 0}
$data merge entity $(bone8) {transformation: [-0.2595f,-0.0558f,0.9641f,0.6357f,-0.0769f,0.9964f,0.037f,0.5951f,-0.9627f,-0.0645f,-0.2629f,0.76f,0f,0f,0f,1f],start_interpolation: 0,interpolation_duration: 0}
$data merge entity $(bone9) {transformation: [-0.2595f,-0.0558f,0.9641f,0.7979f,-0.0769f,0.9964f,0.037f,0.7675f,-0.9627f,-0.0645f,-0.2629f,0.6949f,0f,0f,0f,1f],start_interpolation: 0,interpolation_duration: 0}
$data merge entity $(bone10) {transformation: [-0.2307f,-0.1313f,0.9641f,0.6176f,-0.3729f,0.9271f,0.037f,0.5861f,-0.8987f,-0.351f,-0.2629f,0.7362f,0f,0f,0f,1f],start_interpolation: 0,interpolation_duration: 0}
$data merge entity $(bone12) {transformation: [-0.1993f,-0.5099f,0.8368f,0.7564f,-0.8804f,0.4682f,0.0756f,0.0758f,-0.4303f,-0.7217f,-0.5423f,0.9444f,0f,0f,0f,1f],start_interpolation: 0,interpolation_duration: 0}
$data merge entity $(bone15) {transformation: [0.9838f,-0.1054f,0.1448f,0.3794f,-0.1609f,-0.1658f,0.9729f,0.0263f,-0.0786f,-0.9805f,-0.1801f,0.9983f,0f,0f,0f,1f],start_interpolation: 0,interpolation_duration: 0}
$data merge entity $(bone14) {transformation: [0.937f,-0.1054f,-0.3331f,0.4998f,0.3137f,-0.1658f,0.9349f,0.0679f,-0.1538f,-0.9805f,-0.1222f,0.9771f,0f,0f,0f,1f],start_interpolation: 0,interpolation_duration: 0}
$data merge entity $(bone13) {transformation: [0.7665f,-0.1054f,-0.6335f,0.5998f,0.6146f,-0.1658f,0.7712f,0.1457f,-0.1863f,-0.9805f,-0.0623f,0.9499f,0f,0f,0f,1f],start_interpolation: 0,interpolation_duration: 0}
$data merge entity $(bone18) {transformation: [-0.0408f,-0.9985f,-0.0373f,0.7353f,0.9881f,-0.0459f,0.1468f,-0.0952f,-0.1483f,-0.0309f,0.9885f,1.377f,0f,0f,0f,1f],start_interpolation: 0,interpolation_duration: 0}
$data merge entity $(bone17) {transformation: [-0.0073f,-0.9985f,-0.0548f,0.7339f,0.6626f,-0.0459f,0.7476f,0.0353f,-0.749f,-0.0309f,0.6619f,1.2295f,0f,0f,0f,1f],start_interpolation: 0,interpolation_duration: 0}
$data merge entity $(bone16) {transformation: [0.0221f,-0.9985f,-0.0507f,0.7329f,0.1795f,-0.0459f,0.9827f,0.0598f,-0.9835f,-0.0309f,0.1782f,1.0848f,0f,0f,0f,1f],start_interpolation: 0,interpolation_duration: 0}
$data merge entity $(bone27) {transformation: [-0.8572f,-0.5116f,-0.0588f,1.1791f,-0.016f,-0.0878f,0.996f,0.0387f,-0.5147f,0.8547f,0.0671f,1.1323f,0f,0f,0f,1f],start_interpolation: 0,interpolation_duration: 0}
$data merge entity $(bone26) {transformation: [-0.8453f,-0.532f,-0.0488f,1.0448f,-0.0118f,-0.0727f,0.9973f,0.0376f,-0.5341f,0.8436f,0.0552f,1.0552f,0f,0f,0f,1f],start_interpolation: 0,interpolation_duration: 0}
$data merge entity $(bone25) {transformation: [-0.8292f,-0.532f,0.1717f,0.8922f,0.2467f,-0.0727f,0.9664f,0.0803f,-0.5016f,0.8436f,0.1915f,0.9677f,0f,0f,0f,1f],start_interpolation: 0,interpolation_duration: 0}
$data merge entity $(bone30) {transformation: [-0.1923f,-0.8709f,0.4522f,0.9957f,0.9478f,-0.0454f,0.3156f,-0.093f,-0.2543f,0.4893f,0.8342f,1.3343f,0f,0f,0f,1f],start_interpolation: 0,interpolation_duration: 0}
$data merge entity $(bone29) {transformation: [-0.3952f,-0.8709f,0.292f,0.9216f,0.6565f,-0.0454f,0.753f,0.0365f,-0.6425f,0.4893f,0.5897f,1.2056f,0f,0f,0f,1f],start_interpolation: 0,interpolation_duration: 0}
$data merge entity $(bone28) {transformation: [-0.4901f,-0.8709f,0.0357f,0.8186f,0.1526f,-0.0454f,0.9872f,0.0655f,-0.8582f,0.4893f,0.1552f,1.0338f,0f,0f,0f,1f],start_interpolation: 0,interpolation_duration: 0}
$data merge entity $(bone7) {transformation: [0.9641f,-0.0671f,0.2569f,0.6016f,0.037f,0.9921f,0.1202f,0.9309f,-0.2629f,-0.1064f,0.9589f,0.7201f,0f,0f,0f,1f],start_interpolation: 0,interpolation_duration: 0}
$data merge entity $(bone4) {transformation: [-0.9642f,-0.2649f,0.0113f,0.3501f,-0.2458f,0.9089f,0.3368f,1.6205f,-0.0995f,0.322f,-0.9415f,0.9873f,0f,0f,0f,1f],start_interpolation: 0,interpolation_duration: 0}
$data merge entity $(bone62) {transformation: [-0.9108f,0.3695f,0.1841f,-0.4164f,0.4088f,0.7452f,0.5267f,1.5376f,0.0575f,0.555f,-0.8299f,0.9512f,0f,0f,0f,1f],start_interpolation: 0,interpolation_duration: 0}
$data merge entity $(bone63) {transformation: [0.2369f,0.4927f,0.8373f,-0.5873f,0.5936f,0.6088f,-0.5262f,1.3806f,-0.7691f,0.6217f,-0.1483f,0.8233f,0f,0f,0f,1f],start_interpolation: 0,interpolation_duration: 0}
$data merge entity $(bone65) {transformation: [-0.0366f,0.1421f,-0.9892f,-0.845f,0.1559f,0.9785f,0.1348f,0.8092f,0.9871f,-0.1493f,-0.058f,0.6277f,0f,0f,0f,1f],start_interpolation: 0,interpolation_duration: 0}
$data merge entity $(bone66) {transformation: [-0.0366f,0.1421f,-0.9892f,-0.999f,0.1559f,0.9785f,0.1348f,0.9956f,0.9871f,-0.1493f,-0.058f,0.5852f,0f,0f,0f,1f],start_interpolation: 0,interpolation_duration: 0}
$data merge entity $(bone67) {transformation: [0.0078f,0.1465f,-0.9892f,-0.8334f,0.4429f,0.8864f,0.1348f,0.797f,0.8965f,-0.4392f,-0.058f,0.6014f,0f,0f,0f,1f],start_interpolation: 0,interpolation_duration: 0}
$data merge entity $(bone69) {transformation: [-0.2536f,0.0943f,-0.9627f,-0.9151f,0.3657f,0.9307f,-0.0052f,0.2289f,0.8955f,-0.3534f,-0.2705f,0.7679f,0f,0f,0f,1f],start_interpolation: 0,interpolation_duration: 0}
$data merge entity $(bone72) {transformation: [0.9245f,0.2574f,0.2812f,-0.6315f,-0.3395f,0.2205f,0.9144f,0.1419f,0.1733f,-0.9408f,0.2912f,0.7944f,0f,0f,0f,1f],start_interpolation: 0,interpolation_duration: 0}
$data merge entity $(bone71) {transformation: [0.7407f,0.2574f,0.6206f,-0.726f,-0.6703f,0.2205f,0.7086f,0.2297f,0.0455f,-0.9408f,0.3359f,0.7878f,0f,0f,0f,1f],start_interpolation: 0,interpolation_duration: 0}
$data merge entity $(bone70) {transformation: [0.4838f,0.2574f,0.8365f,-0.7892f,-0.8722f,0.2205f,0.4366f,0.3427f,-0.0721f,-0.9408f,0.3312f,0.7935f,0f,0f,0f,1f],start_interpolation: 0,interpolation_duration: 0}
$data merge entity $(bone81) {transformation: [0.1586f,0.9863f,0.0458f,-0.7967f,-0.4954f,0.0393f,0.8678f,-0.0655f,0.8541f,-0.1604f,0.4948f,1.113f,0f,0f,0f,1f],start_interpolation: 0,interpolation_duration: 0}
$data merge entity $(bone80) {transformation: [0.1279f,0.9863f,0.1045f,-0.8219f,-0.7964f,0.0393f,0.6035f,0.0914f,0.5911f,-0.1604f,0.7905f,0.9965f,0f,0f,0f,1f],start_interpolation: 0,interpolation_duration: 0}
$data merge entity $(bone73) {transformation: [0.1612f,0.9863f,0.0359f,-0.8414f,-0.4403f,0.0393f,0.897f,0.1546f,0.8833f,-0.1604f,0.4406f,0.8656f,0f,0f,0f,1f],start_interpolation: 0,interpolation_duration: 0}
$data merge entity $(bone84) {transformation: [-0.7153f,0.6924f,0.0948f,-1.2537f,0.1085f,-0.0241f,0.9938f,0.0309f,0.6904f,0.7211f,-0.0579f,1.0154f,0f,0f,0f,1f],start_interpolation: 0,interpolation_duration: 0}
$data merge entity $(bone83) {transformation: [-0.6786f,0.7095f,-0.19f,-1.1443f,-0.2721f,-0.0025f,0.9623f,0.0742f,0.6823f,0.7047f,0.1947f,0.9146f,0f,0f,0f,1f],start_interpolation: 0,interpolation_duration: 0}
$data merge entity $(bone82) {transformation: [-0.6062f,0.7095f,-0.3592f,-1.0309f,-0.5119f,-0.0025f,0.8591f,0.1653f,0.6086f,0.7047f,0.3647f,0.8069f,0f,0f,0f,1f],start_interpolation: 0,interpolation_duration: 0}
$data merge entity $(bone103) {transformation: [-0.2907f,0.9508f,-0.1075f,-1.0349f,-0.2932f,0.0184f,0.9559f,-0.0718f,0.9108f,0.3094f,0.2734f,1.1514f,0f,0f,0f,1f],start_interpolation: 0,interpolation_duration: 0}
$data merge entity $(bone102) {transformation: [-0.2125f,0.9508f,-0.2256f,-0.9971f,-0.6879f,0.0184f,0.7255f,0.0636f,0.694f,0.3094f,0.6502f,1.0134f,0f,0f,0f,1f],start_interpolation: 0,interpolation_duration: 0}
$data merge entity $(bone85) {transformation: [-0.271f,0.9508f,-0.1503f,-0.9379f,-0.4348f,0.0184f,0.9003f,0.1502f,0.8588f,0.3094f,0.4084f,0.8402f,0f,0f,0f,1f],start_interpolation: 0,interpolation_duration: 0}
$data merge entity $(bone64) {transformation: [0.9892f,0.1436f,-0.0304f,-0.7862f,-0.1348f,0.9708f,0.1984f,1.1363f,0.058f,-0.1922f,0.9796f,0.5565f,0f,0f,0f,1f],start_interpolation: 0,interpolation_duration: 0}
$data merge entity $(bone61) {transformation: [-0.8373f,0.5148f,0.1841f,-0.3501f,0.5262f,0.6675f,0.5267f,1.6205f,0.1483f,0.5379f,-0.8299f,0.9873f,0f,0f,0f,1f],start_interpolation: 0,interpolation_duration: 0}
$data merge entity $(bone23) {transformation: [-0.7934f,-0.6088f,0f,0.1071f,-0.0852f,0.1111f,0.9902f,1.5434f,-0.6028f,0.7855f,-0.14f,1.0113f,0f,0f,0f,1f],start_interpolation: 0,interpolation_duration: 0}
$data merge entity $(bone22) {transformation: [-0.7934f,0.6088f,0f,-0.1071f,0.0852f,0.1111f,0.9902f,1.5434f,0.6028f,0.7855f,-0.14f,1.0113f,0f,0f,0f,1f],start_interpolation: 0,interpolation_duration: 0}
$data merge entity $(bone89) {transformation: [-1f,0.0072f,0.0007f,0.002f,0.0053f,0.664f,0.7478f,2.241f,0.0049f,0.7477f,-0.664f,1.4975f,0f,0f,0f,1f],start_interpolation: 0,interpolation_duration: 0}
$data merge entity $(bone90) {transformation: [-1f,0.0069f,0.0019f,0.0013f,0.0053f,0.524f,0.8517f,2.1814f,0.0049f,0.8517f,-0.524f,1.4172f,0f,0f,0f,1f],start_interpolation: 0,interpolation_duration: 0}
$data merge entity $(bone88) {transformation: [-1f,0.0071f,0.0013f,0.0312f,0.0053f,0.5963f,0.8028f,2.0449f,0.0049f,0.8028f,-0.5963f,1.2964f,0f,0f,0f,1f],start_interpolation: 0,interpolation_duration: 0}
$data merge entity $(bone42) {transformation: [-1f,0f,0f,0f,0f,0.7373f,0.6756f,1.7365f,0f,0.6756f,-0.7373f,1.6914f,0f,0f,0f,1f],start_interpolation: 0,interpolation_duration: 0}
$data merge entity $(bone87) {transformation: [-0.9998f,0.0157f,-0.0096f,-0.0044f,0.0024f,0.6246f,0.7809f,1.2671f,0.0183f,0.7808f,-0.6246f,2.2317f,0f,0f,0f,1f],start_interpolation: 0,interpolation_duration: 0}
$data merge entity $(bone86) {transformation: [-1f,0f,0f,0f,0f,0.7081f,0.7061f,1.4248f,0f,0.7061f,-0.7081f,2.0667f,0f,0f,0f,1f],start_interpolation: 0,interpolation_duration: 0}
$data merge entity $(bone92) {transformation: [-0.8818f,0.2593f,-0.3939f,0.1194f,-0.0803f,0.7406f,0.6671f,1.8081f,0.4647f,0.6199f,-0.6323f,1.7336f,0f,0f,0f,1f],start_interpolation: 0,interpolation_duration: 0}
$data merge entity $(bone3) {transformation: [-0.8818f,-0.2593f,0.3939f,-0.1194f,0.0803f,0.7406f,0.6671f,1.8081f,-0.4647f,0.6199f,-0.6323f,1.7336f,0f,0f,0f,1f],start_interpolation: 0,interpolation_duration: 0}
$data merge entity $(head) {transformation: [-1f,0f,0f,0f,0f,0.7441f,0.6681f,1.7376f,0f,0.6681f,-0.7441f,1.5077f,0f,0f,0f,1f],start_interpolation: 0,interpolation_duration: 0}
$data merge entity $(neck) {transformation: [-1f,0f,0f,0f,0f,0.5458f,0.8379f,1.6455f,0f,0.8379f,-0.5458f,1.3663f,0f,0f,0f,1f],start_interpolation: 0,interpolation_duration: 0}
$data merge entity $(bone2) {transformation: [-1f,0f,0f,0f,0f,0.14f,0.9902f,1.5804f,0f,0.9902f,-0.14f,1.055f,0f,0f,0f,1f],start_interpolation: 0,interpolation_duration: 0}
$data merge entity $(bone136) {transformation: [-1f,0f,0f,0f,0f,0.1916f,1.1085f,1.5603f,0f,0.9815f,-0.2164f,0.8594f,0f,0f,0f,1f],start_interpolation: 0,interpolation_duration: 0}
$data merge entity $(bone118) {transformation: [-0.0788f,-0.849f,-0.5226f,0.2575f,0.9924f,-0.1167f,0.04f,1.722f,-0.0949f,-0.5154f,0.8517f,0.7709f,0f,0f,0f,1f],start_interpolation: 0,interpolation_duration: 0}
$data merge entity $(bone119) {transformation: [-0.1419f,-0.849f,-0.5091f,0.7348f,0.9898f,-0.1167f,-0.0812f,1.7617f,0.0096f,-0.5154f,0.8569f,-0.036f,0f,0f,0f,1f],start_interpolation: 0,interpolation_duration: 0}
$data merge entity $(bone120) {transformation: [-0.4931f,-0.849f,0.19f,1.6222f,-0.1757f,-0.1167f,-0.9775f,1.0375f,0.852f,-0.5154f,-0.0916f,0.6231f,0f,0f,0f,1f],start_interpolation: 0,interpolation_duration: 0}
$data merge entity $(bone121) {transformation: [0f,0f,0f,0.9855f,0f,0f,0f,1.8718f,0f,0f,0f,-0.4621f,0f,0f,0f,1f],start_interpolation: 0,interpolation_duration: 0}
$data merge entity $(bone123) {transformation: [0.0636f,-1.7315f,-1.0614f,0.8835f,1.9715f,-0.2024f,0.4482f,1.3676f,-0.4877f,-1.0439f,1.6737f,2.4398f,0f,0f,0f,1f],start_interpolation: 0,interpolation_duration: 0}
$data merge entity $(bone124) {transformation: [-0.105f,-0.8521f,-0.5127f,0.734f,0.9943f,-0.0996f,-0.038f,2.7104f,-0.0187f,-0.5137f,0.8577f,-0.2583f,0f,0f,0f,1f],start_interpolation: 0,interpolation_duration: 0}
$data merge entity $(bone122) {transformation: [-0.3607f,-1.313f,-0.7211f,0.5582f,1.4646f,-0.1535f,-0.4531f,2.7052f,0.3143f,-0.7916f,1.284f,0.0328f,0f,0f,0f,1f],start_interpolation: 0,interpolation_duration: 0}
$data merge entity $(bone126) {transformation: [0.2845f,-0.8521f,-0.4392f,1.1375f,0.7358f,-0.0996f,0.6698f,1.9716f,-0.6145f,-0.5137f,0.5987f,-0.7832f,0f,0f,0f,1f],start_interpolation: 0,interpolation_duration: 0}
$data merge entity $(bone127) {transformation: [0.1611f,-0.8521f,-0.4979f,0.7986f,0.8841f,-0.0996f,0.4565f,2.3888f,-0.4386f,-0.5137f,0.7374f,-0.303f,0f,0f,0f,1f],start_interpolation: 0,interpolation_duration: 0}
$data merge entity $(bone125) {transformation: [0.0375f,-1.1946f,-0.7327f,0.6334f,1.3628f,-0.1396f,0.2974f,2.558f,-0.3264f,-0.7202f,1.1576f,-0.0545f,0f,0f,0f,1f],start_interpolation: 0,interpolation_duration: 0}
$data merge entity $(bone129) {transformation: [1.0377f,-1.5891f,-0.1843f,0.4727f,0.0242f,-0.1858f,2.0039f,3.9137f,-1.7259f,-0.958f,-0.0828f,2.6276f,0f,0f,0f,1f],start_interpolation: 0,interpolation_duration: 0}
$data merge entity $(bone130) {transformation: [0.5373f,-0.8521f,-0.1753f,0.8401f,0.1624f,-0.0996f,1.0623f,1.5552f,-0.9227f,-0.5137f,0.0849f,-0.2102f,0f,0f,0f,1f],start_interpolation: 0,interpolation_duration: 0}
$data merge entity $(bone131) {transformation: [0.4625f,-0.8521f,-0.3248f,0.7013f,0.4659f,-0.0996f,0.9684f,2.1399f,-0.8576f,-0.5137f,0.3509f,-0.0934f,0f,0f,0f,1f],start_interpolation: 0,interpolation_duration: 0}
$data merge entity $(bone128) {transformation: [0.3824f,-0.8984f,-0.4569f,0.597f,0.7386f,-0.105f,0.859f,2.4473f,-0.7775f,-0.5416f,0.5913f,0.0094f,0f,0f,0f,1f],start_interpolation: 0,interpolation_duration: 0}
$data merge entity $(bone132) {transformation: [-0.2051f,-0.8521f,-0.4814f,0.4755f,0.9668f,-0.0996f,-0.2355f,2.5891f,0.1527f,-0.5137f,0.8442f,0.2063f,0f,0f,0f,1f],start_interpolation: 0,interpolation_duration: 0}
$data merge entity $(bone133) {transformation: [-0.3586f,-1.4467f,-0.7111f,0.5409f,1.6905f,-0.1691f,-0.3478f,2.6036f,0.2671f,-0.8722f,1.2469f,0.1066f,0f,0f,0f,1f],start_interpolation: 0,interpolation_duration: 0}
$data merge entity $(w5) {transformation: [-0.2051f,-0.8521f,-0.4814f,0.5485f,0.9668f,-0.0996f,-0.2355f,2.537f,0.1527f,-0.5137f,0.8442f,0.1201f,0f,0f,0f,1f],start_interpolation: 0,interpolation_duration: 0}
$data merge entity $(w2) {transformation: [-0.5129f,-0.849f,-0.1272f,0.7083f,0.4167f,-0.1167f,-0.9015f,1.7775f,0.7505f,-0.5154f,0.4136f,-0.0192f,0f,0f,0f,1f],start_interpolation: 0,interpolation_duration: 0}
$data merge entity $(wing3) {transformation: [-0.0788f,-0.849f,-0.5226f,0.2175f,0.9924f,-0.1167f,0.04f,1.8254f,-0.0949f,-0.5154f,0.8517f,0.7784f,0f,0f,0f,1f],start_interpolation: 0,interpolation_duration: 0}
$data merge entity $(bone104) {transformation: [-0.0788f,0.849f,0.5226f,-0.2575f,-0.9924f,-0.1167f,0.04f,1.722f,0.0949f,-0.5154f,0.8517f,0.7709f,0f,0f,0f,1f],start_interpolation: 0,interpolation_duration: 0}
$data merge entity $(bone105) {transformation: [-0.1419f,0.849f,0.5091f,-0.7348f,-0.9898f,-0.1167f,-0.0812f,1.7617f,-0.0096f,-0.5154f,0.8569f,-0.036f,0f,0f,0f,1f],start_interpolation: 0,interpolation_duration: 0}
$data merge entity $(bone106) {transformation: [-0.4931f,0.849f,-0.19f,-1.6222f,0.1757f,-0.1167f,-0.9775f,1.0375f,-0.852f,-0.5154f,-0.0916f,0.6231f,0f,0f,0f,1f],start_interpolation: 0,interpolation_duration: 0}
$data merge entity $(bone107) {transformation: [0f,0f,0f,-0.9855f,0f,0f,0f,1.8718f,0f,0f,0f,-0.4621f,0f,0f,0f,1f],start_interpolation: 0,interpolation_duration: 0}
$data merge entity $(bone109) {transformation: [0.0769f,1.7315f,0.9989f,-0.918f,-1.8061f,-0.2024f,0.3872f,1.4739f,0.4777f,-1.0439f,1.5817f,2.3619f,0f,0f,0f,1f],start_interpolation: 0,interpolation_duration: 0}
$data merge entity $(bone110) {transformation: [-0.0907f,0.8521f,0.4846f,-0.7244f,-0.9079f,-0.0996f,-0.046f,2.7138f,0.0256f,-0.5137f,0.8127f,-0.2429f,0f,0f,0f,1f],start_interpolation: 0,interpolation_duration: 0}
$data merge entity $(bone108) {transformation: [-0.3282f,1.313f,0.6851f,-0.5582f,-1.3328f,-0.1535f,-0.4305f,2.7052f,-0.286f,-0.7916f,1.2198f,0.0328f,0f,0f,0f,1f],start_interpolation: 0,interpolation_duration: 0}
$data merge entity $(bone112) {transformation: [0.2845f,0.8521f,0.4392f,-1.1375f,-0.7358f,-0.0996f,0.6698f,1.9716f,0.6145f,-0.5137f,0.5987f,-0.7832f,0f,0f,0f,1f],start_interpolation: 0,interpolation_duration: 0}
$data merge entity $(bone113) {transformation: [0.1611f,0.8521f,0.4979f,-0.7986f,-0.8841f,-0.0996f,0.4565f,2.3888f,0.4386f,-0.5137f,0.7374f,-0.303f,0f,0f,0f,1f],start_interpolation: 0,interpolation_duration: 0}
$data merge entity $(bone111) {transformation: [0.0375f,1.1946f,0.7327f,-0.6334f,-1.3628f,-0.1396f,0.2974f,2.558f,0.3264f,-0.7202f,1.1576f,-0.0545f,0f,0f,0f,1f],start_interpolation: 0,interpolation_duration: 0}
$data merge entity $(bone115) {transformation: [1.0377f,1.5891f,0.1843f,-0.4727f,-0.0242f,-0.1858f,2.0039f,3.9137f,1.7259f,-0.958f,-0.0828f,2.6276f,0f,0f,0f,1f],start_interpolation: 0,interpolation_duration: 0}
$data merge entity $(bone116) {transformation: [0.5373f,0.8521f,0.1753f,-0.8401f,-0.1624f,-0.0996f,1.0623f,1.5552f,0.9227f,-0.5137f,0.0849f,-0.2102f,0f,0f,0f,1f],start_interpolation: 0,interpolation_duration: 0}
$data merge entity $(bone117) {transformation: [0.4625f,0.8521f,0.3248f,-0.7013f,-0.4659f,-0.0996f,0.9684f,2.1399f,0.8576f,-0.5137f,0.3509f,-0.0934f,0f,0f,0f,1f],start_interpolation: 0,interpolation_duration: 0}
$data merge entity $(bone114) {transformation: [0.3824f,0.8984f,0.4569f,-0.597f,-0.7386f,-0.105f,0.859f,2.4473f,0.7775f,-0.5416f,0.5913f,0.0094f,0f,0f,0f,1f],start_interpolation: 0,interpolation_duration: 0}
$data merge entity $(bone134) {transformation: [-0.2051f,0.8521f,0.4814f,-0.4755f,-0.9668f,-0.0996f,-0.2355f,2.5891f,-0.1527f,-0.5137f,0.8442f,0.2063f,0f,0f,0f,1f],start_interpolation: 0,interpolation_duration: 0}
$data merge entity $(bone135) {transformation: [-0.3586f,1.4467f,0.7111f,-0.5409f,-1.6905f,-0.1691f,-0.3478f,2.6036f,-0.2671f,-0.8722f,1.2469f,0.1066f,0f,0f,0f,1f],start_interpolation: 0,interpolation_duration: 0}
$data merge entity $(w4) {transformation: [-0.2051f,0.8521f,0.4814f,-0.5485f,-0.9668f,-0.0996f,-0.2355f,2.537f,-0.1527f,-0.5137f,0.8442f,0.1201f,0f,0f,0f,1f],start_interpolation: 0,interpolation_duration: 0}
$data merge entity $(w3) {transformation: [-0.5129f,0.849f,0.1272f,-0.7083f,-0.4167f,-0.1167f,-0.9015f,1.7775f,-0.7505f,-0.5154f,0.4136f,-0.0192f,0f,0f,0f,1f],start_interpolation: 0,interpolation_duration: 0}
$data merge entity $(wing2) {transformation: [-0.0788f,0.849f,0.5226f,-0.2175f,-0.9924f,-0.1167f,0.04f,1.8254f,0.0949f,-0.5154f,0.8517f,0.7784f,0f,0f,0f,1f],start_interpolation: 0,interpolation_duration: 0}
$data merge entity $(bone20) {transformation: [-1f,0f,0f,-0.1563f,0f,-0.1642f,0.9864f,1.5743f,0f,0.9864f,0.1642f,0.3246f,0f,0f,0f,1f],start_interpolation: 0,interpolation_duration: 0}
$data merge entity $(bone101) {transformation: [-1f,0f,0f,0f,0f,-0.4647f,0.8855f,1.1645f,0f,0.8855f,0.4647f,-2.701f,0f,0f,0f,1f],start_interpolation: 0,interpolation_duration: 0}
$data merge entity $(bone100) {transformation: [-1f,0f,0f,0f,0f,0.212f,0.9773f,0.723f,0f,0.9773f,-0.212f,-2.5988f,0f,0f,0f,1f],start_interpolation: 0,interpolation_duration: 0}
$data merge entity $(bone99) {transformation: [-1f,0f,0f,0f,0f,0.5231f,0.8523f,0.2915f,0f,0.8523f,-0.5231f,-2.334f,0f,0f,0f,1f],start_interpolation: 0,interpolation_duration: 0}
$data merge entity $(bone98) {transformation: [-1f,0f,0f,0f,0f,0.8793f,0.4762f,0.0564f,0f,0.4762f,-0.8793f,-1.8998f,0f,0f,0f,1f],start_interpolation: 0,interpolation_duration: 0}
$data merge entity $(bone97) {transformation: [-1f,0f,0f,0f,0f,0.9863f,-0.1649f,0.1409f,0f,-0.1649f,-0.9863f,-1.3944f,0f,0f,0f,1f],start_interpolation: 0,interpolation_duration: 0}
$data merge entity $(bone96) {transformation: [-1f,0f,0f,0f,0f,0.8481f,-0.5298f,0.4058f,0f,-0.5298f,-0.8481f,-0.9703f,0f,0f,0f,1f],start_interpolation: 0,interpolation_duration: 0}
$data merge entity $(bone95) {transformation: [-1f,0f,0f,0f,0f,0.6496f,-0.7603f,0.7811f,0f,-0.7603f,-0.6496f,-0.6496f,0f,0f,0f,1f],start_interpolation: 0,interpolation_duration: 0}
$data merge entity $(bone94) {transformation: [-1f,0f,0f,0f,0f,0.5808f,-0.814f,1.1831f,0f,-0.814f,-0.5808f,-0.3628f,0f,0f,0f,1f],start_interpolation: 0,interpolation_duration: 0}
$data merge entity $(bone93) {transformation: [-1f,0f,0f,0f,0f,0.7134f,-0.7008f,1.4481f,0f,-0.7008f,-0.7134f,-0.093f,0f,0f,0f,1f],start_interpolation: 0,interpolation_duration: 0}
$data merge entity $(bone) {transformation: [-1f,0f,0f,0f,0f,0.5373f,0.8434f,1.3558f,0f,0.8434f,-0.5373f,-0.0343f,0f,0f,0f,1f],start_interpolation: 0,interpolation_duration: 0}
$data merge entity $(bone24) {transformation: [-0.9665f,-0.2565f,0.0008f,0.1031f,-0.2563f,0.966f,0.0343f,1.2971f,-0.0095f,0.033f,-0.9994f,-0.0355f,0f,0f,0f,1f],start_interpolation: 0,interpolation_duration: 0}
$data merge entity $(bone32) {transformation: [-0.9973f,-0.0559f,-0.0486f,0.2296f,-0.0691f,0.4661f,0.882f,0.6233f,-0.0267f,0.8829f,-0.4687f,-0.3007f,0f,0f,0f,1f],start_interpolation: 0,interpolation_duration: 0}
$data merge entity $(bone36) {transformation: [-0.999f,-0.0139f,-0.0436f,0.3368f,-0.0158f,0.999f,0.0429f,0.2996f,0.0429f,0.0436f,-0.9981f,-1.0114f,0f,0f,0f,1f],start_interpolation: 0,interpolation_duration: 0}
$data merge entity $(bone35) {transformation: [-0.999f,0.0097f,-0.0447f,0.2997f,-0.0158f,0.8437f,0.5367f,0.4223f,0.0429f,0.5368f,-0.8426f,-0.9265f,0f,0f,0f,1f],start_interpolation: 0,interpolation_duration: 0}
$data merge entity $(bone34) {transformation: [-0.999f,0.0155f,-0.043f,0.3024f,-0.0158f,0.7664f,0.6422f,0.4973f,0.0429f,0.6422f,-0.7653f,-0.8665f,0f,0f,0f,1f],start_interpolation: 0,interpolation_duration: 0}
$data merge entity $(bone77) {transformation: [-0.9333f,0.3551f,-0.0526f,0.1063f,0.0256f,-0.0803f,-0.9964f,0.0731f,-0.3581f,-0.9314f,0.0659f,-0.3562f,0f,0f,0f,1f],start_interpolation: 0,interpolation_duration: 0}
$data merge entity $(bone75) {transformation: [-0.9333f,0.3551f,-0.0526f,0.1688f,0.0256f,-0.0803f,-0.9964f,0.0602f,-0.3581f,-0.9314f,0.0659f,-0.531f,0f,0f,0f,1f],start_interpolation: 0,interpolation_duration: 0}
$data merge entity $(bone39) {transformation: [-0.9333f,0.3551f,-0.0526f,0.2306f,0.0256f,-0.0803f,-0.9964f,0.0444f,-0.3581f,-0.9314f,0.0659f,-0.6895f,0f,0f,0f,1f],start_interpolation: 0,interpolation_duration: 0}
$data merge entity $(bone76) {transformation: [-0.9593f,-0.282f,-0.0169f,0.4995f,0.0273f,-0.0331f,-0.9991f,0.0524f,0.2812f,-0.9588f,0.0394f,-0.3324f,0f,0f,0f,1f],start_interpolation: 0,interpolation_duration: 0}
$data merge entity $(bone74) {transformation: [-0.9593f,-0.282f,-0.0169f,0.4825f,0.0273f,-0.0331f,-0.9991f,0.0541f,0.2812f,-0.9588f,0.0394f,-0.5287f,0f,0f,0f,1f],start_interpolation: 0,interpolation_duration: 0}
$data merge entity $(bone40) {transformation: [-0.9593f,-0.282f,-0.0169f,0.4331f,0.0273f,-0.0331f,-0.9991f,0.0465f,0.2812f,-0.9588f,0.0394f,-0.692f,0f,0f,0f,1f],start_interpolation: 0,interpolation_duration: 0}
$data merge entity $(bone79) {transformation: [-0.9998f,0.0179f,-0.0105f,0.3157f,0.0099f,-0.0332f,-0.9994f,0.0607f,-0.0183f,-0.9993f,0.033f,-0.2918f,0f,0f,0f,1f],start_interpolation: 0,interpolation_duration: 0}
$data merge entity $(bone78) {transformation: [-0.9998f,0.0179f,-0.0105f,0.3233f,0.0099f,-0.0332f,-0.9994f,0.056f,-0.0183f,-0.9993f,0.033f,-0.4924f,0f,0f,0f,1f],start_interpolation: 0,interpolation_duration: 0}
$data merge entity $(bone41) {transformation: [-0.9998f,0.0179f,-0.0105f,0.3255f,0.0099f,-0.0332f,-0.9994f,0.0473f,-0.0183f,-0.9993f,0.033f,-0.6915f,0f,0f,0f,1f],start_interpolation: 0,interpolation_duration: 0}
$data merge entity $(bone38) {transformation: [-1f,0.0056f,-0.0077f,0.3385f,0.0081f,0.9271f,-0.3748f,0.3098f,0.005f,-0.3748f,-0.9271f,-0.774f,0f,0f,0f,1f],start_interpolation: 0,interpolation_duration: 0}
$data merge entity $(bone33) {transformation: [-0.9996f,-0.0209f,-0.0185f,0.3227f,-0.0276f,0.8432f,0.5369f,0.5333f,0.0044f,0.5372f,-0.8435f,-0.6309f,0f,0f,0f,1f],start_interpolation: 0,interpolation_duration: 0}
$data merge entity $(bone31) {transformation: [-0.9973f,-0.0471f,-0.0572f,0.2784f,-0.0691f,0.3142f,0.9469f,0.6785f,-0.0267f,0.9482f,-0.3166f,0.2209f,0f,0f,0f,1f],start_interpolation: 0,interpolation_duration: 0}
$data merge entity $(bone19) {transformation: [-0.9852f,-0.1667f,0.0393f,0.1713f,-0.1711f,0.9671f,-0.188f,1.3047f,-0.0066f,-0.192f,-0.9814f,-0.0343f,0f,0f,0f,1f],start_interpolation: 0,interpolation_duration: 0}
$data merge entity $(bone44) {transformation: [-0.7988f,0.5163f,0.3087f,-0.1116f,0.1766f,0.6918f,-0.7001f,1.299f,-0.5751f,-0.5047f,-0.6439f,-0.0009f,0f,0f,0f,1f],start_interpolation: 0,interpolation_duration: 0}
$data merge entity $(bone46) {transformation: [-0.8887f,-0.236f,0.393f,-0.2842f,0.0597f,0.7903f,0.6098f,0.7916f,-0.4545f,0.5654f,-0.6883f,0.1104f,0f,0f,0f,1f],start_interpolation: 0,interpolation_duration: 0}
$data merge entity $(bone50) {transformation: [-0.8705f,-0.125f,0.4761f,-0.0716f,0.0235f,0.9555f,0.294f,0.3293f,-0.4917f,0.2671f,-0.8288f,-0.5392f,0f,0f,0f,1f],start_interpolation: 0,interpolation_duration: 0}
$data merge entity $(bone49) {transformation: [-0.8705f,-0.3463f,0.3498f,-0.0908f,0.0235f,0.6805f,0.7323f,0.4267f,-0.4917f,0.6457f,-0.5842f,-0.4217f,0f,0f,0f,1f],start_interpolation: 0,interpolation_duration: 0}
$data merge entity $(bone48) {transformation: [-0.8705f,-0.389f,0.3016f,-0.1286f,0.0235f,0.5791f,0.8149f,0.484f,-0.4917f,0.7164f,-0.495f,-0.3546f,0f,0f,0f,1f],start_interpolation: 0,interpolation_duration: 0}
$data merge entity $(bone54) {transformation: [-0.9803f,0.1966f,0.018f,-0.2534f,-0.0244f,-0.0304f,-0.9992f,0.0647f,-0.1959f,-0.98f,0.0346f,0.2183f,0f,0f,0f,1f],start_interpolation: 0,interpolation_duration: 0}
$data merge entity $(bone53) {transformation: [-0.9803f,0.1966f,0.018f,-0.2129f,-0.0244f,-0.0304f,-0.9992f,0.0611f,-0.1959f,-0.98f,0.0346f,0.0366f,0f,0f,0f,1f],start_interpolation: 0,interpolation_duration: 0}
$data merge entity $(bone52) {transformation: [-0.9803f,0.1966f,0.018f,-0.1806f,-0.0244f,-0.0304f,-0.9992f,0.0539f,-0.1959f,-0.98f,0.0346f,-0.1309f,0f,0f,0f,1f],start_interpolation: 0,interpolation_duration: 0}
$data merge entity $(bone57) {transformation: [-0.7273f,0.6862f,0.0131f,-0.5815f,-0.0191f,-0.0012f,-0.9998f,0.0604f,-0.6861f,-0.7274f,0.014f,0.0649f,0f,0f,0f,1f],start_interpolation: 0,interpolation_duration: 0}
$data merge entity $(bone56) {transformation: [-0.7273f,0.6862f,0.0131f,-0.4774f,-0.0191f,-0.0012f,-0.9998f,0.0686f,-0.6861f,-0.7274f,0.014f,-0.1022f,0f,0f,0f,1f],start_interpolation: 0,interpolation_duration: 0}
$data merge entity $(bone55) {transformation: [-0.7273f,0.6862f,0.0131f,-0.3592f,-0.0191f,-0.0012f,-0.9998f,0.0663f,-0.6861f,-0.7274f,0.014f,-0.2255f,0f,0f,0f,1f],start_interpolation: 0,interpolation_duration: 0}
$data merge entity $(bone60) {transformation: [-0.8801f,0.4742f,-0.0244f,-0.4512f,0.0122f,-0.0288f,-0.9995f,0.0732f,-0.4746f,-0.88f,0.0195f,0.1773f,0f,0f,0f,1f],start_interpolation: 0,interpolation_duration: 0}
$data merge entity $(bone59) {transformation: [-0.8801f,0.4742f,-0.0244f,-0.3595f,0.0122f,-0.0288f,-0.9995f,0.0695f,-0.4746f,-0.88f,0.0195f,-0.0013f,0f,0f,0f,1f],start_interpolation: 0,interpolation_duration: 0}
$data merge entity $(bone58) {transformation: [-0.8801f,0.4742f,-0.0244f,-0.2639f,0.0122f,-0.0288f,-0.9995f,0.0617f,-0.4746f,-0.88f,0.0195f,-0.176f,0f,0f,0f,1f],start_interpolation: 0,interpolation_duration: 0}
$data merge entity $(bone51) {transformation: [-0.8865f,0.2183f,0.408f,-0.223f,0.0435f,0.9172f,-0.3961f,0.3224f,-0.4606f,-0.3334f,-0.8226f,-0.2546f,0f,0f,0f,1f],start_interpolation: 0,interpolation_duration: 0}
$data merge entity $(bone47) {transformation: [-0.8865f,-0.1186f,0.4472f,-0.2455f,0.0435f,0.9409f,0.3358f,0.5719f,-0.4606f,0.3172f,-0.829f,-0.1653f,0f,0f,0f,1f],start_interpolation: 0,interpolation_duration: 0}
$data merge entity $(bone45) {transformation: [-0.8887f,-0.2977f,0.3487f,-0.5352f,0.0597f,0.6788f,0.7319f,1.0569f,-0.4545f,0.6712f,-0.5855f,0.4901f,0f,0f,0f,1f],start_interpolation: 0,interpolation_duration: 0}
$data merge entity $(bone43) {transformation: [-0.8408f,0.5028f,0.2007f,-0.1713f,0.1157f,0.529f,-0.8407f,1.3047f,-0.5289f,-0.6836f,-0.503f,-0.0343f,0f,0f,0f,1f],start_interpolation: 0,interpolation_duration: 0}