# This file was generated by Animated Java via MC-Build. It is not recommended to edit this file directly.
$data merge entity $(bone5) {transformation: [-0.9947f,-0.1022f,0.0112f,0.3849f,-0.0925f,0.9375f,0.3355f,1.5148f,-0.0448f,0.3327f,-0.942f,0.9773f,0f,0f,0f,1f],start_interpolation: 0,interpolation_duration: 0}
$data merge entity $(bone6) {transformation: [0.0166f,-0.2647f,-0.9642f,0.4942f,-0.4287f,0.8693f,-0.246f,1.2844f,0.9033f,0.4175f,-0.0991f,0.9051f,0f,0f,0f,1f],start_interpolation: 0,interpolation_duration: 0}
$data merge entity $(bone8) {transformation: [-0.2598f,-0.0555f,0.9641f,0.6356f,-0.0763f,0.9964f,0.0368f,0.595f,-0.9626f,-0.064f,-0.2631f,0.7606f,0f,0f,0f,1f],start_interpolation: 0,interpolation_duration: 0}
$data merge entity $(bone9) {transformation: [-0.2598f,-0.0555f,0.9641f,0.7979f,-0.0763f,0.9964f,0.0368f,0.7674f,-0.9626f,-0.064f,-0.2631f,0.6956f,0f,0f,0f,1f],start_interpolation: 0,interpolation_duration: 0}
$data merge entity $(bone10) {transformation: [-0.2311f,-0.131f,0.9641f,0.6175f,-0.3724f,0.9273f,0.0368f,0.5861f,-0.8988f,-0.3505f,-0.2631f,0.7369f,0f,0f,0f,1f],start_interpolation: 0,interpolation_duration: 0}
$data merge entity $(bone12) {transformation: [-0.1987f,-0.5104f,0.8367f,0.7563f,-0.8811f,0.4669f,0.0756f,0.0759f,-0.4292f,-0.7222f,-0.5424f,0.945f,0f,0f,0f,1f],start_interpolation: 0,interpolation_duration: 0}
$data merge entity $(bone15) {transformation: [0.9839f,-0.1055f,0.1444f,0.3789f,-0.1607f,-0.1674f,0.9727f,0.027f,-0.0784f,-0.9802f,-0.1817f,0.999f,0f,0f,0f,1f],start_interpolation: 0,interpolation_duration: 0}
$data merge entity $(bone14) {transformation: [0.9378f,-0.1055f,-0.3307f,0.4994f,0.311f,-0.1674f,0.9355f,0.0682f,-0.154f,-0.9802f,-0.1242f,0.9777f,0f,0f,0f,1f],start_interpolation: 0,interpolation_duration: 0}
$data merge entity $(bone13) {transformation: [0.7682f,-0.1055f,-0.6315f,0.5996f,0.6122f,-0.1674f,0.7727f,0.1457f,-0.1872f,-0.9802f,-0.064f,0.9504f,0f,0f,0f,1f],start_interpolation: 0,interpolation_duration: 0}
$data merge entity $(bone18) {transformation: [-0.0411f,-0.9984f,-0.0386f,0.735f,0.9883f,-0.0463f,0.1454f,-0.0967f,-0.1469f,-0.0321f,0.9886f,1.3772f,0f,0f,0f,1f],start_interpolation: 0,interpolation_duration: 0}
$data merge entity $(bone17) {transformation: [-0.0067f,-0.9984f,-0.0559f,0.7337f,0.6636f,-0.0463f,0.7466f,0.034f,-0.748f,-0.0321f,0.6629f,1.2298f,0f,0f,0f,1f],start_interpolation: 0,interpolation_duration: 0}
$data merge entity $(bone16) {transformation: [0.0228f,-0.9984f,-0.0515f,0.7328f,0.1903f,-0.0463f,0.9806f,0.0601f,-0.9815f,-0.0321f,0.189f,1.0854f,0f,0f,0f,1f],start_interpolation: 0,interpolation_duration: 0}
$data merge entity $(bone27) {transformation: [-0.857f,-0.5119f,-0.0595f,1.179f,-0.0172f,-0.087f,0.9961f,0.0394f,-0.515f,0.8547f,0.0657f,1.1331f,0f,0f,0f,1f],start_interpolation: 0,interpolation_duration: 0}
$data merge entity $(bone26) {transformation: [-0.8451f,-0.5323f,-0.0495f,1.0446f,-0.0131f,-0.0719f,0.9973f,0.0381f,-0.5344f,0.8435f,0.0538f,1.0559f,0f,0f,0f,1f],start_interpolation: 0,interpolation_duration: 0}
$data merge entity $(bone25) {transformation: [-0.8291f,-0.5323f,0.1709f,0.892f,0.2455f,-0.0719f,0.9667f,0.0806f,-0.5023f,0.8435f,0.1903f,0.9683f,0f,0f,0f,1f],start_interpolation: 0,interpolation_duration: 0}
$data merge entity $(bone30) {transformation: [-0.1908f,-0.871f,0.4528f,0.9954f,0.9488f,-0.0455f,0.3125f,-0.0946f,-0.2515f,0.4892f,0.8351f,1.3343f,0f,0f,0f,1f],start_interpolation: 0,interpolation_duration: 0}
$data merge entity $(bone29) {transformation: [-0.3942f,-0.871f,0.2933f,0.9214f,0.659f,-0.0455f,0.7508f,0.0354f,-0.6406f,0.4892f,0.5919f,1.206f,0f,0f,0f,1f],start_interpolation: 0,interpolation_duration: 0}
$data merge entity $(bone28) {transformation: [-0.4898f,-0.871f,0.0389f,0.8185f,0.1593f,-0.0455f,0.9862f,0.0658f,-0.8572f,0.4892f,0.161f,1.0344f,0f,0f,0f,1f],start_interpolation: 0,interpolation_duration: 0}
$data merge entity $(bone7) {transformation: [0.9641f,-0.0668f,0.2571f,0.6017f,0.0368f,0.9921f,0.1197f,0.9309f,-0.2631f,-0.106f,0.9589f,0.7209f,0f,0f,0f,1f],start_interpolation: 0,interpolation_duration: 0}
$data merge entity $(bone4) {transformation: [-0.9642f,-0.2649f,0.0112f,0.3501f,-0.246f,0.9093f,0.3355f,1.6209f,-0.0991f,0.3208f,-0.942f,0.9872f,0f,0f,0f,1f],start_interpolation: 0,interpolation_duration: 0}
$data merge entity $(bone62) {transformation: [-0.9107f,0.3695f,0.1846f,-0.4164f,0.4091f,0.7457f,0.5258f,1.538f,0.0566f,0.5544f,-0.8303f,0.9512f,0f,0f,0f,1f],start_interpolation: 0,interpolation_duration: 0}
$data merge entity $(bone63) {transformation: [0.2374f,0.4926f,0.8372f,-0.5873f,0.5928f,0.6094f,-0.5266f,1.3808f,-0.7696f,0.6213f,-0.1473f,0.8234f,0f,0f,0f,1f],start_interpolation: 0,interpolation_duration: 0}
$data merge entity $(bone65) {transformation: [-0.0371f,0.1424f,-0.9891f,-0.845f,0.1561f,0.9785f,0.135f,0.8092f,0.987f,-0.1494f,-0.0586f,0.6279f,0f,0f,0f,1f],start_interpolation: 0,interpolation_duration: 0}
$data merge entity $(bone66) {transformation: [-0.0371f,0.1424f,-0.9891f,-0.9989f,0.1561f,0.9785f,0.135f,0.9956f,0.987f,-0.1494f,-0.0586f,0.5853f,0f,0f,0f,1f],start_interpolation: 0,interpolation_duration: 0}
$data merge entity $(bone67) {transformation: [0.0074f,0.147f,-0.9891f,-0.8335f,0.4431f,0.8862f,0.135f,0.797f,0.8964f,-0.4393f,-0.0586f,0.6017f,0f,0f,0f,1f],start_interpolation: 0,interpolation_duration: 0}
$data merge entity $(bone69) {transformation: [-0.254f,0.0949f,-0.9625f,-0.9154f,0.3669f,0.9303f,-0.0051f,0.229f,0.8949f,-0.3544f,-0.2711f,0.7684f,0f,0f,0f,1f],start_interpolation: 0,interpolation_duration: 0}
$data merge entity $(bone72) {transformation: [0.9243f,0.258f,0.2811f,-0.6318f,-0.3394f,0.2193f,0.9147f,0.1419f,0.1744f,-0.9409f,0.2902f,0.7952f,0f,0f,0f,1f],start_interpolation: 0,interpolation_duration: 0}
$data merge entity $(bone71) {transformation: [0.7403f,0.258f,0.6207f,-0.7263f,-0.6706f,0.2193f,0.7087f,0.2297f,0.0467f,-0.9409f,0.3354f,0.7884f,0f,0f,0f,1f],start_interpolation: 0,interpolation_duration: 0}
$data merge entity $(bone70) {transformation: [0.4834f,0.258f,0.8365f,-0.7895f,-0.8725f,0.2193f,0.4366f,0.3427f,-0.0708f,-0.9409f,0.3311f,0.794f,0f,0f,0f,1f],start_interpolation: 0,interpolation_duration: 0}
$data merge entity $(bone81) {transformation: [0.1589f,0.9864f,0.0424f,-0.7971f,-0.4847f,0.0405f,0.8737f,-0.0648f,0.8601f,-0.1593f,0.4845f,1.1137f,0f,0f,0f,1f],start_interpolation: 0,interpolation_duration: 0}
$data merge entity $(bone80) {transformation: [0.128f,0.9864f,0.1032f,-0.8223f,-0.7976f,0.0405f,0.6018f,0.0923f,0.5894f,-0.1593f,0.792f,0.9976f,0f,0f,0f,1f],start_interpolation: 0,interpolation_duration: 0}
$data merge entity $(bone73) {transformation: [0.161f,0.9864f,0.0334f,-0.8417f,-0.4351f,0.0405f,0.8994f,0.1548f,0.8859f,-0.1593f,0.4357f,0.8662f,0f,0f,0f,1f],start_interpolation: 0,interpolation_duration: 0}
$data merge entity $(bone84) {transformation: [-0.7148f,0.6928f,0.0954f,-1.2541f,0.1091f,-0.0243f,0.9937f,0.0317f,0.6908f,0.7207f,-0.0582f,1.0162f,0f,0f,0f,1f],start_interpolation: 0,interpolation_duration: 0}
$data merge entity $(bone83) {transformation: [-0.6785f,0.7099f,-0.1886f,-1.1447f,-0.2705f,-0.0027f,0.9627f,0.0746f,0.683f,0.7043f,0.1939f,0.9153f,0f,0f,0f,1f],start_interpolation: 0,interpolation_duration: 0}
$data merge entity $(bone82) {transformation: [-0.6066f,0.7099f,-0.3578f,-1.0313f,-0.5104f,-0.0027f,0.8599f,0.1655f,0.6095f,0.7043f,0.364f,0.8074f,0f,0f,0f,1f],start_interpolation: 0,interpolation_duration: 0}
$data merge entity $(bone103) {transformation: [-0.2901f,0.9509f,-0.1078f,-1.0353f,-0.2951f,0.0182f,0.9553f,-0.0709f,0.9104f,0.3089f,0.2753f,1.1524f,0f,0f,0f,1f],start_interpolation: 0,interpolation_duration: 0}
$data merge entity $(bone102) {transformation: [-0.2123f,0.9509f,-0.2252f,-0.9975f,-0.6879f,0.0182f,0.7256f,0.0645f,0.6941f,0.3089f,0.6502f,1.0143f,0f,0f,0f,1f],start_interpolation: 0,interpolation_duration: 0}
$data merge entity $(bone85) {transformation: [-0.2712f,0.9509f,-0.149f,-0.9383f,-0.4315f,0.0182f,0.9019f,0.1504f,0.8603f,0.3089f,0.4054f,0.8408f,0f,0f,0f,1f],start_interpolation: 0,interpolation_duration: 0}
$data merge entity $(bone64) {transformation: [0.9891f,0.1439f,-0.0309f,-0.7861f,-0.135f,0.9707f,0.1987f,1.1363f,0.0586f,-0.1923f,0.9796f,0.5567f,0f,0f,0f,1f],start_interpolation: 0,interpolation_duration: 0}
$data merge entity $(bone61) {transformation: [-0.8372f,0.5147f,0.1846f,-0.3501f,0.5266f,0.668f,0.5258f,1.6209f,0.1473f,0.5375f,-0.8303f,0.9872f,0f,0f,0f,1f],start_interpolation: 0,interpolation_duration: 0}
$data merge entity $(bone23) {transformation: [-0.7934f,-0.6088f,0f,0.1071f,-0.0864f,0.1126f,0.9899f,1.5438f,-0.6026f,0.7853f,-0.1419f,1.0114f,0f,0f,0f,1f],start_interpolation: 0,interpolation_duration: 0}
$data merge entity $(bone22) {transformation: [-0.7934f,0.6088f,0f,-0.1071f,0.0864f,0.1126f,0.9899f,1.5438f,0.6026f,0.7853f,-0.1419f,1.0114f,0f,0f,0f,1f],start_interpolation: 0,interpolation_duration: 0}
$data merge entity $(bone89) {transformation: [-1f,0.0072f,0.0007f,0.002f,0.0053f,0.6667f,0.7453f,2.2426f,0.0049f,0.7453f,-0.6667f,1.4951f,0f,0f,0f,1f],start_interpolation: 0,interpolation_duration: 0}
$data merge entity $(bone90) {transformation: [-1f,0.0069f,0.0019f,0.0013f,0.0053f,0.5272f,0.8498f,2.1827f,0.0049f,0.8497f,-0.5272f,1.4151f,0f,0f,0f,1f],start_interpolation: 0,interpolation_duration: 0}
$data merge entity $(bone88) {transformation: [-1f,0.0071f,0.0013f,0.0312f,0.0053f,0.5992f,0.8006f,2.0457f,0.0049f,0.8006f,-0.5992f,1.2948f,0f,0f,0f,1f],start_interpolation: 0,interpolation_duration: 0}
$data merge entity $(bone42) {transformation: [-1f,0f,0f,0f,0f,0.7394f,0.6733f,1.7387f,0f,0.6733f,-0.7394f,1.6909f,0f,0f,0f,1f],start_interpolation: 0,interpolation_duration: 0}
$data merge entity $(bone87) {transformation: [-0.9998f,0.0157f,-0.0096f,-0.0044f,0.0024f,0.6275f,0.7786f,1.2714f,0.0182f,0.7785f,-0.6274f,2.233f,0f,0f,0f,1f],start_interpolation: 0,interpolation_duration: 0}
$data merge entity $(bone86) {transformation: [-1f,0f,0f,0f,0f,0.7107f,0.7035f,1.4284f,0f,0.7035f,-0.7107f,2.0674f,0f,0f,0f,1f],start_interpolation: 0,interpolation_duration: 0}
$data merge entity $(bone92) {transformation: [-0.8818f,0.2593f,-0.3939f,0.1194f,-0.0786f,0.7429f,0.6648f,1.8105f,0.465f,0.6172f,-0.6347f,1.7328f,0f,0f,0f,1f],start_interpolation: 0,interpolation_duration: 0}
$data merge entity $(bone3) {transformation: [-0.8818f,-0.2593f,0.3939f,-0.1194f,0.0786f,0.7429f,0.6648f,1.8105f,-0.465f,0.6172f,-0.6347f,1.7328f,0f,0f,0f,1f],start_interpolation: 0,interpolation_duration: 0}
$data merge entity $(head) {transformation: [-1f,0f,0f,0f,0f,0.7466f,0.6653f,1.7392f,0f,0.6653f,-0.7466f,1.5072f,0f,0f,0f,1f],start_interpolation: 0,interpolation_duration: 0}
$data merge entity $(neck) {transformation: [-1f,0f,0f,0f,0f,0.5489f,0.8359f,1.6466f,0f,0.8359f,-0.5489f,1.3661f,0f,0f,0f,1f],start_interpolation: 0,interpolation_duration: 0}
$data merge entity $(bone2) {transformation: [-1f,0f,0f,0f,0f,0.1419f,0.9899f,1.5809f,0f,0.9899f,-0.1419f,1.055f,0f,0f,0f,1f],start_interpolation: 0,interpolation_duration: 0}
$data merge entity $(bone136) {transformation: [-1f,0f,0f,0f,0f,0.1935f,1.1063f,1.5604f,0f,0.9811f,-0.2182f,0.8594f,0f,0f,0f,1f],start_interpolation: 0,interpolation_duration: 0}
$data merge entity $(bone118) {transformation: [-0.0804f,-0.849f,-0.5223f,0.2577f,0.9923f,-0.1176f,0.0384f,1.722f,-0.094f,-0.5152f,0.8519f,0.7703f,0f,0f,0f,1f],start_interpolation: 0,interpolation_duration: 0}
$data merge entity $(bone119) {transformation: [-0.1435f,-0.849f,-0.5086f,0.7346f,0.9896f,-0.1176f,-0.0829f,1.7633f,0.0105f,-0.5152f,0.857f,-0.0367f,0f,0f,0f,1f],start_interpolation: 0,interpolation_duration: 0}
$data merge entity $(bone120) {transformation: [-0.4925f,-0.849f,0.1916f,1.6234f,-0.1773f,-0.1176f,-0.9771f,1.0399f,0.8521f,-0.5152f,-0.0926f,0.6214f,0f,0f,0f,1f],start_interpolation: 0,interpolation_duration: 0}
$data merge entity $(bone121) {transformation: [0f,0f,0f,0.9849f,0f,0f,0f,1.8741f,0f,0f,0f,-0.4628f,0f,0f,0f,1f],start_interpolation: 0,interpolation_duration: 0}
$data merge entity $(bone123) {transformation: [0.0591f,-1.7316f,-1.0616f,0.8857f,1.9725f,-0.2043f,0.4431f,1.3654f,-0.4844f,-1.0434f,1.675f,2.4377f,0f,0f,0f,1f],start_interpolation: 0,interpolation_duration: 0}
$data merge entity $(bone124) {transformation: [-0.1071f,-0.8522f,-0.5122f,0.7321f,0.9941f,-0.1006f,-0.0406f,2.7125f,-0.0169f,-0.5135f,0.8579f,-0.2581f,0f,0f,0f,1f],start_interpolation: 0,interpolation_duration: 0}
$data merge entity $(bone122) {transformation: [-0.3637f,-1.313f,-0.7195f,0.5564f,1.4633f,-0.1549f,-0.4569f,2.7065f,0.317f,-0.7912f,1.2836f,0.0331f,0f,0f,0f,1f],start_interpolation: 0,interpolation_duration: 0}
$data merge entity $(bone126) {transformation: [0.2826f,-0.8522f,-0.4404f,1.1369f,0.7375f,-0.1006f,0.6678f,1.9755f,-0.6134f,-0.5135f,0.6001f,-0.7844f,0f,0f,0f,1f],start_interpolation: 0,interpolation_duration: 0}
$data merge entity $(bone127) {transformation: [0.159f,-0.8522f,-0.4985f,0.7972f,0.8852f,-0.1006f,0.4542f,2.3911f,-0.4372f,-0.5135f,0.7384f,-0.3033f,0f,0f,0f,1f],start_interpolation: 0,interpolation_duration: 0}
$data merge entity $(bone125) {transformation: [0.0344f,-1.1946f,-0.7327f,0.6319f,1.3635f,-0.141f,0.2938f,2.5596f,-0.3241f,-0.7199f,1.1585f,-0.0545f,0f,0f,0f,1f],start_interpolation: 0,interpolation_duration: 0}
$data merge entity $(bone129) {transformation: [1.0368f,-1.5892f,-0.1887f,0.4695f,0.0293f,-0.1875f,2.0036f,3.9103f,-1.7264f,-0.9576f,-0.0793f,2.63f,0f,0f,0f,1f],start_interpolation: 0,interpolation_duration: 0}
$data merge entity $(bone130) {transformation: [0.5365f,-0.8522f,-0.1776f,0.8406f,0.1651f,-0.1006f,1.0618f,1.5575f,-0.9227f,-0.5135f,0.0868f,-0.212f,0f,0f,0f,1f],start_interpolation: 0,interpolation_duration: 0}
$data merge entity $(bone131) {transformation: [0.4611f,-0.8522f,-0.3267f,0.7006f,0.4683f,-0.1006f,0.9671f,2.1416f,-0.857f,-0.5135f,0.3527f,-0.0941f,0f,0f,0f,1f],start_interpolation: 0,interpolation_duration: 0}
$data merge entity $(bone128) {transformation: [0.3805f,-0.8984f,-0.4585f,0.5957f,0.7408f,-0.106f,0.857f,2.4487f,-0.7764f,-0.5414f,0.593f,0.0092f,0f,0f,0f,1f],start_interpolation: 0,interpolation_duration: 0}
$data merge entity $(bone132) {transformation: [-0.2071f,-0.8522f,-0.4805f,0.474f,0.9661f,-0.1006f,-0.238f,2.5898f,0.1545f,-0.5135f,0.8441f,0.2065f,0f,0f,0f,1f],start_interpolation: 0,interpolation_duration: 0}
$data merge entity $(bone133) {transformation: [-0.3621f,-1.4467f,-0.7098f,0.5394f,1.6893f,-0.1707f,-0.3515f,2.6046f,0.2701f,-0.8718f,1.2467f,0.1068f,0f,0f,0f,1f],start_interpolation: 0,interpolation_duration: 0}
$data merge entity $(w5) {transformation: [-0.2071f,-0.8522f,-0.4805f,0.547f,0.9661f,-0.1006f,-0.238f,2.5381f,0.1545f,-0.5135f,0.8441f,0.1201f,0f,0f,0f,1f],start_interpolation: 0,interpolation_duration: 0}
$data merge entity $(w2) {transformation: [-0.5133f,-0.849f,-0.1256f,0.7081f,0.4152f,-0.1176f,-0.9021f,1.779f,0.7511f,-0.5152f,0.4129f,-0.0199f,0f,0f,0f,1f],start_interpolation: 0,interpolation_duration: 0}
$data merge entity $(wing3) {transformation: [-0.0804f,-0.849f,-0.5223f,0.2175f,0.9923f,-0.1176f,0.0384f,1.8253f,-0.094f,-0.5152f,0.8519f,0.7779f,0f,0f,0f,1f],start_interpolation: 0,interpolation_duration: 0}
$data merge entity $(bone104) {transformation: [-0.0804f,0.849f,0.5223f,-0.2577f,-0.9923f,-0.1176f,0.0384f,1.722f,0.094f,-0.5152f,0.8519f,0.7703f,0f,0f,0f,1f],start_interpolation: 0,interpolation_duration: 0}
$data merge entity $(bone105) {transformation: [-0.1435f,0.849f,0.5086f,-0.7346f,-0.9896f,-0.1176f,-0.0829f,1.7633f,-0.0105f,-0.5152f,0.857f,-0.0367f,0f,0f,0f,1f],start_interpolation: 0,interpolation_duration: 0}
$data merge entity $(bone106) {transformation: [-0.4925f,0.849f,-0.1916f,-1.6234f,0.1773f,-0.1176f,-0.9771f,1.0399f,-0.8521f,-0.5152f,-0.0926f,0.6214f,0f,0f,0f,1f],start_interpolation: 0,interpolation_duration: 0}
$data merge entity $(bone107) {transformation: [0f,0f,0f,-0.9849f,0f,0f,0f,1.8741f,0f,0f,0f,-0.4628f,0f,0f,0f,1f],start_interpolation: 0,interpolation_duration: 0}
$data merge entity $(bone109) {transformation: [0.0728f,1.7316f,0.9989f,-0.92f,-1.807f,-0.2043f,0.3824f,1.4719f,0.4746f,-1.0434f,1.5829f,2.36f,0f,0f,0f,1f],start_interpolation: 0,interpolation_duration: 0}
$data merge entity $(bone110) {transformation: [-0.0926f,0.8522f,0.4841f,-0.7224f,-0.9077f,-0.1006f,-0.0484f,2.7159f,0.024f,-0.5135f,0.8129f,-0.2427f,0f,0f,0f,1f],start_interpolation: 0,interpolation_duration: 0}
$data merge entity $(bone108) {transformation: [-0.3309f,1.313f,0.6836f,-0.5564f,-1.3316f,-0.1549f,-0.434f,2.7065f,-0.2884f,-0.7912f,1.2194f,0.0331f,0f,0f,0f,1f],start_interpolation: 0,interpolation_duration: 0}
$data merge entity $(bone112) {transformation: [0.2826f,0.8522f,0.4404f,-1.1369f,-0.7375f,-0.1006f,0.6678f,1.9755f,0.6134f,-0.5135f,0.6001f,-0.7844f,0f,0f,0f,1f],start_interpolation: 0,interpolation_duration: 0}
$data merge entity $(bone113) {transformation: [0.159f,0.8522f,0.4985f,-0.7972f,-0.8852f,-0.1006f,0.4542f,2.3911f,0.4372f,-0.5135f,0.7384f,-0.3033f,0f,0f,0f,1f],start_interpolation: 0,interpolation_duration: 0}
$data merge entity $(bone111) {transformation: [0.0344f,1.1946f,0.7327f,-0.6319f,-1.3635f,-0.141f,0.2938f,2.5596f,0.3241f,-0.7199f,1.1585f,-0.0545f,0f,0f,0f,1f],start_interpolation: 0,interpolation_duration: 0}
$data merge entity $(bone115) {transformation: [1.0368f,1.5892f,0.1887f,-0.4695f,-0.0293f,-0.1875f,2.0036f,3.9103f,1.7264f,-0.9576f,-0.0793f,2.63f,0f,0f,0f,1f],start_interpolation: 0,interpolation_duration: 0}
$data merge entity $(bone116) {transformation: [0.5365f,0.8522f,0.1776f,-0.8406f,-0.1651f,-0.1006f,1.0618f,1.5575f,0.9227f,-0.5135f,0.0868f,-0.212f,0f,0f,0f,1f],start_interpolation: 0,interpolation_duration: 0}
$data merge entity $(bone117) {transformation: [0.4611f,0.8522f,0.3267f,-0.7006f,-0.4683f,-0.1006f,0.9671f,2.1416f,0.857f,-0.5135f,0.3527f,-0.0941f,0f,0f,0f,1f],start_interpolation: 0,interpolation_duration: 0}
$data merge entity $(bone114) {transformation: [0.3805f,0.8984f,0.4585f,-0.5957f,-0.7408f,-0.106f,0.857f,2.4487f,0.7764f,-0.5414f,0.593f,0.0092f,0f,0f,0f,1f],start_interpolation: 0,interpolation_duration: 0}
$data merge entity $(bone134) {transformation: [-0.2071f,0.8522f,0.4805f,-0.474f,-0.9661f,-0.1006f,-0.238f,2.5898f,-0.1545f,-0.5135f,0.8441f,0.2065f,0f,0f,0f,1f],start_interpolation: 0,interpolation_duration: 0}
$data merge entity $(bone135) {transformation: [-0.3621f,1.4467f,0.7098f,-0.5394f,-1.6893f,-0.1707f,-0.3515f,2.6046f,-0.2701f,-0.8718f,1.2467f,0.1068f,0f,0f,0f,1f],start_interpolation: 0,interpolation_duration: 0}
$data merge entity $(w4) {transformation: [-0.2071f,0.8522f,0.4805f,-0.547f,-0.9661f,-0.1006f,-0.238f,2.5381f,-0.1545f,-0.5135f,0.8441f,0.1201f,0f,0f,0f,1f],start_interpolation: 0,interpolation_duration: 0}
$data merge entity $(w3) {transformation: [-0.5133f,0.849f,0.1256f,-0.7081f,-0.4152f,-0.1176f,-0.9021f,1.779f,-0.7511f,-0.5152f,0.4129f,-0.0199f,0f,0f,0f,1f],start_interpolation: 0,interpolation_duration: 0}
$data merge entity $(wing2) {transformation: [-0.0804f,0.849f,0.5223f,-0.2175f,-0.9923f,-0.1176f,0.0384f,1.8253f,0.094f,-0.5152f,0.8519f,0.7779f,0f,0f,0f,1f],start_interpolation: 0,interpolation_duration: 0}
$data merge entity $(bone20) {transformation: [-1f,0f,0f,-0.1563f,0f,-0.1623f,0.9867f,1.5733f,0f,0.9867f,0.1623f,0.3246f,0f,0f,0f,1f],start_interpolation: 0,interpolation_duration: 0}
$data merge entity $(bone101) {transformation: [-1f,0f,0f,0f,0f,-0.4555f,0.8902f,1.1676f,0f,0.8902f,0.4555f,-2.7007f,0f,0f,0f,1f],start_interpolation: 0,interpolation_duration: 0}
$data merge entity $(bone100) {transformation: [-1f,0f,0f,0f,0f,0.2186f,0.9758f,0.7268f,0f,0.9758f,-0.2186f,-2.5955f,0f,0f,0f,1f],start_interpolation: 0,interpolation_duration: 0}
$data merge entity $(bone99) {transformation: [-1f,0f,0f,0f,0f,0.5177f,0.8556f,0.2936f,0f,0.8556f,-0.5177f,-2.3334f,0f,0f,0f,1f],start_interpolation: 0,interpolation_duration: 0}
$data merge entity $(bone98) {transformation: [-1f,0f,0f,0f,0f,0.8769f,0.4807f,0.0563f,0f,0.4807f,-0.8769f,-1.9005f,0f,0f,0f,1f],start_interpolation: 0,interpolation_duration: 0}
$data merge entity $(bone97) {transformation: [-1f,0f,0f,0f,0f,0.9864f,-0.1644f,0.1405f,0f,-0.1644f,-0.9864f,-1.395f,0f,0f,0f,1f],start_interpolation: 0,interpolation_duration: 0}
$data merge entity $(bone96) {transformation: [-1f,0f,0f,0f,0f,0.8484f,-0.5294f,0.4052f,0f,-0.5294f,-0.8484f,-0.9708f,0f,0f,0f,1f],start_interpolation: 0,interpolation_duration: 0}
$data merge entity $(bone95) {transformation: [-1f,0f,0f,0f,0f,0.6499f,-0.76f,0.7805f,0f,-0.76f,-0.6499f,-0.6499f,0f,0f,0f,1f],start_interpolation: 0,interpolation_duration: 0}
$data merge entity $(bone94) {transformation: [-1f,0f,0f,0f,0f,0.5812f,-0.8137f,1.1823f,0f,-0.8137f,-0.5812f,-0.3629f,0f,0f,0f,1f],start_interpolation: 0,interpolation_duration: 0}
$data merge entity $(bone93) {transformation: [-1f,0f,0f,0f,0f,0.7137f,-0.7005f,1.4471f,0f,-0.7005f,-0.7137f,-0.093f,0f,0f,0f,1f],start_interpolation: 0,interpolation_duration: 0}
$data merge entity $(bone) {transformation: [-1f,0f,0f,0f,0f,0.5373f,0.8434f,1.3549f,0f,0.8434f,-0.5373f,-0.0343f,0f,0f,0f,1f],start_interpolation: 0,interpolation_duration: 0}
$data merge entity $(bone24) {transformation: [-0.9665f,-0.2565f,0.0006f,0.1031f,-0.2563f,0.9659f,0.0355f,1.2962f,-0.0097f,0.0342f,-0.9994f,-0.0355f,0f,0f,0f,1f],start_interpolation: 0,interpolation_duration: 0}
$data merge entity $(bone32) {transformation: [-0.9973f,-0.0557f,-0.0487f,0.2295f,-0.0691f,0.4647f,0.8828f,0.6229f,-0.0265f,0.8837f,-0.4673f,-0.3016f,0f,0f,0f,1f],start_interpolation: 0,interpolation_duration: 0}
$data merge entity $(bone36) {transformation: [-0.999f,-0.0144f,-0.0435f,0.3368f,-0.0162f,0.999f,0.041f,0.299f,0.0428f,0.0417f,-0.9982f,-1.012f,0f,0f,0f,1f],start_interpolation: 0,interpolation_duration: 0}
$data merge entity $(bone35) {transformation: [-0.999f,0.0093f,-0.0448f,0.2996f,-0.0162f,0.8447f,0.535f,0.4219f,0.0428f,0.5352f,-0.8436f,-0.9273f,0f,0f,0f,1f],start_interpolation: 0,interpolation_duration: 0}
$data merge entity $(bone34) {transformation: [-0.999f,0.0151f,-0.0432f,0.3023f,-0.0162f,0.7676f,0.6407f,0.497f,0.0428f,0.6407f,-0.7666f,-0.8675f,0f,0f,0f,1f],start_interpolation: 0,interpolation_duration: 0}
$data merge entity $(bone77) {transformation: [-0.9333f,0.3554f,-0.0517f,0.1063f,0.0248f,-0.0798f,-0.9965f,0.0729f,-0.3582f,-0.9313f,0.0657f,-0.3562f,0f,0f,0f,1f],start_interpolation: 0,interpolation_duration: 0}
$data merge entity $(bone75) {transformation: [-0.9333f,0.3554f,-0.0517f,0.1688f,0.0248f,-0.0798f,-0.9965f,0.0602f,-0.3582f,-0.9313f,0.0657f,-0.5311f,0f,0f,0f,1f],start_interpolation: 0,interpolation_duration: 0}
$data merge entity $(bone39) {transformation: [-0.9333f,0.3554f,-0.0517f,0.2306f,0.0248f,-0.0798f,-0.9965f,0.0444f,-0.3582f,-0.9313f,0.0657f,-0.6896f,0f,0f,0f,1f],start_interpolation: 0,interpolation_duration: 0}
$data merge entity $(bone76) {transformation: [-0.9594f,-0.2817f,-0.0167f,0.4995f,0.027f,-0.0327f,-0.9991f,0.0524f,0.2809f,-0.959f,0.0389f,-0.3324f,0f,0f,0f,1f],start_interpolation: 0,interpolation_duration: 0}
$data merge entity $(bone74) {transformation: [-0.9594f,-0.2817f,-0.0167f,0.4825f,0.027f,-0.0327f,-0.9991f,0.0542f,0.2809f,-0.959f,0.0389f,-0.5287f,0f,0f,0f,1f],start_interpolation: 0,interpolation_duration: 0}
$data merge entity $(bone40) {transformation: [-0.9594f,-0.2817f,-0.0167f,0.4331f,0.027f,-0.0327f,-0.9991f,0.0466f,0.2809f,-0.959f,0.0389f,-0.6921f,0f,0f,0f,1f],start_interpolation: 0,interpolation_duration: 0}
$data merge entity $(bone79) {transformation: [-0.9998f,0.0184f,-0.01f,0.3156f,0.0094f,-0.0328f,-0.9994f,0.0606f,-0.0187f,-0.9993f,0.0327f,-0.2919f,0f,0f,0f,1f],start_interpolation: 0,interpolation_duration: 0}
$data merge entity $(bone78) {transformation: [-0.9998f,0.0184f,-0.01f,0.3233f,0.0094f,-0.0328f,-0.9994f,0.056f,-0.0187f,-0.9993f,0.0327f,-0.4925f,0f,0f,0f,1f],start_interpolation: 0,interpolation_duration: 0}
$data merge entity $(bone41) {transformation: [-0.9998f,0.0184f,-0.01f,0.3256f,0.0094f,-0.0328f,-0.9994f,0.0474f,-0.0187f,-0.9993f,0.0327f,-0.6915f,0f,0f,0f,1f],start_interpolation: 0,interpolation_duration: 0}
$data merge entity $(bone38) {transformation: [-1f,0.0053f,-0.0074f,0.3385f,0.0077f,0.9264f,-0.3765f,0.3097f,0.0049f,-0.3765f,-0.9264f,-0.7746f,0f,0f,0f,1f],start_interpolation: 0,interpolation_duration: 0}
$data merge entity $(bone33) {transformation: [-0.9996f,-0.0213f,-0.0186f,0.3225f,-0.028f,0.8442f,0.5353f,0.5335f,0.0043f,0.5356f,-0.8445f,-0.6319f,0f,0f,0f,1f],start_interpolation: 0,interpolation_duration: 0}
$data merge entity $(bone31) {transformation: [-0.9973f,-0.0469f,-0.0573f,0.2784f,-0.0691f,0.3126f,0.9474f,0.6773f,-0.0265f,0.9487f,-0.315f,0.2202f,0f,0f,0f,1f],start_interpolation: 0,interpolation_duration: 0}
$data merge entity $(bone19) {transformation: [-0.9852f,-0.1668f,0.0391f,0.1713f,-0.1711f,0.9674f,-0.1869f,1.3037f,-0.0066f,-0.1908f,-0.9816f,-0.0343f,0f,0f,0f,1f],start_interpolation: 0,interpolation_duration: 0}
$data merge entity $(bone44) {transformation: [-0.7988f,0.5167f,0.3082f,-0.1116f,0.1766f,0.691f,-0.701f,1.2981f,-0.5751f,-0.5055f,-0.6432f,-0.001f,0f,0f,0f,1f],start_interpolation: 0,interpolation_duration: 0}
$data merge entity $(bone46) {transformation: [-0.8888f,-0.2359f,0.393f,-0.2843f,0.0599f,0.7903f,0.6098f,0.7914f,-0.4545f,0.5655f,-0.6883f,0.1106f,0f,0f,0f,1f],start_interpolation: 0,interpolation_duration: 0}
$data merge entity $(bone50) {transformation: [-0.8705f,-0.1252f,0.476f,-0.0718f,0.0236f,0.9554f,0.2944f,0.3293f,-0.4916f,0.2675f,-0.8287f,-0.539f,0f,0f,0f,1f],start_interpolation: 0,interpolation_duration: 0}
$data merge entity $(bone49) {transformation: [-0.8705f,-0.3464f,0.3497f,-0.0909f,0.0236f,0.6802f,0.7327f,0.4267f,-0.4916f,0.646f,-0.5839f,-0.4215f,0f,0f,0f,1f],start_interpolation: 0,interpolation_duration: 0}
$data merge entity $(bone48) {transformation: [-0.8705f,-0.3891f,0.3015f,-0.1288f,0.0236f,0.5787f,0.8152f,0.484f,-0.4916f,0.7167f,-0.4946f,-0.3544f,0f,0f,0f,1f],start_interpolation: 0,interpolation_duration: 0}
$data merge entity $(bone54) {transformation: [-0.9803f,0.1966f,0.0174f,-0.2535f,-0.024f,-0.0309f,-0.9992f,0.0647f,-0.1959f,-0.98f,0.035f,0.2183f,0f,0f,0f,1f],start_interpolation: 0,interpolation_duration: 0}
$data merge entity $(bone53) {transformation: [-0.9803f,0.1966f,0.0174f,-0.213f,-0.024f,-0.0309f,-0.9992f,0.0611f,-0.1959f,-0.98f,0.035f,0.0366f,0f,0f,0f,1f],start_interpolation: 0,interpolation_duration: 0}
$data merge entity $(bone52) {transformation: [-0.9803f,0.1966f,0.0174f,-0.1807f,-0.024f,-0.0309f,-0.9992f,0.0537f,-0.1959f,-0.98f,0.035f,-0.1309f,0f,0f,0f,1f],start_interpolation: 0,interpolation_duration: 0}
$data merge entity $(bone57) {transformation: [-0.7273f,0.6862f,0.0127f,-0.5816f,-0.0189f,-0.0015f,-0.9998f,0.0603f,-0.686f,-0.7274f,0.0141f,0.0649f,0f,0f,0f,1f],start_interpolation: 0,interpolation_duration: 0}
$data merge entity $(bone56) {transformation: [-0.7273f,0.6862f,0.0127f,-0.4775f,-0.0189f,-0.0015f,-0.9998f,0.0685f,-0.686f,-0.7274f,0.0141f,-0.1022f,0f,0f,0f,1f],start_interpolation: 0,interpolation_duration: 0}
$data merge entity $(bone55) {transformation: [-0.7273f,0.6862f,0.0127f,-0.3594f,-0.0189f,-0.0015f,-0.9998f,0.0662f,-0.686f,-0.7274f,0.0141f,-0.2255f,0f,0f,0f,1f],start_interpolation: 0,interpolation_duration: 0}
$data merge entity $(bone60) {transformation: [-0.8801f,0.4741f,-0.0247f,-0.4513f,0.0123f,-0.0292f,-0.9995f,0.0732f,-0.4746f,-0.88f,0.0198f,0.1773f,0f,0f,0f,1f],start_interpolation: 0,interpolation_duration: 0}
$data merge entity $(bone59) {transformation: [-0.8801f,0.4741f,-0.0247f,-0.3596f,0.0123f,-0.0292f,-0.9995f,0.0694f,-0.4746f,-0.88f,0.0198f,-0.0013f,0f,0f,0f,1f],start_interpolation: 0,interpolation_duration: 0}
$data merge entity $(bone58) {transformation: [-0.8801f,0.4741f,-0.0247f,-0.264f,0.0123f,-0.0292f,-0.9995f,0.0615f,-0.4746f,-0.88f,0.0198f,-0.176f,0f,0f,0f,1f],start_interpolation: 0,interpolation_duration: 0}
$data merge entity $(bone51) {transformation: [-0.8865f,0.2181f,0.408f,-0.2231f,0.0437f,0.9174f,-0.3957f,0.3223f,-0.4606f,-0.333f,-0.8228f,-0.2545f,0f,0f,0f,1f],start_interpolation: 0,interpolation_duration: 0}
$data merge entity $(bone47) {transformation: [-0.8865f,-0.1187f,0.4471f,-0.2457f,0.0437f,0.9408f,0.3363f,0.5717f,-0.4606f,0.3176f,-0.8288f,-0.165f,0f,0f,0f,1f],start_interpolation: 0,interpolation_duration: 0}
$data merge entity $(bone45) {transformation: [-0.8888f,-0.2976f,0.3487f,-0.5353f,0.0599f,0.6788f,0.7319f,1.0568f,-0.4545f,0.6713f,-0.5855f,0.4903f,0f,0f,0f,1f],start_interpolation: 0,interpolation_duration: 0}
$data merge entity $(bone43) {transformation: [-0.8408f,0.503f,0.2001f,-0.1713f,0.1157f,0.528f,-0.8413f,1.3037f,-0.5289f,-0.6842f,-0.5022f,-0.0343f,0f,0f,0f,1f],start_interpolation: 0,interpolation_duration: 0}