# This file was generated by Animated Java via MC-Build. It is not recommended to edit this file directly.
$data merge entity $(bone5) {transformation: [-0.9947f,-0.1022f,0.0109f,0.3849f,-0.0927f,0.9378f,0.3346f,1.5146f,-0.0444f,0.3318f,-0.9423f,0.9773f,0f,0f,0f,1f],start_interpolation: 0,interpolation_duration: 0}
$data merge entity $(bone6) {transformation: [0.0168f,-0.2646f,-0.9642f,0.4942f,-0.4278f,0.8697f,-0.2462f,1.2841f,0.9037f,0.4166f,-0.0986f,0.9054f,0f,0f,0f,1f],start_interpolation: 0,interpolation_duration: 0}
$data merge entity $(bone8) {transformation: [-0.2601f,-0.0553f,0.964f,0.6356f,-0.0757f,0.9965f,0.0367f,0.5945f,-0.9626f,-0.0634f,-0.2634f,0.761f,0f,0f,0f,1f],start_interpolation: 0,interpolation_duration: 0}
$data merge entity $(bone9) {transformation: [-0.2601f,-0.0553f,0.964f,0.7978f,-0.0757f,0.9965f,0.0367f,0.7669f,-0.9626f,-0.0634f,-0.2634f,0.696f,0f,0f,0f,1f],start_interpolation: 0,interpolation_duration: 0}
$data merge entity $(bone10) {transformation: [-0.2314f,-0.131f,0.964f,0.6174f,-0.3719f,0.9276f,0.0367f,0.5856f,-0.899f,-0.35f,-0.2634f,0.7372f,0f,0f,0f,1f],start_interpolation: 0,interpolation_duration: 0}
$data merge entity $(bone12) {transformation: [-0.1975f,-0.511f,0.8366f,0.7563f,-0.8821f,0.4649f,0.0757f,0.0757f,-0.4276f,-0.723f,-0.5426f,0.9454f,0f,0f,0f,1f],start_interpolation: 0,interpolation_duration: 0}
$data merge entity $(bone15) {transformation: [0.984f,-0.1055f,0.1438f,0.3783f,-0.1604f,-0.1698f,0.9723f,0.0276f,-0.0782f,-0.9798f,-0.184f,0.9994f,0f,0f,0f,1f],start_interpolation: 0,interpolation_duration: 0}
$data merge entity $(bone14) {transformation: [0.9392f,-0.1055f,-0.3268f,0.499f,0.3068f,-0.1698f,0.9365f,0.0683f,-0.1543f,-0.9798f,-0.1271f,0.9781f,0f,0f,0f,1f],start_interpolation: 0,interpolation_duration: 0}
$data merge entity $(bone13) {transformation: [0.7708f,-0.1055f,-0.6283f,0.5996f,0.6086f,-0.1698f,0.7751f,0.1453f,-0.1885f,-0.9798f,-0.0667f,0.9506f,0f,0f,0f,1f],start_interpolation: 0,interpolation_duration: 0}
$data merge entity $(bone18) {transformation: [-0.0419f,-0.9983f,-0.0403f,0.7348f,0.9895f,-0.047f,0.1366f,-0.1007f,-0.1383f,-0.0342f,0.9898f,1.3759f,0f,0f,0f,1f],start_interpolation: 0,interpolation_duration: 0}
$data merge entity $(bone17) {transformation: [-0.0062f,-0.9983f,-0.0578f,0.7336f,0.6702f,-0.047f,0.7407f,0.0314f,-0.7422f,-0.0342f,0.6693f,1.2296f,0f,0f,0f,1f],start_interpolation: 0,interpolation_duration: 0}
$data merge entity $(bone16) {transformation: [0.0237f,-0.9983f,-0.0531f,0.7328f,0.2083f,-0.047f,0.9769f,0.0601f,-0.9778f,-0.0342f,0.2069f,1.0857f,0f,0f,0f,1f],start_interpolation: 0,interpolation_duration: 0}
$data merge entity $(bone27) {transformation: [-0.8567f,-0.5123f,-0.0608f,1.1789f,-0.0192f,-0.086f,0.9961f,0.0401f,-0.5155f,0.8545f,0.0638f,1.1336f,0f,0f,0f,1f],start_interpolation: 0,interpolation_duration: 0}
$data merge entity $(bone26) {transformation: [-0.8448f,-0.5327f,-0.0507f,1.0447f,-0.0151f,-0.0709f,0.9974f,0.0384f,-0.5349f,0.8433f,0.0519f,1.0563f,0f,0f,0f,1f],start_interpolation: 0,interpolation_duration: 0}
$data merge entity $(bone25) {transformation: [-0.8291f,-0.5327f,0.1697f,0.8921f,0.2436f,-0.0709f,0.9673f,0.0806f,-0.5033f,0.8433f,0.1886f,0.9686f,0f,0f,0f,1f],start_interpolation: 0,interpolation_duration: 0}
$data merge entity $(bone30) {transformation: [-0.1869f,-0.871f,0.4543f,0.9948f,0.9516f,-0.0457f,0.3038f,-0.0984f,-0.2439f,0.4891f,0.8374f,1.3332f,0f,0f,0f,1f],start_interpolation: 0,interpolation_duration: 0}
$data merge entity $(bone29) {transformation: [-0.3916f,-0.871f,0.2966f,0.9214f,0.6657f,-0.0457f,0.7448f,0.0329f,-0.6352f,0.4891f,0.5978f,1.206f,0f,0f,0f,1f],start_interpolation: 0,interpolation_duration: 0}
$data merge entity $(bone28) {transformation: [-0.4892f,-0.871f,0.0448f,0.8185f,0.1716f,-0.0457f,0.9841f,0.0658f,-0.8551f,0.4891f,0.1718f,1.0347f,0f,0f,0f,1f],start_interpolation: 0,interpolation_duration: 0}
$data merge entity $(bone7) {transformation: [0.964f,-0.0666f,0.2574f,0.6017f,0.0367f,0.9922f,0.1191f,0.9304f,-0.2634f,-0.1054f,0.9589f,0.7215f,0f,0f,0f,1f],start_interpolation: 0,interpolation_duration: 0}
$data merge entity $(bone4) {transformation: [-0.9642f,-0.2649f,0.0109f,0.3501f,-0.2462f,0.9097f,0.3346f,1.6206f,-0.0986f,0.3199f,-0.9423f,0.9871f,0f,0f,0f,1f],start_interpolation: 0,interpolation_duration: 0}
$data merge entity $(bone62) {transformation: [-0.9106f,0.3694f,0.1854f,-0.4164f,0.4095f,0.7459f,0.5253f,1.5377f,0.0557f,0.5543f,-0.8305f,0.9511f,0f,0f,0f,1f],start_interpolation: 0,interpolation_duration: 0}
$data merge entity $(bone63) {transformation: [0.2382f,0.4924f,0.8372f,-0.5873f,0.5923f,0.6095f,-0.527f,1.3806f,-0.7697f,0.6213f,-0.1465f,0.8232f,0f,0f,0f,1f],start_interpolation: 0,interpolation_duration: 0}
$data merge entity $(bone65) {transformation: [-0.0377f,0.1429f,-0.989f,-0.8451f,0.157f,0.9783f,0.1353f,0.809f,0.9869f,-0.1502f,-0.0594f,0.628f,0f,0f,0f,1f],start_interpolation: 0,interpolation_duration: 0}
$data merge entity $(bone66) {transformation: [-0.0377f,0.1429f,-0.989f,-0.9989f,0.157f,0.9783f,0.1353f,0.9955f,0.9869f,-0.1502f,-0.0594f,0.5851f,0f,0f,0f,1f],start_interpolation: 0,interpolation_duration: 0}
$data merge entity $(bone67) {transformation: [0.007f,0.1476f,-0.989f,-0.8335f,0.4439f,0.8858f,0.1353f,0.7967f,0.896f,-0.44f,-0.0594f,0.6018f,0f,0f,0f,1f],start_interpolation: 0,interpolation_duration: 0}
$data merge entity $(bone69) {transformation: [-0.2545f,0.0954f,-0.9624f,-0.9157f,0.3672f,0.9301f,-0.0049f,0.229f,0.8946f,-0.3547f,-0.2717f,0.7689f,0f,0f,0f,1f],start_interpolation: 0,interpolation_duration: 0}
$data merge entity $(bone72) {transformation: [0.9241f,0.2587f,0.2811f,-0.6322f,-0.3396f,0.2189f,0.9148f,0.1418f,0.1751f,-0.9408f,0.2901f,0.7959f,0f,0f,0f,1f],start_interpolation: 0,interpolation_duration: 0}
$data merge entity $(bone71) {transformation: [0.7401f,0.2587f,0.6207f,-0.7266f,-0.6708f,0.2189f,0.7086f,0.2296f,0.0475f,-0.9408f,0.3355f,0.789f,0f,0f,0f,1f],start_interpolation: 0,interpolation_duration: 0}
$data merge entity $(bone70) {transformation: [0.4832f,0.2587f,0.8364f,-0.7898f,-0.8727f,0.2189f,0.4365f,0.3426f,-0.0702f,-0.9408f,0.3315f,0.7945f,0f,0f,0f,1f],start_interpolation: 0,interpolation_duration: 0}
$data merge entity $(bone81) {transformation: [0.1588f,0.9866f,0.0373f,-0.7977f,-0.4667f,0.0417f,0.8834f,-0.0638f,0.87f,-0.1576f,0.4671f,1.1148f,0f,0f,0f,1f],start_interpolation: 0,interpolation_duration: 0}
$data merge entity $(bone80) {transformation: [0.128f,0.9866f,0.1011f,-0.8229f,-0.7974f,0.0417f,0.602f,0.0933f,0.5897f,-0.1576f,0.7921f,0.9986f,0f,0f,0f,1f],start_interpolation: 0,interpolation_duration: 0}
$data merge entity $(bone73) {transformation: [0.1602f,0.9866f,0.0303f,-0.8422f,-0.4278f,0.0417f,0.9029f,0.1547f,0.8896f,-0.1576f,0.4287f,0.8667f,0f,0f,0f,1f],start_interpolation: 0,interpolation_duration: 0}
$data merge entity $(bone84) {transformation: [-0.7143f,0.6932f,0.0961f,-1.2546f,0.1098f,-0.0247f,0.9937f,0.0324f,0.6912f,0.7203f,-0.0585f,1.017f,0f,0f,0f,1f],start_interpolation: 0,interpolation_duration: 0}
$data merge entity $(bone83) {transformation: [-0.6787f,0.7104f,-0.1864f,-1.1452f,-0.268f,-0.0032f,0.9634f,0.075f,0.6838f,0.7038f,0.1925f,0.9159f,0f,0f,0f,1f],start_interpolation: 0,interpolation_duration: 0}
$data merge entity $(bone82) {transformation: [-0.6073f,0.7104f,-0.3557f,-1.0316f,-0.5082f,-0.0032f,0.8612f,0.1655f,0.6107f,0.7038f,0.363f,0.8078f,0f,0f,0f,1f],start_interpolation: 0,interpolation_duration: 0}
$data merge entity $(bone103) {transformation: [-0.2896f,0.9511f,-0.1079f,-1.0358f,-0.2969f,0.0179f,0.9548f,-0.0697f,0.91f,0.3085f,0.2771f,1.1535f,0f,0f,0f,1f],start_interpolation: 0,interpolation_duration: 0}
$data merge entity $(bone102) {transformation: [-0.2126f,0.9511f,-0.2243f,-0.998f,-0.6865f,0.0179f,0.7269f,0.0654f,0.6953f,0.3085f,0.6491f,1.0152f,0f,0f,0f,1f],start_interpolation: 0,interpolation_duration: 0}
$data merge entity $(bone85) {transformation: [-0.2718f,0.9511f,-0.1471f,-0.9387f,-0.4267f,0.0179f,0.9042f,0.1503f,0.8626f,0.3085f,0.401f,0.8413f,0f,0f,0f,1f],start_interpolation: 0,interpolation_duration: 0}
$data merge entity $(bone64) {transformation: [0.989f,0.1444f,-0.0315f,-0.786f,-0.1353f,0.9705f,0.1995f,1.136f,0.0594f,-0.1931f,0.9794f,0.5565f,0f,0f,0f,1f],start_interpolation: 0,interpolation_duration: 0}
$data merge entity $(bone61) {transformation: [-0.8372f,0.5146f,0.1854f,-0.3501f,0.527f,0.6681f,0.5253f,1.6206f,0.1465f,0.5375f,-0.8305f,0.9871f,0f,0f,0f,1f],start_interpolation: 0,interpolation_duration: 0}
$data merge entity $(bone23) {transformation: [-0.7934f,-0.6088f,0f,0.1071f,-0.0875f,0.114f,0.9896f,1.5436f,-0.6024f,0.7851f,-0.1437f,1.0114f,0f,0f,0f,1f],start_interpolation: 0,interpolation_duration: 0}
$data merge entity $(bone22) {transformation: [-0.7934f,0.6088f,0f,-0.1071f,0.0875f,0.114f,0.9896f,1.5436f,0.6024f,0.7851f,-0.1437f,1.0114f,0f,0f,0f,1f],start_interpolation: 0,interpolation_duration: 0}
$data merge entity $(bone89) {transformation: [-1f,0.0072f,0.0007f,0.002f,0.0053f,0.6702f,0.7422f,2.2437f,0.0048f,0.7421f,-0.6702f,1.4922f,0f,0f,0f,1f],start_interpolation: 0,interpolation_duration: 0}
$data merge entity $(bone90) {transformation: [-1f,0.0069f,0.0019f,0.0013f,0.0053f,0.5311f,0.8473f,2.1834f,0.0048f,0.8473f,-0.5312f,1.4124f,0f,0f,0f,1f],start_interpolation: 0,interpolation_duration: 0}
$data merge entity $(bone88) {transformation: [-1f,0.0071f,0.0013f,0.0312f,0.0053f,0.603f,0.7977f,2.0459f,0.0048f,0.7977f,-0.603f,1.2928f,0f,0f,0f,1f],start_interpolation: 0,interpolation_duration: 0}
$data merge entity $(bone42) {transformation: [-1f,0f,0f,0f,0f,0.7419f,0.6705f,1.7407f,0f,0.6705f,-0.7419f,1.6904f,0f,0f,0f,1f],start_interpolation: 0,interpolation_duration: 0}
$data merge entity $(bone87) {transformation: [-0.9998f,0.0157f,-0.0096f,-0.0044f,0.0025f,0.6312f,0.7756f,1.2759f,0.0182f,0.7755f,-0.6311f,2.2346f,0f,0f,0f,1f],start_interpolation: 0,interpolation_duration: 0}
$data merge entity $(bone86) {transformation: [-1f,0f,0f,0f,0f,0.714f,0.7001f,1.4322f,0f,0.7001f,-0.714f,2.0682f,0f,0f,0f,1f],start_interpolation: 0,interpolation_duration: 0}
$data merge entity $(bone92) {transformation: [-0.8818f,0.2593f,-0.3939f,0.1194f,-0.0764f,0.7458f,0.6618f,1.8127f,0.4654f,0.6137f,-0.6378f,1.7319f,0f,0f,0f,1f],start_interpolation: 0,interpolation_duration: 0}
$data merge entity $(bone3) {transformation: [-0.8818f,-0.2593f,0.3939f,-0.1194f,0.0764f,0.7458f,0.6618f,1.8127f,-0.4654f,0.6137f,-0.6378f,1.7319f,0f,0f,0f,1f],start_interpolation: 0,interpolation_duration: 0}
$data merge entity $(head) {transformation: [-1f,0f,0f,0f,0f,0.7497f,0.6618f,1.7404f,0f,0.6618f,-0.7497f,1.5066f,0f,0f,0f,1f],start_interpolation: 0,interpolation_duration: 0}
$data merge entity $(neck) {transformation: [-1f,0f,0f,0f,0f,0.5529f,0.8333f,1.6471f,0f,0.8333f,-0.5529f,1.366f,0f,0f,0f,1f],start_interpolation: 0,interpolation_duration: 0}
$data merge entity $(bone2) {transformation: [-1f,0f,0f,0f,0f,0.1437f,0.9896f,1.5808f,0f,0.9896f,-0.1437f,1.055f,0f,0f,0f,1f],start_interpolation: 0,interpolation_duration: 0}
$data merge entity $(bone136) {transformation: [-1f,0f,0f,0f,0f,0.1953f,1.1032f,1.56f,0f,0.9807f,-0.2197f,0.8594f,0f,0f,0f,1f],start_interpolation: 0,interpolation_duration: 0}
$data merge entity $(bone118) {transformation: [-0.0821f,-0.849f,-0.522f,0.2578f,0.9923f,-0.1185f,0.0368f,1.7214f,-0.0931f,-0.515f,0.8521f,0.7697f,0f,0f,0f,1f],start_interpolation: 0,interpolation_duration: 0}
$data merge entity $(bone119) {transformation: [-0.1451f,-0.849f,-0.5082f,0.7344f,0.9894f,-0.1185f,-0.0844f,1.7642f,0.0114f,-0.515f,0.8571f,-0.0374f,0f,0f,0f,1f],start_interpolation: 0,interpolation_duration: 0}
$data merge entity $(bone120) {transformation: [-0.4919f,-0.849f,0.1931f,1.6246f,-0.1788f,-0.1185f,-0.9767f,1.0417f,0.8521f,-0.515f,-0.0935f,0.6197f,0f,0f,0f,1f],start_interpolation: 0,interpolation_duration: 0}
$data merge entity $(bone121) {transformation: [0f,0f,0f,0.9844f,0f,0f,0f,1.8758f,0f,0f,0f,-0.4636f,0f,0f,0f,1f],start_interpolation: 0,interpolation_duration: 0}
$data merge entity $(bone123) {transformation: [0.0542f,-1.7316f,-1.0618f,0.8883f,1.9737f,-0.2062f,0.437f,1.3617f,-0.4801f,-1.043f,1.6765f,2.435f,0f,0f,0f,1f],start_interpolation: 0,interpolation_duration: 0}
$data merge entity $(bone124) {transformation: [-0.1095f,-0.8522f,-0.5116f,0.7301f,0.9939f,-0.1015f,-0.0437f,2.7142f,-0.0147f,-0.5133f,0.8581f,-0.2577f,0f,0f,0f,1f],start_interpolation: 0,interpolation_duration: 0}
$data merge entity $(bone122) {transformation: [-0.367f,-1.3131f,-0.7178f,0.5545f,1.4618f,-0.1563f,-0.4613f,2.7072f,0.3203f,-0.7909f,1.283f,0.0335f,0f,0f,0f,1f],start_interpolation: 0,interpolation_duration: 0}
$data merge entity $(bone126) {transformation: [0.2805f,-0.8522f,-0.4417f,1.1364f,0.7395f,-0.1015f,0.6655f,1.9793f,-0.6119f,-0.5133f,0.6017f,-0.7859f,0f,0f,0f,1f],start_interpolation: 0,interpolation_duration: 0}
$data merge entity $(bone127) {transformation: [0.1567f,-0.8522f,-0.4992f,0.796f,0.8865f,-0.1015f,0.4514f,2.3931f,-0.4353f,-0.5133f,0.7396f,-0.3037f,0f,0f,0f,1f],start_interpolation: 0,interpolation_duration: 0}
$data merge entity $(bone125) {transformation: [0.031f,-1.1947f,-0.7328f,0.6304f,1.3642f,-0.1422f,0.2896f,2.5606f,-0.3212f,-0.7196f,1.1595f,-0.0545f,0f,0f,0f,1f],start_interpolation: 0,interpolation_duration: 0}
$data merge entity $(bone129) {transformation: [1.0359f,-1.5892f,-0.1934f,0.4662f,0.0355f,-0.1892f,2.0033f,3.9052f,-1.7269f,-0.9572f,-0.0748f,2.633f,0f,0f,0f,1f],start_interpolation: 0,interpolation_duration: 0}
$data merge entity $(bone130) {transformation: [0.5356f,-0.8522f,-0.18f,0.8413f,0.1684f,-0.1015f,1.0612f,1.5593f,-0.9226f,-0.5133f,0.0891f,-0.2142f,0f,0f,0f,1f],start_interpolation: 0,interpolation_duration: 0}
$data merge entity $(bone131) {transformation: [0.4596f,-0.8522f,-0.3288f,0.7001f,0.4713f,-0.1015f,0.9656f,2.1429f,-0.8562f,-0.5133f,0.355f,-0.095f,0f,0f,0f,1f],start_interpolation: 0,interpolation_duration: 0}
$data merge entity $(bone128) {transformation: [0.3783f,-0.8984f,-0.4602f,0.5945f,0.7434f,-0.107f,0.8547f,2.4495f,-0.775f,-0.5411f,0.5951f,0.009f,0f,0f,0f,1f],start_interpolation: 0,interpolation_duration: 0}
$data merge entity $(bone132) {transformation: [-0.2093f,-0.8522f,-0.4795f,0.4725f,0.9652f,-0.1015f,-0.2409f,2.5899f,0.1567f,-0.5133f,0.8438f,0.2067f,0f,0f,0f,1f],start_interpolation: 0,interpolation_duration: 0}
$data merge entity $(bone133) {transformation: [-0.3659f,-1.4468f,-0.7083f,0.5378f,1.6878f,-0.1722f,-0.3559f,2.6051f,0.274f,-0.8714f,1.2463f,0.107f,0f,0f,0f,1f],start_interpolation: 0,interpolation_duration: 0}
$data merge entity $(w5) {transformation: [-0.2093f,-0.8522f,-0.4795f,0.5457f,0.9652f,-0.1015f,-0.2409f,2.5385f,0.1567f,-0.5133f,0.8438f,0.1202f,0f,0f,0f,1f],start_interpolation: 0,interpolation_duration: 0}
$data merge entity $(w2) {transformation: [-0.5137f,-0.849f,-0.124f,0.7079f,0.4137f,-0.1185f,-0.9027f,1.7798f,0.7516f,-0.515f,0.4121f,-0.0206f,0f,0f,0f,1f],start_interpolation: 0,interpolation_duration: 0}
$data merge entity $(wing3) {transformation: [-0.0821f,-0.849f,-0.522f,0.2175f,0.9923f,-0.1185f,0.0368f,1.8247f,-0.0931f,-0.515f,0.8521f,0.7774f,0f,0f,0f,1f],start_interpolation: 0,interpolation_duration: 0}
$data merge entity $(bone104) {transformation: [-0.0821f,0.849f,0.522f,-0.2578f,-0.9923f,-0.1185f,0.0368f,1.7214f,0.0931f,-0.515f,0.8521f,0.7697f,0f,0f,0f,1f],start_interpolation: 0,interpolation_duration: 0}
$data merge entity $(bone105) {transformation: [-0.1451f,0.849f,0.5082f,-0.7344f,-0.9894f,-0.1185f,-0.0844f,1.7642f,-0.0114f,-0.515f,0.8571f,-0.0374f,0f,0f,0f,1f],start_interpolation: 0,interpolation_duration: 0}
$data merge entity $(bone106) {transformation: [-0.4919f,0.849f,-0.1931f,-1.6246f,0.1788f,-0.1185f,-0.9767f,1.0417f,-0.8521f,-0.515f,-0.0935f,0.6197f,0f,0f,0f,1f],start_interpolation: 0,interpolation_duration: 0}
$data merge entity $(bone107) {transformation: [0f,0f,0f,-0.9844f,0f,0f,0f,1.8758f,0f,0f,0f,-0.4636f,0f,0f,0f,1f],start_interpolation: 0,interpolation_duration: 0}
$data merge entity $(bone109) {transformation: [0.0683f,1.7316f,0.999f,-0.9223f,-1.8082f,-0.2062f,0.3766f,1.4685f,0.4708f,-1.043f,1.5842f,2.3575f,0f,0f,0f,1f],start_interpolation: 0,interpolation_duration: 0}
$data merge entity $(bone110) {transformation: [-0.0948f,0.8522f,0.4836f,-0.7204f,-0.9075f,-0.1015f,-0.0513f,2.7175f,0.022f,-0.5133f,0.813f,-0.2424f,0f,0f,0f,1f],start_interpolation: 0,interpolation_duration: 0}
$data merge entity $(bone108) {transformation: [-0.3339f,1.3131f,0.6819f,-0.5545f,-1.3302f,-0.1563f,-0.4383f,2.7072f,-0.2915f,-0.7909f,1.2188f,0.0335f,0f,0f,0f,1f],start_interpolation: 0,interpolation_duration: 0}
$data merge entity $(bone112) {transformation: [0.2805f,0.8522f,0.4417f,-1.1364f,-0.7395f,-0.1015f,0.6655f,1.9793f,0.6119f,-0.5133f,0.6017f,-0.7859f,0f,0f,0f,1f],start_interpolation: 0,interpolation_duration: 0}
$data merge entity $(bone113) {transformation: [0.1567f,0.8522f,0.4992f,-0.796f,-0.8865f,-0.1015f,0.4514f,2.3931f,0.4353f,-0.5133f,0.7396f,-0.3037f,0f,0f,0f,1f],start_interpolation: 0,interpolation_duration: 0}
$data merge entity $(bone111) {transformation: [0.031f,1.1947f,0.7328f,-0.6304f,-1.3642f,-0.1422f,0.2896f,2.5606f,0.3212f,-0.7196f,1.1595f,-0.0545f,0f,0f,0f,1f],start_interpolation: 0,interpolation_duration: 0}
$data merge entity $(bone115) {transformation: [1.0359f,1.5892f,0.1934f,-0.4662f,-0.0355f,-0.1892f,2.0033f,3.9052f,1.7269f,-0.9572f,-0.0748f,2.633f,0f,0f,0f,1f],start_interpolation: 0,interpolation_duration: 0}
$data merge entity $(bone116) {transformation: [0.5356f,0.8522f,0.18f,-0.8413f,-0.1684f,-0.1015f,1.0612f,1.5593f,0.9226f,-0.5133f,0.0891f,-0.2142f,0f,0f,0f,1f],start_interpolation: 0,interpolation_duration: 0}
$data merge entity $(bone117) {transformation: [0.4596f,0.8522f,0.3288f,-0.7001f,-0.4713f,-0.1015f,0.9656f,2.1429f,0.8562f,-0.5133f,0.355f,-0.095f,0f,0f,0f,1f],start_interpolation: 0,interpolation_duration: 0}
$data merge entity $(bone114) {transformation: [0.3783f,0.8984f,0.4602f,-0.5945f,-0.7434f,-0.107f,0.8547f,2.4495f,0.775f,-0.5411f,0.5951f,0.009f,0f,0f,0f,1f],start_interpolation: 0,interpolation_duration: 0}
$data merge entity $(bone134) {transformation: [-0.2093f,0.8522f,0.4795f,-0.4725f,-0.9652f,-0.1015f,-0.2409f,2.5899f,-0.1567f,-0.5133f,0.8438f,0.2067f,0f,0f,0f,1f],start_interpolation: 0,interpolation_duration: 0}
$data merge entity $(bone135) {transformation: [-0.3659f,1.4468f,0.7083f,-0.5378f,-1.6878f,-0.1722f,-0.3559f,2.6051f,-0.274f,-0.8714f,1.2463f,0.107f,0f,0f,0f,1f],start_interpolation: 0,interpolation_duration: 0}
$data merge entity $(w4) {transformation: [-0.2093f,0.8522f,0.4795f,-0.5457f,-0.9652f,-0.1015f,-0.2409f,2.5385f,-0.1567f,-0.5133f,0.8438f,0.1202f,0f,0f,0f,1f],start_interpolation: 0,interpolation_duration: 0}
$data merge entity $(w3) {transformation: [-0.5137f,0.849f,0.124f,-0.7079f,-0.4137f,-0.1185f,-0.9027f,1.7798f,-0.7516f,-0.515f,0.4121f,-0.0206f,0f,0f,0f,1f],start_interpolation: 0,interpolation_duration: 0}
$data merge entity $(wing2) {transformation: [-0.0821f,0.849f,0.522f,-0.2175f,-0.9923f,-0.1185f,0.0368f,1.8247f,0.0931f,-0.515f,0.8521f,0.7774f,0f,0f,0f,1f],start_interpolation: 0,interpolation_duration: 0}
$data merge entity $(bone20) {transformation: [-1f,0f,0f,-0.1563f,0f,-0.1605f,0.987f,1.5718f,0f,0.987f,0.1605f,0.3246f,0f,0f,0f,1f],start_interpolation: 0,interpolation_duration: 0}
$data merge entity $(bone101) {transformation: [-1f,0f,0f,0f,0f,-0.4455f,0.8953f,1.171f,0f,0.8953f,0.4455f,-2.6998f,0f,0f,0f,1f],start_interpolation: 0,interpolation_duration: 0}
$data merge entity $(bone100) {transformation: [-1f,0f,0f,0f,0f,0.2241f,0.9746f,0.7308f,0f,0.9746f,-0.2241f,-2.5922f,0f,0f,0f,1f],start_interpolation: 0,interpolation_duration: 0}
$data merge entity $(bone99) {transformation: [-1f,0f,0f,0f,0f,0.5115f,0.8593f,0.2958f,0f,0.8593f,-0.5115f,-2.3332f,0f,0f,0f,1f],start_interpolation: 0,interpolation_duration: 0}
$data merge entity $(bone98) {transformation: [-1f,0f,0f,0f,0f,0.8743f,0.4854f,0.0562f,0f,0.4854f,-0.8743f,-1.9015f,0f,0f,0f,1f],start_interpolation: 0,interpolation_duration: 0}
$data merge entity $(bone97) {transformation: [-1f,0f,0f,0f,0f,0.9865f,-0.1637f,0.14f,0f,-0.1637f,-0.9865f,-1.396f,0f,0f,0f,1f],start_interpolation: 0,interpolation_duration: 0}
$data merge entity $(bone96) {transformation: [-1f,0f,0f,0f,0f,0.8488f,-0.5287f,0.4044f,0f,-0.5287f,-0.8488f,-0.9716f,0f,0f,0f,1f],start_interpolation: 0,interpolation_duration: 0}
$data merge entity $(bone95) {transformation: [-1f,0f,0f,0f,0f,0.6505f,-0.7595f,0.7794f,0f,-0.7595f,-0.6505f,-0.6504f,0f,0f,0f,1f],start_interpolation: 0,interpolation_duration: 0}
$data merge entity $(bone94) {transformation: [-1f,0f,0f,0f,0f,0.5818f,-0.8133f,1.181f,0f,-0.8133f,-0.5818f,-0.3631f,0f,0f,0f,1f],start_interpolation: 0,interpolation_duration: 0}
$data merge entity $(bone93) {transformation: [-1f,0f,0f,0f,0f,0.7142f,-0.6999f,1.4456f,0f,-0.6999f,-0.7142f,-0.093f,0f,0f,0f,1f],start_interpolation: 0,interpolation_duration: 0}
$data merge entity $(bone) {transformation: [-1f,0f,0f,0f,0f,0.5373f,0.8434f,1.3534f,0f,0.8434f,-0.5373f,-0.0343f,0f,0f,0f,1f],start_interpolation: 0,interpolation_duration: 0}
$data merge entity $(bone24) {transformation: [-0.9665f,-0.2565f,0.0002f,0.1031f,-0.2563f,0.9659f,0.0373f,1.2947f,-0.0098f,0.036f,-0.9993f,-0.0355f,0f,0f,0f,1f],start_interpolation: 0,interpolation_duration: 0}
$data merge entity $(bone32) {transformation: [-0.9973f,-0.0554f,-0.0489f,0.2294f,-0.0691f,0.4624f,0.884f,0.6223f,-0.0264f,0.885f,-0.4649f,-0.3029f,0f,0f,0f,1f],start_interpolation: 0,interpolation_duration: 0}
$data merge entity $(bone36) {transformation: [-0.9989f,-0.0151f,-0.0433f,0.3368f,-0.0167f,0.9991f,0.038f,0.2982f,0.0427f,0.0387f,-0.9983f,-1.0128f,0f,0f,0f,1f],start_interpolation: 0,interpolation_duration: 0}
$data merge entity $(bone35) {transformation: [-0.9989f,0.0086f,-0.045f,0.2995f,-0.0167f,0.8463f,0.5325f,0.4213f,0.0427f,0.5327f,-0.8453f,-0.9286f,0f,0f,0f,1f],start_interpolation: 0,interpolation_duration: 0}
$data merge entity $(bone34) {transformation: [-0.9989f,0.0144f,-0.0435f,0.3021f,-0.0167f,0.7695f,0.6384f,0.4965f,0.0427f,0.6384f,-0.7685f,-0.8689f,0f,0f,0f,1f],start_interpolation: 0,interpolation_duration: 0}
$data merge entity $(bone77) {transformation: [-0.9332f,0.3557f,-0.0502f,0.1063f,0.0235f,-0.0791f,-0.9966f,0.0727f,-0.3585f,-0.9312f,0.0654f,-0.3564f,0f,0f,0f,1f],start_interpolation: 0,interpolation_duration: 0}
$data merge entity $(bone75) {transformation: [-0.9332f,0.3557f,-0.0502f,0.1689f,0.0235f,-0.0791f,-0.9966f,0.0601f,-0.3585f,-0.9312f,0.0654f,-0.5313f,0f,0f,0f,1f],start_interpolation: 0,interpolation_duration: 0}
$data merge entity $(bone39) {transformation: [-0.9332f,0.3557f,-0.0502f,0.2308f,0.0235f,-0.0791f,-0.9966f,0.0445f,-0.3585f,-0.9312f,0.0654f,-0.6897f,0f,0f,0f,1f],start_interpolation: 0,interpolation_duration: 0}
$data merge entity $(bone76) {transformation: [-0.9595f,-0.2811f,-0.0164f,0.4994f,0.0264f,-0.032f,-0.9991f,0.0523f,0.2804f,-0.9591f,0.0382f,-0.3325f,0f,0f,0f,1f],start_interpolation: 0,interpolation_duration: 0}
$data merge entity $(bone74) {transformation: [-0.9595f,-0.2811f,-0.0164f,0.4826f,0.0264f,-0.032f,-0.9991f,0.0542f,0.2804f,-0.9591f,0.0382f,-0.5288f,0f,0f,0f,1f],start_interpolation: 0,interpolation_duration: 0}
$data merge entity $(bone40) {transformation: [-0.9595f,-0.2811f,-0.0164f,0.4333f,0.0264f,-0.032f,-0.9991f,0.0467f,0.2804f,-0.9591f,0.0382f,-0.6922f,0f,0f,0f,1f],start_interpolation: 0,interpolation_duration: 0}
$data merge entity $(bone79) {transformation: [-0.9998f,0.0192f,-0.0093f,0.3154f,0.0087f,-0.0322f,-0.9994f,0.0605f,-0.0195f,-0.9993f,0.032f,-0.292f,0f,0f,0f,1f],start_interpolation: 0,interpolation_duration: 0}
$data merge entity $(bone78) {transformation: [-0.9998f,0.0192f,-0.0093f,0.3232f,0.0087f,-0.0322f,-0.9994f,0.056f,-0.0195f,-0.9993f,0.032f,-0.4926f,0f,0f,0f,1f],start_interpolation: 0,interpolation_duration: 0}
$data merge entity $(bone41) {transformation: [-0.9998f,0.0192f,-0.0093f,0.3257f,0.0087f,-0.0322f,-0.9994f,0.0475f,-0.0195f,-0.9993f,0.032f,-0.6917f,0f,0f,0f,1f],start_interpolation: 0,interpolation_duration: 0}
$data merge entity $(bone38) {transformation: [-1f,0.0047f,-0.007f,0.3384f,0.007f,0.9252f,-0.3793f,0.3095f,0.0047f,-0.3793f,-0.9252f,-0.7755f,0f,0f,0f,1f],start_interpolation: 0,interpolation_duration: 0}
$data merge entity $(bone33) {transformation: [-0.9996f,-0.022f,-0.0188f,0.3223f,-0.0287f,0.8458f,0.5327f,0.5338f,0.0042f,0.533f,-0.8461f,-0.6335f,0f,0f,0f,1f],start_interpolation: 0,interpolation_duration: 0}
$data merge entity $(bone31) {transformation: [-0.9973f,-0.0466f,-0.0574f,0.2785f,-0.0691f,0.3101f,0.9482f,0.6753f,-0.0264f,0.9496f,-0.3125f,0.219f,0f,0f,0f,1f],start_interpolation: 0,interpolation_duration: 0}
$data merge entity $(bone19) {transformation: [-0.9852f,-0.1668f,0.0388f,0.1713f,-0.1711f,0.9677f,-0.1851f,1.3023f,-0.0066f,-0.189f,-0.982f,-0.0343f,0f,0f,0f,1f],start_interpolation: 0,interpolation_duration: 0}
$data merge entity $(bone44) {transformation: [-0.7987f,0.5173f,0.3073f,-0.1116f,0.1765f,0.6897f,-0.7023f,1.2966f,-0.5752f,-0.5067f,-0.6422f,-0.001f,0f,0f,0f,1f],start_interpolation: 0,interpolation_duration: 0}
$data merge entity $(bone46) {transformation: [-0.8888f,-0.2358f,0.393f,-0.2845f,0.06f,0.7903f,0.6098f,0.7911f,-0.4544f,0.5656f,-0.6883f,0.1111f,0f,0f,0f,1f],start_interpolation: 0,interpolation_duration: 0}
$data merge entity $(bone50) {transformation: [-0.8705f,-0.1253f,0.4759f,-0.072f,0.0238f,0.9552f,0.2951f,0.3294f,-0.4916f,0.2683f,-0.8285f,-0.5388f,0f,0f,0f,1f],start_interpolation: 0,interpolation_duration: 0}
$data merge entity $(bone49) {transformation: [-0.8705f,-0.3465f,0.3495f,-0.0912f,0.0238f,0.6796f,0.7332f,0.4266f,-0.4916f,0.6466f,-0.5834f,-0.4212f,0f,0f,0f,1f],start_interpolation: 0,interpolation_duration: 0}
$data merge entity $(bone48) {transformation: [-0.8705f,-0.3892f,0.3013f,-0.1291f,0.0238f,0.5781f,0.8156f,0.4838f,-0.4916f,0.7172f,-0.494f,-0.3541f,0f,0f,0f,1f],start_interpolation: 0,interpolation_duration: 0}
$data merge entity $(bone54) {transformation: [-0.9804f,0.1965f,0.0166f,-0.2536f,-0.0233f,-0.0318f,-0.9992f,0.0648f,-0.1959f,-0.98f,0.0358f,0.2183f,0f,0f,0f,1f],start_interpolation: 0,interpolation_duration: 0}
$data merge entity $(bone53) {transformation: [-0.9804f,0.1965f,0.0166f,-0.2132f,-0.0233f,-0.0318f,-0.9992f,0.0609f,-0.1959f,-0.98f,0.0358f,0.0366f,0f,0f,0f,1f],start_interpolation: 0,interpolation_duration: 0}
$data merge entity $(bone52) {transformation: [-0.9804f,0.1965f,0.0166f,-0.1809f,-0.0233f,-0.0318f,-0.9992f,0.0534f,-0.1959f,-0.98f,0.0358f,-0.1309f,0f,0f,0f,1f],start_interpolation: 0,interpolation_duration: 0}
$data merge entity $(bone57) {transformation: [-0.7274f,0.6862f,0.0121f,-0.5817f,-0.0185f,-0.0019f,-0.9998f,0.0602f,-0.686f,-0.7275f,0.0141f,0.0649f,0f,0f,0f,1f],start_interpolation: 0,interpolation_duration: 0}
$data merge entity $(bone56) {transformation: [-0.7274f,0.6862f,0.0121f,-0.4777f,-0.0185f,-0.0019f,-0.9998f,0.0683f,-0.686f,-0.7275f,0.0141f,-0.1022f,0f,0f,0f,1f],start_interpolation: 0,interpolation_duration: 0}
$data merge entity $(bone55) {transformation: [-0.7274f,0.6862f,0.0121f,-0.3595f,-0.0185f,-0.0019f,-0.9998f,0.0659f,-0.686f,-0.7275f,0.0141f,-0.2255f,0f,0f,0f,1f],start_interpolation: 0,interpolation_duration: 0}
$data merge entity $(bone60) {transformation: [-0.8802f,0.474f,-0.0252f,-0.4514f,0.0125f,-0.0298f,-0.9995f,0.0732f,-0.4745f,-0.88f,0.0203f,0.1773f,0f,0f,0f,1f],start_interpolation: 0,interpolation_duration: 0}
$data merge entity $(bone59) {transformation: [-0.8802f,0.474f,-0.0252f,-0.3597f,0.0125f,-0.0298f,-0.9995f,0.0692f,-0.4745f,-0.88f,0.0203f,-0.0013f,0f,0f,0f,1f],start_interpolation: 0,interpolation_duration: 0}
$data merge entity $(bone58) {transformation: [-0.8802f,0.474f,-0.0252f,-0.2642f,0.0125f,-0.0298f,-0.9995f,0.0612f,-0.4745f,-0.88f,0.0203f,-0.176f,0f,0f,0f,1f],start_interpolation: 0,interpolation_duration: 0}
$data merge entity $(bone51) {transformation: [-0.8866f,0.2179f,0.408f,-0.2233f,0.0438f,0.9177f,-0.3949f,0.3221f,-0.4605f,-0.3323f,-0.8231f,-0.2543f,0f,0f,0f,1f],start_interpolation: 0,interpolation_duration: 0}
$data merge entity $(bone47) {transformation: [-0.8866f,-0.1189f,0.447f,-0.246f,0.0438f,0.9405f,0.337f,0.5714f,-0.4605f,0.3184f,-0.8286f,-0.1646f,0f,0f,0f,1f],start_interpolation: 0,interpolation_duration: 0}
$data merge entity $(bone45) {transformation: [-0.8888f,-0.2974f,0.3487f,-0.5354f,0.06f,0.6788f,0.7319f,1.0565f,-0.4544f,0.6714f,-0.5855f,0.4908f,0f,0f,0f,1f],start_interpolation: 0,interpolation_duration: 0}
$data merge entity $(bone43) {transformation: [-0.8408f,0.5034f,0.1992f,-0.1713f,0.1157f,0.5265f,-0.8423f,1.3023f,-0.5289f,-0.6851f,-0.5009f,-0.0343f,0f,0f,0f,1f],start_interpolation: 0,interpolation_duration: 0}