# This file was generated by Animated Java via MC-Build. It is not recommended to edit this file directly.
$data merge entity $(bone5) {transformation: [-0.9947f,-0.1022f,0.0106f,0.385f,-0.0928f,0.938f,0.3339f,1.5138f,-0.0441f,0.3311f,-0.9426f,0.9773f,0f,0f,0f,1f],start_interpolation: 0,interpolation_duration: 0}
$data merge entity $(bone6) {transformation: [0.0171f,-0.2646f,-0.9642f,0.4943f,-0.4272f,0.87f,-0.2463f,1.2833f,0.904f,0.4161f,-0.0981f,0.9055f,0f,0f,0f,1f],start_interpolation: 0,interpolation_duration: 0}
$data merge entity $(bone8) {transformation: [-0.2604f,-0.0552f,0.9639f,0.6355f,-0.0751f,0.9965f,0.0368f,0.5936f,-0.9626f,-0.0628f,-0.2637f,0.7611f,0f,0f,0f,1f],start_interpolation: 0,interpolation_duration: 0}
$data merge entity $(bone9) {transformation: [-0.2604f,-0.0552f,0.9639f,0.7978f,-0.0751f,0.9965f,0.0368f,0.7659f,-0.9626f,-0.0628f,-0.2637f,0.6962f,0f,0f,0f,1f],start_interpolation: 0,interpolation_duration: 0}
$data merge entity $(bone10) {transformation: [-0.2318f,-0.131f,0.9639f,0.6174f,-0.3713f,0.9278f,0.0368f,0.5847f,-0.8991f,-0.3493f,-0.2637f,0.7373f,0f,0f,0f,1f],start_interpolation: 0,interpolation_duration: 0}
$data merge entity $(bone12) {transformation: [-0.196f,-0.5119f,0.8364f,0.7565f,-0.8834f,0.4624f,0.076f,0.0751f,-0.4256f,-0.724f,-0.5429f,0.9454f,0f,0f,0f,1f],start_interpolation: 0,interpolation_duration: 0}
$data merge entity $(bone15) {transformation: [0.9841f,-0.1055f,0.1431f,0.3777f,-0.1598f,-0.1729f,0.9719f,0.0282f,-0.0778f,-0.9793f,-0.187f,0.9996f,0f,0f,0f,1f],start_interpolation: 0,interpolation_duration: 0}
$data merge entity $(bone14) {transformation: [0.941f,-0.1055f,-0.3216f,0.4986f,0.3011f,-0.1729f,0.9378f,0.0681f,-0.1546f,-0.9793f,-0.1309f,0.9782f,0f,0f,0f,1f],start_interpolation: 0,interpolation_duration: 0}
$data merge entity $(bone13) {transformation: [0.7742f,-0.1055f,-0.6241f,0.5996f,0.6037f,-0.1729f,0.7782f,0.1444f,-0.19f,-0.9793f,-0.0701f,0.9505f,0f,0f,0f,1f],start_interpolation: 0,interpolation_duration: 0}
$data merge entity $(bone18) {transformation: [-0.0432f,-0.9982f,-0.0425f,0.7348f,0.9915f,-0.048f,0.1212f,-0.1068f,-0.1231f,-0.0369f,0.9917f,1.3732f,0f,0f,0f,1f],start_interpolation: 0,interpolation_duration: 0}
$data merge entity $(bone17) {transformation: [-0.0058f,-0.9982f,-0.0603f,0.7337f,0.6816f,-0.048f,0.7302f,0.0275f,-0.7317f,-0.0369f,0.6806f,1.229f,0f,0f,0f,1f],start_interpolation: 0,interpolation_duration: 0}
$data merge entity $(bone16) {transformation: [0.0247f,-0.9982f,-0.0553f,0.7331f,0.2328f,-0.048f,0.9713f,0.0598f,-0.9722f,-0.0369f,0.2312f,1.0858f,0f,0f,0f,1f],start_interpolation: 0,interpolation_duration: 0}
$data merge entity $(bone27) {transformation: [-0.8562f,-0.5129f,-0.0624f,1.179f,-0.0218f,-0.0847f,0.9962f,0.0406f,-0.5162f,0.8542f,0.0614f,1.134f,0f,0f,0f,1f],start_interpolation: 0,interpolation_duration: 0}
$data merge entity $(bone26) {transformation: [-0.8443f,-0.5333f,-0.0523f,1.0448f,-0.0177f,-0.0698f,0.9974f,0.0386f,-0.5356f,0.843f,0.0495f,1.0566f,0f,0f,0f,1f],start_interpolation: 0,interpolation_duration: 0}
$data merge entity $(bone25) {transformation: [-0.8291f,-0.5333f,0.168f,0.8922f,0.241f,-0.0698f,0.968f,0.0803f,-0.5045f,0.843f,0.1864f,0.9687f,0f,0f,0f,1f],start_interpolation: 0,interpolation_duration: 0}
$data merge entity $(bone30) {transformation: [-0.1807f,-0.8711f,0.4567f,0.994f,0.9559f,-0.0461f,0.2902f,-0.1043f,-0.2317f,0.489f,0.841f,1.331f,0f,0f,0f,1f],start_interpolation: 0,interpolation_duration: 0}
$data merge entity $(bone29) {transformation: [-0.3875f,-0.8711f,0.3018f,0.9214f,0.6763f,-0.0461f,0.7352f,0.0291f,-0.6265f,0.489f,0.607f,1.2054f,0f,0f,0f,1f],start_interpolation: 0,interpolation_duration: 0}
$data merge entity $(bone28) {transformation: [-0.4882f,-0.8711f,0.0532f,0.8188f,0.1891f,-0.0461f,0.9809f,0.0655f,-0.852f,0.489f,0.1873f,1.0348f,0f,0f,0f,1f],start_interpolation: 0,interpolation_duration: 0}
$data merge entity $(bone7) {transformation: [0.9639f,-0.0666f,0.2578f,0.6017f,0.0368f,0.9923f,0.1185f,0.9295f,-0.2637f,-0.1047f,0.9589f,0.7218f,0f,0f,0f,1f],start_interpolation: 0,interpolation_duration: 0}
$data merge entity $(bone4) {transformation: [-0.9642f,-0.265f,0.0106f,0.3501f,-0.2463f,0.9099f,0.3339f,1.6199f,-0.0981f,0.3193f,-0.9426f,0.987f,0f,0f,0f,1f],start_interpolation: 0,interpolation_duration: 0}
$data merge entity $(bone62) {transformation: [-0.9105f,0.3692f,0.1865f,-0.4164f,0.4099f,0.7457f,0.5252f,1.537f,0.0548f,0.5546f,-0.8303f,0.9509f,0f,0f,0f,1f],start_interpolation: 0,interpolation_duration: 0}
$data merge entity $(bone63) {transformation: [0.2392f,0.4921f,0.837f,-0.5873f,0.5921f,0.6093f,-0.5274f,1.3799f,-0.7695f,0.6218f,-0.1456f,0.8229f,0f,0f,0f,1f],start_interpolation: 0,interpolation_duration: 0}
$data merge entity $(bone65) {transformation: [-0.0384f,0.1435f,-0.9889f,-0.8451f,0.1585f,0.978f,0.1358f,0.8085f,0.9866f,-0.1515f,-0.0603f,0.628f,0f,0f,0f,1f],start_interpolation: 0,interpolation_duration: 0}
$data merge entity $(bone66) {transformation: [-0.0384f,0.1435f,-0.9889f,-0.9988f,0.1585f,0.978f,0.1358f,0.995f,0.9866f,-0.1515f,-0.0603f,0.5846f,0f,0f,0f,1f],start_interpolation: 0,interpolation_duration: 0}
$data merge entity $(bone67) {transformation: [0.0065f,0.1485f,-0.9889f,-0.8335f,0.4452f,0.8851f,0.1358f,0.7963f,0.8954f,-0.4412f,-0.0603f,0.6017f,0f,0f,0f,1f],start_interpolation: 0,interpolation_duration: 0}
$data merge entity $(bone69) {transformation: [-0.2552f,0.0957f,-0.9621f,-0.9161f,0.3669f,0.9303f,-0.0048f,0.2287f,0.8946f,-0.3542f,-0.2725f,0.7692f,0f,0f,0f,1f],start_interpolation: 0,interpolation_duration: 0}
$data merge entity $(bone72) {transformation: [0.9239f,0.2594f,0.2811f,-0.6326f,-0.3398f,0.2193f,0.9146f,0.1415f,0.1757f,-0.9405f,0.2907f,0.7964f,0f,0f,0f,1f],start_interpolation: 0,interpolation_duration: 0}
$data merge entity $(bone71) {transformation: [0.7401f,0.2594f,0.6205f,-0.727f,-0.6708f,0.2193f,0.7085f,0.2293f,0.0478f,-0.9405f,0.3363f,0.7895f,0f,0f,0f,1f],start_interpolation: 0,interpolation_duration: 0}
$data merge entity $(bone70) {transformation: [0.4832f,0.2594f,0.8362f,-0.7902f,-0.8727f,0.2193f,0.4363f,0.3424f,-0.0701f,-0.9405f,0.3324f,0.795f,0f,0f,0f,1f],start_interpolation: 0,interpolation_duration: 0}
$data merge entity $(bone81) {transformation: [0.1582f,0.9869f,0.0314f,-0.7984f,-0.4449f,0.0429f,0.8945f,-0.0626f,0.8815f,-0.1554f,0.4459f,1.1161f,0f,0f,0f,1f],start_interpolation: 0,interpolation_duration: 0}
$data merge entity $(bone80) {transformation: [0.1277f,0.9869f,0.0984f,-0.8235f,-0.7963f,0.0429f,0.6034f,0.0943f,0.5913f,-0.1554f,0.7914f,0.9996f,0f,0f,0f,1f],start_interpolation: 0,interpolation_duration: 0}
$data merge entity $(bone73) {transformation: [0.159f,0.9869f,0.0268f,-0.8426f,-0.419f,0.0429f,0.907f,0.1544f,0.8939f,-0.1554f,0.4204f,0.8671f,0f,0f,0f,1f],start_interpolation: 0,interpolation_duration: 0}
$data merge entity $(bone84) {transformation: [-0.7137f,0.6937f,0.097f,-1.2553f,0.1104f,-0.0253f,0.9936f,0.0331f,0.6917f,0.7198f,-0.0586f,1.0176f,0f,0f,0f,1f],start_interpolation: 0,interpolation_duration: 0}
$data merge entity $(bone83) {transformation: [-0.6789f,0.7109f,-0.1836f,-1.1458f,-0.2648f,-0.0038f,0.9643f,0.0752f,0.6848f,0.7033f,0.1908f,0.9164f,0f,0f,0f,1f],start_interpolation: 0,interpolation_duration: 0}
$data merge entity $(bone82) {transformation: [-0.6083f,0.7109f,-0.3531f,-1.0321f,-0.5053f,-0.0038f,0.8629f,0.1652f,0.6121f,0.7033f,0.3616f,0.8081f,0f,0f,0f,1f],start_interpolation: 0,interpolation_duration: 0}
$data merge entity $(bone103) {transformation: [-0.289f,0.9512f,-0.1081f,-1.0365f,-0.2991f,0.0175f,0.9541f,-0.0684f,0.9094f,0.3081f,0.2795f,1.1548f,0f,0f,0f,1f],start_interpolation: 0,interpolation_duration: 0}
$data merge entity $(bone102) {transformation: [-0.2132f,0.9512f,-0.2231f,-0.9986f,-0.6844f,0.0175f,0.7289f,0.0663f,0.6973f,0.3081f,0.6472f,1.0161f,0f,0f,0f,1f],start_interpolation: 0,interpolation_duration: 0}
$data merge entity $(bone85) {transformation: [-0.2725f,0.9512f,-0.1448f,-0.9391f,-0.4209f,0.0175f,0.9069f,0.15f,0.8652f,0.3081f,0.3956f,0.8416f,0f,0f,0f,1f],start_interpolation: 0,interpolation_duration: 0}
$data merge entity $(bone64) {transformation: [0.9889f,0.1451f,-0.0321f,-0.7858f,-0.1358f,0.9701f,0.201f,1.1354f,0.0603f,-0.1944f,0.9791f,0.556f,0f,0f,0f,1f],start_interpolation: 0,interpolation_duration: 0}
$data merge entity $(bone61) {transformation: [-0.837f,0.5144f,0.1865f,-0.3501f,0.5274f,0.6678f,0.5252f,1.6199f,0.1456f,0.538f,-0.8303f,0.987f,0f,0f,0f,1f],start_interpolation: 0,interpolation_duration: 0}
$data merge entity $(bone23) {transformation: [-0.7934f,-0.6088f,0f,0.1071f,-0.0886f,0.1155f,0.9893f,1.5429f,-0.6023f,0.7849f,-0.1456f,1.0115f,0f,0f,0f,1f],start_interpolation: 0,interpolation_duration: 0}
$data merge entity $(bone22) {transformation: [-0.7934f,0.6088f,0f,-0.1071f,0.0886f,0.1155f,0.9893f,1.5429f,0.6023f,0.7849f,-0.1456f,1.0115f,0f,0f,0f,1f],start_interpolation: 0,interpolation_duration: 0}
$data merge entity $(bone89) {transformation: [-1f,0.0072f,0.0007f,0.002f,0.0053f,0.6744f,0.7384f,2.2443f,0.0048f,0.7384f,-0.6744f,1.4887f,0f,0f,0f,1f],start_interpolation: 0,interpolation_duration: 0}
$data merge entity $(bone90) {transformation: [-1f,0.0069f,0.0019f,0.0013f,0.0053f,0.5359f,0.8443f,2.1835f,0.0048f,0.8443f,-0.5359f,1.4093f,0f,0f,0f,1f],start_interpolation: 0,interpolation_duration: 0}
$data merge entity $(bone88) {transformation: [-1f,0.0071f,0.0013f,0.0312f,0.0053f,0.6074f,0.7944f,2.0454f,0.0048f,0.7943f,-0.6075f,1.2904f,0f,0f,0f,1f],start_interpolation: 0,interpolation_duration: 0}
$data merge entity $(bone42) {transformation: [-1f,0f,0f,0f,0f,0.7449f,0.6672f,1.7425f,0f,0.6672f,-0.7449f,1.6897f,0f,0f,0f,1f],start_interpolation: 0,interpolation_duration: 0}
$data merge entity $(bone87) {transformation: [-0.9998f,0.0157f,-0.0096f,-0.0044f,0.0026f,0.6355f,0.7721f,1.2807f,0.0182f,0.7719f,-0.6354f,2.2365f,0f,0f,0f,1f],start_interpolation: 0,interpolation_duration: 0}
$data merge entity $(bone86) {transformation: [-1f,0f,0f,0f,0f,0.7179f,0.6961f,1.436f,0f,0.6961f,-0.7179f,2.0693f,0f,0f,0f,1f],start_interpolation: 0,interpolation_duration: 0}
$data merge entity $(bone92) {transformation: [-0.8818f,0.2593f,-0.3939f,0.1194f,-0.0738f,0.7492f,0.6582f,1.8146f,0.4658f,0.6095f,-0.6415f,1.7308f,0f,0f,0f,1f],start_interpolation: 0,interpolation_duration: 0}
$data merge entity $(bone3) {transformation: [-0.8818f,-0.2593f,0.3939f,-0.1194f,0.0738f,0.7492f,0.6582f,1.8146f,-0.4658f,0.6095f,-0.6415f,1.7308f,0f,0f,0f,1f],start_interpolation: 0,interpolation_duration: 0}
$data merge entity $(head) {transformation: [-1f,0f,0f,0f,0f,0.7534f,0.6576f,1.7411f,0f,0.6576f,-0.7534f,1.506f,0f,0f,0f,1f],start_interpolation: 0,interpolation_duration: 0}
$data merge entity $(neck) {transformation: [-1f,0f,0f,0f,0f,0.5575f,0.8302f,1.647f,0f,0.8302f,-0.5575f,1.3659f,0f,0f,0f,1f],start_interpolation: 0,interpolation_duration: 0}
$data merge entity $(bone2) {transformation: [-1f,0f,0f,0f,0f,0.1456f,0.9893f,1.5802f,0f,0.9893f,-0.1456f,1.055f,0f,0f,0f,1f],start_interpolation: 0,interpolation_duration: 0}
$data merge entity $(bone136) {transformation: [-1f,0f,0f,0f,0f,0.1971f,1.0991f,1.559f,0f,0.9804f,-0.221f,0.8595f,0f,0f,0f,1f],start_interpolation: 0,interpolation_duration: 0}
$data merge entity $(bone118) {transformation: [-0.0836f,-0.849f,-0.5218f,0.258f,0.9922f,-0.1194f,0.0353f,1.7203f,-0.0923f,-0.5148f,0.8523f,0.7691f,0f,0f,0f,1f],start_interpolation: 0,interpolation_duration: 0}
$data merge entity $(bone119) {transformation: [-0.1465f,-0.849f,-0.5077f,0.7342f,0.9891f,-0.1194f,-0.0859f,1.7645f,0.0123f,-0.5148f,0.8572f,-0.0381f,0f,0f,0f,1f],start_interpolation: 0,interpolation_duration: 0}
$data merge entity $(bone120) {transformation: [-0.4913f,-0.849f,0.1945f,1.6257f,-0.1803f,-0.1194f,-0.9763f,1.0428f,0.8521f,-0.5148f,-0.0944f,0.6181f,0f,0f,0f,1f],start_interpolation: 0,interpolation_duration: 0}
$data merge entity $(bone121) {transformation: [0f,0f,0f,0.9839f,0f,0f,0f,1.8768f,0f,0f,0f,-0.4643f,0f,0f,0f,1f],start_interpolation: 0,interpolation_duration: 0}
$data merge entity $(bone123) {transformation: [0.0489f,-1.7317f,-1.0619f,0.8913f,1.975f,-0.2079f,0.43f,1.3566f,-0.4752f,-1.0425f,1.6782f,2.4318f,0f,0f,0f,1f],start_interpolation: 0,interpolation_duration: 0}
$data merge entity $(bone124) {transformation: [-0.112f,-0.8522f,-0.511f,0.7281f,0.9936f,-0.1023f,-0.0471f,2.7155f,-0.0121f,-0.5131f,0.8583f,-0.2574f,0f,0f,0f,1f],start_interpolation: 0,interpolation_duration: 0}
$data merge entity $(bone122) {transformation: [-0.3705f,-1.3131f,-0.7159f,0.5527f,1.46f,-0.1577f,-0.4664f,2.7073f,0.3242f,-0.7905f,1.2822f,0.0339f,0f,0f,0f,1f],start_interpolation: 0,interpolation_duration: 0}
$data merge entity $(bone126) {transformation: [0.2783f,-0.8522f,-0.443f,1.136f,0.7417f,-0.1023f,0.6628f,1.9829f,-0.6102f,-0.5131f,0.6037f,-0.7877f,0f,0f,0f,1f],start_interpolation: 0,interpolation_duration: 0}
$data merge entity $(bone127) {transformation: [0.1542f,-0.8522f,-0.4999f,0.7948f,0.888f,-0.1023f,0.4483f,2.3947f,-0.4332f,-0.5131f,0.741f,-0.3042f,0f,0f,0f,1f],start_interpolation: 0,interpolation_duration: 0}
$data merge entity $(bone125) {transformation: [0.0274f,-1.1947f,-0.7329f,0.6289f,1.3651f,-0.1434f,0.2848f,2.5612f,-0.3177f,-0.7193f,1.1606f,-0.0544f,0f,0f,0f,1f],start_interpolation: 0,interpolation_duration: 0}
$data merge entity $(bone129) {transformation: [1.0348f,-1.5893f,-0.1986f,0.4629f,0.0425f,-0.1908f,2.003f,3.8985f,-1.7273f,-0.9568f,-0.0696f,2.6365f,0f,0f,0f,1f],start_interpolation: 0,interpolation_duration: 0}
$data merge entity $(bone130) {transformation: [0.5347f,-0.8522f,-0.1827f,0.8423f,0.1721f,-0.1023f,1.0605f,1.5608f,-0.9225f,-0.5131f,0.0919f,-0.2168f,0f,0f,0f,1f],start_interpolation: 0,interpolation_duration: 0}
$data merge entity $(bone131) {transformation: [0.4579f,-0.8522f,-0.331f,0.6996f,0.4746f,-0.1023f,0.9638f,2.1437f,-0.8553f,-0.5131f,0.3576f,-0.0961f,0f,0f,0f,1f],start_interpolation: 0,interpolation_duration: 0}
$data merge entity $(bone128) {transformation: [0.376f,-0.8985f,-0.462f,0.5934f,0.7463f,-0.1079f,0.852f,2.4498f,-0.7734f,-0.5409f,0.5975f,0.0088f,0f,0f,0f,1f],start_interpolation: 0,interpolation_duration: 0}
$data merge entity $(bone132) {transformation: [-0.2116f,-0.8522f,-0.4784f,0.4711f,0.9643f,-0.1023f,-0.2443f,2.5894f,0.1592f,-0.5131f,0.8435f,0.2068f,0f,0f,0f,1f],start_interpolation: 0,interpolation_duration: 0}
$data merge entity $(bone133) {transformation: [-0.3701f,-1.4468f,-0.7067f,0.5363f,1.6862f,-0.1737f,-0.3608f,2.605f,0.2784f,-0.871f,1.2458f,0.1071f,0f,0f,0f,1f],start_interpolation: 0,interpolation_duration: 0}
$data merge entity $(w5) {transformation: [-0.2116f,-0.8522f,-0.4784f,0.5444f,0.9643f,-0.1023f,-0.2443f,2.5384f,0.1592f,-0.5131f,0.8435f,0.1202f,0f,0f,0f,1f],start_interpolation: 0,interpolation_duration: 0}
$data merge entity $(w2) {transformation: [-0.5141f,-0.849f,-0.1225f,0.7077f,0.4123f,-0.1194f,-0.9032f,1.7801f,0.7521f,-0.5148f,0.4114f,-0.0213f,0f,0f,0f,1f],start_interpolation: 0,interpolation_duration: 0}
$data merge entity $(wing3) {transformation: [-0.0836f,-0.849f,-0.5218f,0.2175f,0.9922f,-0.1194f,0.0353f,1.8235f,-0.0923f,-0.5148f,0.8523f,0.777f,0f,0f,0f,1f],start_interpolation: 0,interpolation_duration: 0}
$data merge entity $(bone104) {transformation: [-0.0836f,0.849f,0.5218f,-0.258f,-0.9922f,-0.1194f,0.0353f,1.7203f,0.0923f,-0.5148f,0.8523f,0.7691f,0f,0f,0f,1f],start_interpolation: 0,interpolation_duration: 0}
$data merge entity $(bone105) {transformation: [-0.1465f,0.849f,0.5077f,-0.7342f,-0.9891f,-0.1194f,-0.0859f,1.7645f,-0.0123f,-0.5148f,0.8572f,-0.0381f,0f,0f,0f,1f],start_interpolation: 0,interpolation_duration: 0}
$data merge entity $(bone106) {transformation: [-0.4913f,0.849f,-0.1945f,-1.6257f,0.1803f,-0.1194f,-0.9763f,1.0428f,-0.8521f,-0.5148f,-0.0944f,0.6181f,0f,0f,0f,1f],start_interpolation: 0,interpolation_duration: 0}
$data merge entity $(bone107) {transformation: [0f,0f,0f,-0.9839f,0f,0f,0f,1.8768f,0f,0f,0f,-0.4643f,0f,0f,0f,1f],start_interpolation: 0,interpolation_duration: 0}
$data merge entity $(bone109) {transformation: [0.0634f,1.7317f,0.9991f,-0.9249f,-1.8096f,-0.2079f,0.37f,1.4636f,0.4662f,-1.0425f,1.5857f,2.3546f,0f,0f,0f,1f],start_interpolation: 0,interpolation_duration: 0}
$data merge entity $(bone110) {transformation: [-0.0971f,0.8522f,0.483f,-0.7185f,-0.9073f,-0.1023f,-0.0546f,2.7188f,0.0196f,-0.5131f,0.8132f,-0.242f,0f,0f,0f,1f],start_interpolation: 0,interpolation_duration: 0}
$data merge entity $(bone108) {transformation: [-0.3371f,1.3131f,0.6801f,-0.5527f,-1.3286f,-0.1577f,-0.4431f,2.7073f,-0.295f,-0.7905f,1.2181f,0.0339f,0f,0f,0f,1f],start_interpolation: 0,interpolation_duration: 0}
$data merge entity $(bone112) {transformation: [0.2783f,0.8522f,0.443f,-1.136f,-0.7417f,-0.1023f,0.6628f,1.9829f,0.6102f,-0.5131f,0.6037f,-0.7877f,0f,0f,0f,1f],start_interpolation: 0,interpolation_duration: 0}
$data merge entity $(bone113) {transformation: [0.1542f,0.8522f,0.4999f,-0.7948f,-0.888f,-0.1023f,0.4483f,2.3947f,0.4332f,-0.5131f,0.741f,-0.3042f,0f,0f,0f,1f],start_interpolation: 0,interpolation_duration: 0}
$data merge entity $(bone111) {transformation: [0.0274f,1.1947f,0.7329f,-0.6289f,-1.3651f,-0.1434f,0.2848f,2.5612f,0.3177f,-0.7193f,1.1606f,-0.0544f,0f,0f,0f,1f],start_interpolation: 0,interpolation_duration: 0}
$data merge entity $(bone115) {transformation: [1.0348f,1.5893f,0.1986f,-0.4629f,-0.0425f,-0.1908f,2.003f,3.8985f,1.7273f,-0.9568f,-0.0696f,2.6365f,0f,0f,0f,1f],start_interpolation: 0,interpolation_duration: 0}
$data merge entity $(bone116) {transformation: [0.5347f,0.8522f,0.1827f,-0.8423f,-0.1721f,-0.1023f,1.0605f,1.5608f,0.9225f,-0.5131f,0.0919f,-0.2168f,0f,0f,0f,1f],start_interpolation: 0,interpolation_duration: 0}
$data merge entity $(bone117) {transformation: [0.4579f,0.8522f,0.331f,-0.6996f,-0.4746f,-0.1023f,0.9638f,2.1437f,0.8553f,-0.5131f,0.3576f,-0.0961f,0f,0f,0f,1f],start_interpolation: 0,interpolation_duration: 0}
$data merge entity $(bone114) {transformation: [0.376f,0.8985f,0.462f,-0.5934f,-0.7463f,-0.1079f,0.852f,2.4498f,0.7734f,-0.5409f,0.5975f,0.0088f,0f,0f,0f,1f],start_interpolation: 0,interpolation_duration: 0}
$data merge entity $(bone134) {transformation: [-0.2116f,0.8522f,0.4784f,-0.4711f,-0.9643f,-0.1023f,-0.2443f,2.5894f,-0.1592f,-0.5131f,0.8435f,0.2068f,0f,0f,0f,1f],start_interpolation: 0,interpolation_duration: 0}
$data merge entity $(bone135) {transformation: [-0.3701f,1.4468f,0.7067f,-0.5363f,-1.6862f,-0.1737f,-0.3608f,2.605f,-0.2784f,-0.871f,1.2458f,0.1071f,0f,0f,0f,1f],start_interpolation: 0,interpolation_duration: 0}
$data merge entity $(w4) {transformation: [-0.2116f,0.8522f,0.4784f,-0.5444f,-0.9643f,-0.1023f,-0.2443f,2.5384f,-0.1592f,-0.5131f,0.8435f,0.1202f,0f,0f,0f,1f],start_interpolation: 0,interpolation_duration: 0}
$data merge entity $(w3) {transformation: [-0.5141f,0.849f,0.1225f,-0.7077f,-0.4123f,-0.1194f,-0.9032f,1.7801f,-0.7521f,-0.5148f,0.4114f,-0.0213f,0f,0f,0f,1f],start_interpolation: 0,interpolation_duration: 0}
$data merge entity $(wing2) {transformation: [-0.0836f,0.849f,0.5218f,-0.2175f,-0.9922f,-0.1194f,0.0353f,1.8235f,0.0923f,-0.5148f,0.8523f,0.777f,0f,0f,0f,1f],start_interpolation: 0,interpolation_duration: 0}
$data merge entity $(bone20) {transformation: [-1f,0f,0f,-0.1563f,0f,-0.1587f,0.9873f,1.5699f,0f,0.9873f,0.1587f,0.3246f,0f,0f,0f,1f],start_interpolation: 0,interpolation_duration: 0}
$data merge entity $(bone101) {transformation: [-1f,0f,0f,0f,0f,-0.4348f,0.9005f,1.1748f,0f,0.9005f,0.4348f,-2.6984f,0f,0f,0f,1f],start_interpolation: 0,interpolation_duration: 0}
$data merge entity $(bone100) {transformation: [-1f,0f,0f,0f,0f,0.2283f,0.9736f,0.735f,0f,0.9736f,-0.2283f,-2.5888f,0f,0f,0f,1f],start_interpolation: 0,interpolation_duration: 0}
$data merge entity $(bone99) {transformation: [-1f,0f,0f,0f,0f,0.5047f,0.8633f,0.298f,0f,0.8633f,-0.5047f,-2.3333f,0f,0f,0f,1f],start_interpolation: 0,interpolation_duration: 0}
$data merge entity $(bone98) {transformation: [-1f,0f,0f,0f,0f,0.8717f,0.4901f,0.056f,0f,0.4901f,-0.8717f,-1.9029f,0f,0f,0f,1f],start_interpolation: 0,interpolation_duration: 0}
$data merge entity $(bone97) {transformation: [-1f,0f,0f,0f,0f,0.9867f,-0.1627f,0.1394f,0f,-0.1627f,-0.9867f,-1.3973f,0f,0f,0f,1f],start_interpolation: 0,interpolation_duration: 0}
$data merge entity $(bone96) {transformation: [-1f,0f,0f,0f,0f,0.8493f,-0.5279f,0.4033f,0f,-0.5279f,-0.8493f,-0.9726f,0f,0f,0f,1f],start_interpolation: 0,interpolation_duration: 0}
$data merge entity $(bone95) {transformation: [-1f,0f,0f,0f,0f,0.6513f,-0.7588f,0.778f,0f,-0.7588f,-0.6513f,-0.651f,0f,0f,0f,1f],start_interpolation: 0,interpolation_duration: 0}
$data merge entity $(bone94) {transformation: [-1f,0f,0f,0f,0f,0.5827f,-0.8127f,1.1793f,0f,-0.8127f,-0.5827f,-0.3634f,0f,0f,0f,1f],start_interpolation: 0,interpolation_duration: 0}
$data merge entity $(bone93) {transformation: [-1f,0f,0f,0f,0f,0.7149f,-0.6992f,1.4437f,0f,-0.6992f,-0.7149f,-0.093f,0f,0f,0f,1f],start_interpolation: 0,interpolation_duration: 0}
$data merge entity $(bone) {transformation: [-1f,0f,0f,0f,0f,0.5373f,0.8434f,1.3514f,0f,0.8434f,-0.5373f,-0.0343f,0f,0f,0f,1f],start_interpolation: 0,interpolation_duration: 0}
$data merge entity $(bone24) {transformation: [-0.9665f,-0.2565f,-0.0002f,0.1031f,-0.2563f,0.9658f,0.0398f,1.2927f,-0.01f,0.0385f,-0.9992f,-0.0355f,0f,0f,0f,1f],start_interpolation: 0,interpolation_duration: 0}
$data merge entity $(bone32) {transformation: [-0.9973f,-0.055f,-0.0492f,0.2293f,-0.069f,0.4593f,0.8856f,0.6215f,-0.0261f,0.8866f,-0.4618f,-0.3046f,0f,0f,0f,1f],start_interpolation: 0,interpolation_duration: 0}
$data merge entity $(bone36) {transformation: [-0.9989f,-0.016f,-0.0431f,0.3369f,-0.0175f,0.9993f,0.0339f,0.297f,0.0425f,0.0346f,-0.9985f,-1.014f,0f,0f,0f,1f],start_interpolation: 0,interpolation_duration: 0}
$data merge entity $(bone35) {transformation: [-0.9989f,0.0077f,-0.0453f,0.2994f,-0.0175f,0.8484f,0.529f,0.4205f,0.0425f,0.5292f,-0.8474f,-0.9302f,0f,0f,0f,1f],start_interpolation: 0,interpolation_duration: 0}
$data merge entity $(bone34) {transformation: [-0.9989f,0.0135f,-0.0439f,0.3019f,-0.0175f,0.7721f,0.6352f,0.4959f,0.0425f,0.6353f,-0.7711f,-0.8709f,0f,0f,0f,1f],start_interpolation: 0,interpolation_duration: 0}
$data merge entity $(bone77) {transformation: [-0.9332f,0.3562f,-0.0483f,0.1063f,0.0218f,-0.078f,-0.9967f,0.0724f,-0.3588f,-0.9311f,0.065f,-0.3566f,0f,0f,0f,1f],start_interpolation: 0,interpolation_duration: 0}
$data merge entity $(bone75) {transformation: [-0.9332f,0.3562f,-0.0483f,0.1689f,0.0218f,-0.078f,-0.9967f,0.0599f,-0.3588f,-0.9311f,0.065f,-0.5315f,0f,0f,0f,1f],start_interpolation: 0,interpolation_duration: 0}
$data merge entity $(bone39) {transformation: [-0.9332f,0.3562f,-0.0483f,0.2309f,0.0218f,-0.078f,-0.9967f,0.0445f,-0.3588f,-0.9311f,0.065f,-0.6899f,0f,0f,0f,1f],start_interpolation: 0,interpolation_duration: 0}
$data merge entity $(bone76) {transformation: [-0.9597f,-0.2804f,-0.0159f,0.4993f,0.0257f,-0.0311f,-0.9992f,0.0522f,0.2797f,-0.9594f,0.0371f,-0.3326f,0f,0f,0f,1f],start_interpolation: 0,interpolation_duration: 0}
$data merge entity $(bone74) {transformation: [-0.9597f,-0.2804f,-0.0159f,0.4826f,0.0257f,-0.0311f,-0.9992f,0.0543f,0.2797f,-0.9594f,0.0371f,-0.5289f,0f,0f,0f,1f],start_interpolation: 0,interpolation_duration: 0}
$data merge entity $(bone40) {transformation: [-0.9597f,-0.2804f,-0.0159f,0.4334f,0.0257f,-0.0311f,-0.9992f,0.047f,0.2797f,-0.9594f,0.0371f,-0.6923f,0f,0f,0f,1f],start_interpolation: 0,interpolation_duration: 0}
$data merge entity $(bone79) {transformation: [-0.9998f,0.0202f,-0.0083f,0.3151f,0.0077f,-0.0314f,-0.9995f,0.0603f,-0.0205f,-0.9993f,0.0312f,-0.2921f,0f,0f,0f,1f],start_interpolation: 0,interpolation_duration: 0}
$data merge entity $(bone78) {transformation: [-0.9998f,0.0202f,-0.0083f,0.3232f,0.0077f,-0.0314f,-0.9995f,0.0559f,-0.0205f,-0.9993f,0.0312f,-0.4927f,0f,0f,0f,1f],start_interpolation: 0,interpolation_duration: 0}
$data merge entity $(bone41) {transformation: [-0.9998f,0.0202f,-0.0083f,0.3259f,0.0077f,-0.0314f,-0.9995f,0.0476f,-0.0205f,-0.9993f,0.0312f,-0.6918f,0f,0f,0f,1f],start_interpolation: 0,interpolation_duration: 0}
$data merge entity $(bone38) {transformation: [-1f,0.004f,-0.0064f,0.3384f,0.0061f,0.9237f,-0.383f,0.3093f,0.0044f,-0.3831f,-0.9237f,-0.7767f,0f,0f,0f,1f],start_interpolation: 0,interpolation_duration: 0}
$data merge entity $(bone33) {transformation: [-0.9996f,-0.0229f,-0.0191f,0.322f,-0.0296f,0.8479f,0.5293f,0.5341f,0.0041f,0.5296f,-0.8482f,-0.6356f,0f,0f,0f,1f],start_interpolation: 0,interpolation_duration: 0}
$data merge entity $(bone31) {transformation: [-0.9973f,-0.0461f,-0.0576f,0.2786f,-0.069f,0.3068f,0.9493f,0.6727f,-0.0261f,0.9506f,-0.3092f,0.2174f,0f,0f,0f,1f],start_interpolation: 0,interpolation_duration: 0}
$data merge entity $(bone19) {transformation: [-0.9852f,-0.1669f,0.0383f,0.1713f,-0.1711f,0.9682f,-0.1826f,1.3003f,-0.0066f,-0.1865f,-0.9824f,-0.0343f,0f,0f,0f,1f],start_interpolation: 0,interpolation_duration: 0}
$data merge entity $(bone44) {transformation: [-0.7987f,0.5181f,0.3062f,-0.1115f,0.1763f,0.6879f,-0.704f,1.2946f,-0.5754f,-0.5083f,-0.6408f,-0.001f,0f,0f,0f,1f],start_interpolation: 0,interpolation_duration: 0}
$data merge entity $(bone46) {transformation: [-0.8888f,-0.2355f,0.393f,-0.2848f,0.0602f,0.7903f,0.6098f,0.7907f,-0.4542f,0.5657f,-0.6882f,0.1116f,0f,0f,0f,1f],start_interpolation: 0,interpolation_duration: 0}
$data merge entity $(bone50) {transformation: [-0.8706f,-0.1256f,0.4757f,-0.0724f,0.0241f,0.9549f,0.2961f,0.3294f,-0.4915f,0.2692f,-0.8282f,-0.5386f,0f,0f,0f,1f],start_interpolation: 0,interpolation_duration: 0}
$data merge entity $(bone49) {transformation: [-0.8706f,-0.3466f,0.3492f,-0.0915f,0.0241f,0.6789f,0.7339f,0.4266f,-0.4915f,0.6473f,-0.5827f,-0.4209f,0f,0f,0f,1f],start_interpolation: 0,interpolation_duration: 0}
$data merge entity $(bone48) {transformation: [-0.8706f,-0.3892f,0.301f,-0.1294f,0.0241f,0.5773f,0.8162f,0.4837f,-0.4915f,0.7178f,-0.4932f,-0.3536f,0f,0f,0f,1f],start_interpolation: 0,interpolation_duration: 0}
$data merge entity $(bone54) {transformation: [-0.9804f,0.1965f,0.0154f,-0.2538f,-0.0223f,-0.0331f,-0.9992f,0.0648f,-0.1958f,-0.98f,0.0368f,0.2183f,0f,0f,0f,1f],start_interpolation: 0,interpolation_duration: 0}
$data merge entity $(bone53) {transformation: [-0.9804f,0.1965f,0.0154f,-0.2134f,-0.0223f,-0.0331f,-0.9992f,0.0608f,-0.1958f,-0.98f,0.0368f,0.0366f,0f,0f,0f,1f],start_interpolation: 0,interpolation_duration: 0}
$data merge entity $(bone52) {transformation: [-0.9804f,0.1965f,0.0154f,-0.1811f,-0.0223f,-0.0331f,-0.9992f,0.053f,-0.1958f,-0.98f,0.0368f,-0.1309f,0f,0f,0f,1f],start_interpolation: 0,interpolation_duration: 0}
$data merge entity $(bone57) {transformation: [-0.7274f,0.6861f,0.0114f,-0.5819f,-0.018f,-0.0025f,-0.9998f,0.0601f,-0.686f,-0.7275f,0.0142f,0.065f,0f,0f,0f,1f],start_interpolation: 0,interpolation_duration: 0}
$data merge entity $(bone56) {transformation: [-0.7274f,0.6861f,0.0114f,-0.4779f,-0.018f,-0.0025f,-0.9998f,0.0681f,-0.686f,-0.7275f,0.0142f,-0.1022f,0f,0f,0f,1f],start_interpolation: 0,interpolation_duration: 0}
$data merge entity $(bone55) {transformation: [-0.7274f,0.6861f,0.0114f,-0.3597f,-0.018f,-0.0025f,-0.9998f,0.0656f,-0.686f,-0.7275f,0.0142f,-0.2255f,0f,0f,0f,1f],start_interpolation: 0,interpolation_duration: 0}
$data merge entity $(bone60) {transformation: [-0.8802f,0.4739f,-0.0258f,-0.4516f,0.0127f,-0.0307f,-0.9994f,0.0732f,-0.4744f,-0.8801f,0.021f,0.1773f,0f,0f,0f,1f],start_interpolation: 0,interpolation_duration: 0}
$data merge entity $(bone59) {transformation: [-0.8802f,0.4739f,-0.0258f,-0.3599f,0.0127f,-0.0307f,-0.9994f,0.0691f,-0.4744f,-0.8801f,0.021f,-0.0013f,0f,0f,0f,1f],start_interpolation: 0,interpolation_duration: 0}
$data merge entity $(bone58) {transformation: [-0.8802f,0.4739f,-0.0258f,-0.2644f,0.0127f,-0.0307f,-0.9994f,0.0609f,-0.4744f,-0.8801f,0.021f,-0.176f,0f,0f,0f,1f],start_interpolation: 0,interpolation_duration: 0}
$data merge entity $(bone51) {transformation: [-0.8866f,0.2176f,0.408f,-0.2236f,0.044f,0.9181f,-0.394f,0.3218f,-0.4603f,-0.3314f,-0.8236f,-0.254f,0f,0f,0f,1f],start_interpolation: 0,interpolation_duration: 0}
$data merge entity $(bone47) {transformation: [-0.8866f,-0.1191f,0.4468f,-0.2463f,0.044f,0.9401f,0.338f,0.5711f,-0.4603f,0.3193f,-0.8283f,-0.1641f,0f,0f,0f,1f],start_interpolation: 0,interpolation_duration: 0}
$data merge entity $(bone45) {transformation: [-0.8888f,-0.2972f,0.3488f,-0.5356f,0.0602f,0.6788f,0.7319f,1.0561f,-0.4542f,0.6715f,-0.5854f,0.4914f,0f,0f,0f,1f],start_interpolation: 0,interpolation_duration: 0}
$data merge entity $(bone43) {transformation: [-0.8408f,0.5039f,0.1979f,-0.1713f,0.1157f,0.5243f,-0.8436f,1.3003f,-0.5289f,-0.6864f,-0.4991f,-0.0343f,0f,0f,0f,1f],start_interpolation: 0,interpolation_duration: 0}