# This file was generated by Animated Java via MC-Build. It is not recommended to edit this file directly.
$data merge entity $(bone5) {transformation: [-0.9947f,-0.1024f,0.0006f,0.3852f,-0.0946f,0.9209f,0.378f,1.4462f,-0.0392f,0.376f,-0.9258f,0.9725f,0f,0f,0f,1f],start_interpolation: 0,interpolation_duration: 0}
$data merge entity $(bone6) {transformation: [0.0272f,-0.2638f,-0.9642f,0.4947f,-0.4693f,0.8483f,-0.2453f,1.2197f,0.8826f,0.4591f,-0.1007f,0.8888f,0f,0f,0f,1f],start_interpolation: 0,interpolation_duration: 0}
$data merge entity $(bone8) {transformation: [-0.2632f,-0.0694f,0.9623f,0.6403f,-0.1105f,0.993f,0.0414f,0.5415f,-0.9584f,-0.0954f,-0.269f,0.7379f,0f,0f,0f,1f],start_interpolation: 0,interpolation_duration: 0}
$data merge entity $(bone9) {transformation: [-0.2632f,-0.0694f,0.9623f,0.7999f,-0.1105f,0.993f,0.0414f,0.7139f,-0.9584f,-0.0954f,-0.269f,0.6666f,0f,0f,0f,1f],start_interpolation: 0,interpolation_duration: 0}
$data merge entity $(bone10) {transformation: [-0.2301f,-0.1453f,0.9623f,0.6222f,-0.4039f,0.9138f,0.0414f,0.5316f,-0.8854f,-0.3792f,-0.269f,0.7145f,0f,0f,0f,1f],start_interpolation: 0,interpolation_duration: 0}
$data merge entity $(bone12) {transformation: [-0.1647f,-0.5281f,0.8331f,0.7711f,-0.9159f,0.3954f,0.0696f,0.0372f,-0.3662f,-0.7515f,-0.5488f,0.9422f,0f,0f,0f,1f],start_interpolation: 0,interpolation_duration: 0}
$data merge entity $(bone15) {transformation: [0.9841f,-0.0994f,0.1473f,0.37f,-0.1674f,-0.2398f,0.9563f,0.0339f,-0.0598f,-0.9657f,-0.2526f,0.9894f,0f,0f,0f,1f],start_interpolation: 0,interpolation_duration: 0}
$data merge entity $(bone14) {transformation: [0.9866f,-0.0994f,-0.1296f,0.4971f,0.1026f,-0.2398f,0.9654f,0.0481f,-0.1271f,-0.9657f,-0.2264f,0.9715f,0f,0f,0f,1f],start_interpolation: 0,interpolation_duration: 0}
$data merge entity $(bone13) {transformation: [0.8827f,-0.0994f,-0.4592f,0.6119f,0.4266f,-0.2398f,0.8721f,0.1011f,-0.1968f,-0.9657f,-0.1693f,0.9432f,0f,0f,0f,1f],start_interpolation: 0,interpolation_duration: 0}
$data merge entity $(bone18) {transformation: [-0.057f,-0.9976f,-0.0381f,0.7516f,0.5708f,-0.0013f,-0.8211f,-0.2877f,0.8191f,-0.0685f,0.5695f,1.1039f,0f,0f,0f,1f],start_interpolation: 0,interpolation_duration: 0}
$data merge entity $(bone17) {transformation: [-0.0192f,-0.9976f,-0.0658f,0.7478f,0.965f,-0.0013f,-0.2621f,-0.0976f,0.2614f,-0.0685f,0.9628f,1.1554f,0f,0f,0f,1f],start_interpolation: 0,interpolation_duration: 0}
$data merge entity $(bone16) {transformation: [0.0317f,-0.9976f,-0.0607f,0.7482f,0.8775f,-0.0013f,0.4796f,0.0303f,-0.4785f,-0.0685f,0.8754f,1.0834f,0f,0f,0f,1f],start_interpolation: 0,interpolation_duration: 0}
$data merge entity $(bone27) {transformation: [-0.8392f,-0.5357f,-0.0936f,1.1893f,-0.0849f,-0.0409f,0.9956f,0.0298f,-0.5371f,0.8434f,-0.0111f,1.1405f,0f,0f,0f,1f],start_interpolation: 0,interpolation_duration: 0}
$data merge entity $(bone26) {transformation: [-0.8269f,-0.5562f,-0.0832f,1.0576f,-0.0818f,-0.0274f,0.9963f,0.0181f,-0.5564f,0.8306f,-0.0228f,1.0597f,0f,0f,0f,1f],start_interpolation: 0,interpolation_duration: 0}
$data merge entity $(bone25) {transformation: [-0.8202f,-0.5562f,0.1337f,0.9066f,0.1789f,-0.0274f,0.9835f,0.0487f,-0.5434f,0.8306f,0.122f,0.9647f,0f,0f,0f,1f],start_interpolation: 0,interpolation_duration: 0}
$data merge entity $(bone30) {transformation: [0.2111f,-0.8765f,0.4327f,0.9062f,0.8606f,-0.0433f,-0.5075f,-0.3218f,0.4635f,0.4795f,0.7451f,1.1321f,0f,0f,0f,1f],start_interpolation: 0,interpolation_duration: 0}
$data merge entity $(bone29) {transformation: [-0.0377f,-0.8765f,0.48f,0.9025f,0.9991f,-0.0433f,-0.0005f,-0.1248f,0.0212f,0.4795f,0.8773f,1.1342f,0f,0f,0f,1f],start_interpolation: 0,interpolation_duration: 0}
$data merge entity $(bone28) {transformation: [-0.3184f,-0.8765f,0.3612f,0.8337f,0.7992f,-0.0433f,0.5994f,0.0358f,-0.5098f,0.4795f,0.7143f,1.0319f,0f,0f,0f,1f],start_interpolation: 0,interpolation_duration: 0}
$data merge entity $(bone7) {transformation: [0.9623f,-0.0808f,0.2599f,0.6016f,0.0414f,0.9873f,0.1537f,0.8754f,-0.269f,-0.1371f,0.9533f,0.6877f,0f,0f,0f,1f],start_interpolation: 0,interpolation_duration: 0}
$data merge entity $(bone4) {transformation: [-0.9642f,-0.2652f,0.0006f,0.3501f,-0.2453f,0.8927f,0.378f,1.5515f,-0.1007f,0.3644f,-0.9258f,0.9875f,0f,0f,0f,1f],start_interpolation: 0,interpolation_duration: 0}
$data merge entity $(bone62) {transformation: [-0.9133f,0.3394f,0.2251f,-0.4143f,0.4054f,0.7043f,0.5828f,1.4714f,0.0393f,0.6235f,-0.7808f,0.9424f,0f,0f,0f,1f],start_interpolation: 0,interpolation_duration: 0}
$data merge entity $(bone63) {transformation: [0.2746f,0.4593f,0.8448f,-0.5782f,0.6452f,0.5634f,-0.5161f,1.3239f,-0.713f,0.6868f,-0.1416f,0.7954f,0f,0f,0f,1f],start_interpolation: 0,interpolation_duration: 0}
$data merge entity $(bone65) {transformation: [-0.0659f,0.1583f,-0.9852f,-0.8277f,0.2223f,0.9648f,0.1402f,0.7781f,0.9727f,-0.2098f,-0.0988f,0.5935f,0f,0f,0f,1f],start_interpolation: 0,interpolation_duration: 0}
$data merge entity $(bone66) {transformation: [-0.0659f,0.1583f,-0.9852f,-0.978f,0.2223f,0.9648f,0.1402f,0.9627f,0.9727f,-0.2098f,-0.0988f,0.5336f,0f,0f,0f,1f],start_interpolation: 0,interpolation_duration: 0}
$data merge entity $(bone67) {transformation: [-0.0152f,0.1708f,-0.9852f,-0.8154f,0.5022f,0.8533f,0.1402f,0.764f,0.8646f,-0.4926f,-0.0988f,0.5685f,0f,0f,0f,1f],start_interpolation: 0,interpolation_duration: 0}
$data merge entity $(bone69) {transformation: [-0.2805f,0.1086f,-0.9537f,-0.9075f,0.4023f,0.9154f,-0.0141f,0.2079f,0.8714f,-0.3876f,-0.3005f,0.7652f,0f,0f,0f,1f],start_interpolation: 0,interpolation_duration: 0}
$data merge entity $(bone72) {transformation: [0.9376f,0.2878f,0.1953f,-0.6252f,-0.2537f,0.1815f,0.9501f,0.1214f,0.2379f,-0.9403f,0.2432f,0.8042f,0f,0f,0f,1f],start_interpolation: 0,interpolation_duration: 0}
$data merge entity $(bone71) {transformation: [0.7365f,0.2878f,0.6121f,-0.7191f,-0.6695f,0.1815f,0.7203f,0.209f,0.0961f,-0.9403f,0.3264f,0.791f,0f,0f,0f,1f],start_interpolation: 0,interpolation_duration: 0}
$data merge entity $(bone70) {transformation: [0.4828f,0.2878f,0.8271f,-0.7821f,-0.8755f,0.1815f,0.4478f,0.3223f,-0.0213f,-0.9403f,0.3396f,0.7902f,0f,0f,0f,1f],start_interpolation: 0,interpolation_duration: 0}
$data merge entity $(bone81) {transformation: [0.0015f,0.9891f,0.1473f,-0.8183f,-0.997f,0.013f,-0.0769f,-0.1766f,-0.078f,-0.1468f,0.9861f,0.9972f,0f,0f,0f,1f],start_interpolation: 0,interpolation_duration: 0}
$data merge entity $(bone80) {transformation: [0.0511f,0.9891f,0.1382f,-0.8283f,-0.9644f,0.013f,0.2642f,0.0134f,0.2595f,-0.1468f,0.9545f,0.946f,0f,0f,0f,1f],start_interpolation: 0,interpolation_duration: 0}
$data merge entity $(bone73) {transformation: [0.088f,0.9891f,0.1182f,-0.8372f,-0.851f,0.013f,0.525f,0.1374f,0.5177f,-0.1468f,0.8429f,0.8681f,0f,0f,0f,1f],start_interpolation: 0,interpolation_duration: 0}
$data merge entity $(bone84) {transformation: [-0.7109f,0.6937f,0.1156f,-1.2516f,0.1415f,-0.0199f,0.9897f,0.0289f,0.6889f,0.7199f,-0.084f,1.0174f,0f,0f,0f,1f],start_interpolation: 0,interpolation_duration: 0}
$data merge entity $(bone83) {transformation: [-0.6858f,0.7114f,-0.1537f,-1.141f,-0.2183f,0.0004f,0.9759f,0.0638f,0.6943f,0.7028f,0.155f,0.9146f,0f,0f,0f,1f],start_interpolation: 0,interpolation_duration: 0}
$data merge entity $(bone82) {transformation: [-0.6227f,0.7114f,-0.3259f,-1.0247f,-0.4634f,0.0004f,0.8861f,0.1462f,0.6305f,0.7028f,0.3294f,0.803f,0f,0f,0f,1f],start_interpolation: 0,interpolation_duration: 0}
$data merge entity $(bone103) {transformation: [-0.0507f,0.9481f,-0.314f,-1.0101f,-0.9906f,-0.0077f,0.1367f,-0.1869f,0.1272f,0.318f,0.9395f,1.0624f,0f,0f,0f,1f],start_interpolation: 0,interpolation_duration: 0}
$data merge entity $(bone102) {transformation: [-0.1632f,0.9481f,-0.273f,-0.982f,-0.8698f,-0.0077f,0.4933f,-0.0154f,0.4656f,0.318f,0.8259f,0.9693f,0f,0f,0f,1f],start_interpolation: 0,interpolation_duration: 0}
$data merge entity $(bone85) {transformation: [-0.2208f,0.9481f,-0.2289f,-0.9328f,-0.7354f,-0.0077f,0.6776f,0.1322f,0.6406f,0.318f,0.6989f,0.8399f,0f,0f,0f,1f],start_interpolation: 0,interpolation_duration: 0}
$data merge entity $(bone64) {transformation: [0.9852f,0.161f,-0.0589f,-0.7628f,-0.1402f,0.9542f,0.2642f,1.0991f,0.0988f,-0.252f,0.9627f,0.5025f,0f,0f,0f,1f],start_interpolation: 0,interpolation_duration: 0}
$data merge entity $(bone61) {transformation: [-0.8448f,0.4855f,0.2251f,-0.3501f,0.5161f,0.6277f,0.5828f,1.5515f,0.1416f,0.6085f,-0.7808f,0.9875f,0f,0f,0f,1f],start_interpolation: 0,interpolation_duration: 0}
$data merge entity $(bone23) {transformation: [-0.7934f,-0.6088f,0f,0.1071f,-0.0822f,0.1071f,0.9908f,1.4743f,-0.6032f,0.7861f,-0.135f,1.0111f,0f,0f,0f,1f],start_interpolation: 0,interpolation_duration: 0}
$data merge entity $(bone22) {transformation: [-0.7934f,0.6088f,0f,-0.1071f,0.0822f,0.1071f,0.9908f,1.4743f,0.6032f,0.7861f,-0.135f,1.0111f,0f,0f,0f,1f],start_interpolation: 0,interpolation_duration: 0}
$data merge entity $(bone89) {transformation: [-1f,0.0072f,0.0007f,0.002f,0.0058f,0.7488f,0.6628f,2.1815f,0.0042f,0.6628f,-0.7488f,1.4255f,0f,0f,0f,1f],start_interpolation: 0,interpolation_duration: 0}
$data merge entity $(bone90) {transformation: [-1f,0.0069f,0.0019f,0.0013f,0.0058f,0.6223f,0.7828f,2.1127f,0.0042f,0.7828f,-0.6223f,1.353f,0f,0f,0f,1f],start_interpolation: 0,interpolation_duration: 0}
$data merge entity $(bone88) {transformation: [-1f,0.0071f,0.0013f,0.0312f,0.0058f,0.6881f,0.7256f,1.9628f,0.0042f,0.7256f,-0.6882f,1.2494f,0f,0f,0f,1f],start_interpolation: 0,interpolation_duration: 0}
$data merge entity $(bone42) {transformation: [-1f,0f,0f,0f,0f,0.7279f,0.6857f,1.7039f,0f,0.6857f,-0.7279f,1.6785f,0f,0f,0f,1f],start_interpolation: 0,interpolation_duration: 0}
$data merge entity $(bone87) {transformation: [-0.9998f,0.0157f,-0.0096f,-0.0044f,0.0045f,0.7137f,0.7005f,1.3026f,0.0178f,0.7003f,-0.7136f,2.2712f,0f,0f,0f,1f],start_interpolation: 0,interpolation_duration: 0}
$data merge entity $(bone86) {transformation: [-1f,0f,0f,0f,0f,0.7876f,0.6162f,1.4393f,0f,0.6162f,-0.7876f,2.0884f,0f,0f,0f,1f],start_interpolation: 0,interpolation_duration: 0}
$data merge entity $(bone92) {transformation: [-0.8818f,0.2593f,-0.3939f,0.1194f,-0.024f,0.8095f,0.5866f,1.78f,0.471f,0.5267f,-0.7076f,1.7118f,0f,0f,0f,1f],start_interpolation: 0,interpolation_duration: 0}
$data merge entity $(bone3) {transformation: [-0.8818f,-0.2593f,0.3939f,-0.1194f,0.024f,0.8095f,0.5866f,1.78f,-0.471f,0.5267f,-0.7076f,1.7118f,0f,0f,0f,1f],start_interpolation: 0,interpolation_duration: 0}
$data merge entity $(head) {transformation: [-1f,0f,0f,0f,0f,0.8188f,0.5741f,1.683f,0f,0.5741f,-0.8188f,1.496f,0f,0f,0f,1f],start_interpolation: 0,interpolation_duration: 0}
$data merge entity $(neck) {transformation: [-1f,0f,0f,0f,0f,0.6423f,0.7665f,1.5746f,0f,0.7665f,-0.6423f,1.3666f,0f,0f,0f,1f],start_interpolation: 0,interpolation_duration: 0}
$data merge entity $(bone2) {transformation: [-1f,0f,0f,0f,0f,0.135f,0.9908f,1.5111f,0f,0.9908f,-0.135f,1.0551f,0f,0f,0f,1f],start_interpolation: 0,interpolation_duration: 0}
$data merge entity $(bone136) {transformation: [-1f,0f,0f,0f,0f,0.1867f,0.9875f,1.492f,0f,0.9824f,-0.1877f,0.8593f,0f,0f,0f,1f],start_interpolation: 0,interpolation_duration: 0}
$data merge entity $(bone118) {transformation: [-0.07f,-0.849f,-0.5237f,0.2566f,0.9921f,-0.114f,0.0522f,1.6536f,-0.1041f,-0.516f,0.8503f,0.7731f,0f,0f,0f,1f],start_interpolation: 0,interpolation_duration: 0}
$data merge entity $(bone119) {transformation: [-0.1333f,-0.849f,-0.5113f,0.7357f,0.9911f,-0.114f,-0.069f,1.6819f,0.0003f,-0.516f,0.8566f,-0.0331f,0f,0f,0f,1f],start_interpolation: 0,interpolation_duration: 0}
$data merge entity $(bone120) {transformation: [-0.4962f,-0.849f,0.1817f,1.6156f,-0.1637f,-0.114f,-0.9799f,0.956f,0.8526f,-0.516f,-0.0824f,0.6342f,0f,0f,0f,1f],start_interpolation: 0,interpolation_duration: 0}
$data merge entity $(bone121) {transformation: [0f,0f,0f,0.9881f,0f,0f,0f,1.7859f,0f,0f,0f,-0.4598f,0f,0f,0f,1f],start_interpolation: 0,interpolation_duration: 0}
$data merge entity $(bone123) {transformation: [0.0107f,-1.7313f,-1.0636f,0.9329f,1.9935f,-0.1968f,0.3404f,1.1904f,-0.3931f,-1.0453f,1.6975f,2.3753f,0f,0f,0f,1f],start_interpolation: 0,interpolation_duration: 0}
$data merge entity $(bone124) {transformation: [-0.1304f,-0.852f,-0.507f,0.7349f,0.991f,-0.0969f,-0.0921f,2.6561f,0.0294f,-0.5144f,0.857f,-0.2549f,0f,0f,0f,1f],start_interpolation: 0,interpolation_duration: 0}
$data merge entity $(bone122) {transformation: [-0.3962f,-1.3128f,-0.7025f,0.5608f,1.4382f,-0.1492f,-0.5323f,2.6325f,0.3855f,-0.7926f,1.2638f,0.0364f,0f,0f,0f,1f],start_interpolation: 0,interpolation_duration: 0}
$data merge entity $(bone126) {transformation: [0.2623f,-0.852f,-0.453f,1.1543f,0.7714f,-0.0969f,0.6289f,1.9538f,-0.5798f,-0.5144f,0.6318f,-0.8161f,0f,0f,0f,1f],start_interpolation: 0,interpolation_duration: 0}
$data merge entity $(bone127) {transformation: [0.1362f,-0.852f,-0.5055f,0.8074f,0.9079f,-0.0969f,0.4079f,2.3388f,-0.3965f,-0.5144f,0.7604f,-0.3151f,0f,0f,0f,1f],start_interpolation: 0,interpolation_duration: 0}
$data merge entity $(bone125) {transformation: [0.001f,-1.1945f,-0.7339f,0.6393f,1.3774f,-0.1358f,0.2229f,2.4916f,-0.261f,-0.7212f,1.1735f,-0.0582f,0f,0f,0f,1f],start_interpolation: 0,interpolation_duration: 0}
$data merge entity $(bone129) {transformation: [1.0276f,-1.5889f,-0.2358f,0.4583f,0.1332f,-0.1806f,2.0001f,3.7132f,-1.727f,-0.9594f,0.0139f,2.6863f,0f,0f,0f,1f],start_interpolation: 0,interpolation_duration: 0}
$data merge entity $(bone130) {transformation: [0.5281f,-0.852f,-0.2019f,0.8706f,0.22f,-0.0969f,1.0522f,1.503f,-0.916f,-0.5144f,0.1363f,-0.2625f,0f,0f,0f,1f],start_interpolation: 0,interpolation_duration: 0}
$data merge entity $(bone131) {transformation: [0.446f,-0.852f,-0.3475f,0.7176f,0.518f,-0.0969f,0.9419f,2.0777f,-0.8362f,-0.5144f,0.3981f,-0.1173f,0f,0f,0f,1f],start_interpolation: 0,interpolation_duration: 0}
$data merge entity $(bone128) {transformation: [0.3593f,-0.8983f,-0.4755f,0.6061f,0.7845f,-0.1021f,0.8178f,2.3771f,-0.7429f,-0.5424f,0.6336f,0.0005f,0f,0f,0f,1f],start_interpolation: 0,interpolation_duration: 0}
$data merge entity $(bone132) {transformation: [-0.2288f,-0.852f,-0.4708f,0.482f,0.9528f,-0.0969f,-0.2878f,2.5061f,0.1996f,-0.5144f,0.834f,0.2045f,0f,0f,0f,1f],start_interpolation: 0,interpolation_duration: 0}
$data merge entity $(bone133) {transformation: [-0.4002f,-1.4465f,-0.6954f,0.5465f,1.666f,-0.1644f,-0.4251f,2.5271f,0.3491f,-0.8734f,1.2318f,0.1053f,0f,0f,0f,1f],start_interpolation: 0,interpolation_duration: 0}
$data merge entity $(w5) {transformation: [-0.2288f,-0.852f,-0.4708f,0.5558f,0.9528f,-0.0969f,-0.2878f,2.4601f,0.1996f,-0.5144f,0.834f,0.1156f,0f,0f,0f,1f],start_interpolation: 0,interpolation_duration: 0}
$data merge entity $(w2) {transformation: [-0.5107f,-0.849f,-0.1358f,0.7094f,0.4279f,-0.114f,-0.8966f,1.6981f,0.7457f,-0.516f,0.4215f,-0.0166f,0f,0f,0f,1f],start_interpolation: 0,interpolation_duration: 0}
$data merge entity $(wing3) {transformation: [-0.07f,-0.849f,-0.5237f,0.2175f,0.9921f,-0.114f,0.0522f,1.7574f,-0.1041f,-0.516f,0.8503f,0.7796f,0f,0f,0f,1f],start_interpolation: 0,interpolation_duration: 0}
$data merge entity $(bone104) {transformation: [-0.07f,0.849f,0.5237f,-0.2566f,-0.9921f,-0.114f,0.0522f,1.6536f,0.1041f,-0.516f,0.8503f,0.7731f,0f,0f,0f,1f],start_interpolation: 0,interpolation_duration: 0}
$data merge entity $(bone105) {transformation: [-0.1333f,0.849f,0.5113f,-0.7357f,-0.9911f,-0.114f,-0.069f,1.6819f,-0.0003f,-0.516f,0.8566f,-0.0331f,0f,0f,0f,1f],start_interpolation: 0,interpolation_duration: 0}
$data merge entity $(bone106) {transformation: [-0.4962f,0.849f,-0.1817f,-1.6156f,0.1637f,-0.114f,-0.9799f,0.956f,-0.8526f,-0.516f,-0.0824f,0.6342f,0f,0f,0f,1f],start_interpolation: 0,interpolation_duration: 0}
$data merge entity $(bone107) {transformation: [0f,0f,0f,-0.9881f,0f,0f,0f,1.7859f,0f,0f,0f,-0.4598f,0f,0f,0f,1f],start_interpolation: 0,interpolation_duration: 0}
$data merge entity $(bone109) {transformation: [0.0283f,1.7313f,1f,-0.9643f,-1.8282f,-0.1968f,0.2855f,1.3012f,0.3911f,-1.0453f,1.6025f,2.3025f,0f,0f,0f,1f],start_interpolation: 0,interpolation_duration: 0}
$data merge entity $(bone110) {transformation: [-0.1139f,0.852f,0.479f,-0.7253f,-0.9054f,-0.0969f,-0.0971f,2.6585f,-0.0182f,-0.5144f,0.8116f,-0.2393f,0f,0f,0f,1f],start_interpolation: 0,interpolation_duration: 0}
$data merge entity $(bone108) {transformation: [-0.3606f,1.3128f,0.6674f,-0.5608f,-1.3088f,-0.1492f,-0.5056f,2.6325f,-0.3508f,-0.7926f,1.2006f,0.0364f,0f,0f,0f,1f],start_interpolation: 0,interpolation_duration: 0}
$data merge entity $(bone112) {transformation: [0.2623f,0.852f,0.453f,-1.1543f,-0.7714f,-0.0969f,0.6289f,1.9538f,0.5798f,-0.5144f,0.6318f,-0.8161f,0f,0f,0f,1f],start_interpolation: 0,interpolation_duration: 0}
$data merge entity $(bone113) {transformation: [0.1362f,0.852f,0.5055f,-0.8074f,-0.9079f,-0.0969f,0.4079f,2.3388f,0.3965f,-0.5144f,0.7604f,-0.3151f,0f,0f,0f,1f],start_interpolation: 0,interpolation_duration: 0}
$data merge entity $(bone111) {transformation: [0.001f,1.1945f,0.7339f,-0.6393f,-1.3774f,-0.1358f,0.2229f,2.4916f,0.261f,-0.7212f,1.1735f,-0.0582f,0f,0f,0f,1f],start_interpolation: 0,interpolation_duration: 0}
$data merge entity $(bone115) {transformation: [1.0276f,1.5889f,0.2358f,-0.4583f,-0.1332f,-0.1806f,2.0001f,3.7132f,1.727f,-0.9594f,0.0139f,2.6863f,0f,0f,0f,1f],start_interpolation: 0,interpolation_duration: 0}
$data merge entity $(bone116) {transformation: [0.5281f,0.852f,0.2019f,-0.8706f,-0.22f,-0.0969f,1.0522f,1.503f,0.916f,-0.5144f,0.1363f,-0.2625f,0f,0f,0f,1f],start_interpolation: 0,interpolation_duration: 0}
$data merge entity $(bone117) {transformation: [0.446f,0.852f,0.3475f,-0.7176f,-0.518f,-0.0969f,0.9419f,2.0777f,0.8362f,-0.5144f,0.3981f,-0.1173f,0f,0f,0f,1f],start_interpolation: 0,interpolation_duration: 0}
$data merge entity $(bone114) {transformation: [0.3593f,0.8983f,0.4755f,-0.6061f,-0.7845f,-0.1021f,0.8178f,2.3771f,0.7429f,-0.5424f,0.6336f,0.0005f,0f,0f,0f,1f],start_interpolation: 0,interpolation_duration: 0}
$data merge entity $(bone134) {transformation: [-0.2288f,0.852f,0.4708f,-0.482f,-0.9528f,-0.0969f,-0.2878f,2.5061f,-0.1996f,-0.5144f,0.834f,0.2045f,0f,0f,0f,1f],start_interpolation: 0,interpolation_duration: 0}
$data merge entity $(bone135) {transformation: [-0.4002f,1.4465f,0.6954f,-0.5465f,-1.666f,-0.1644f,-0.4251f,2.5271f,-0.3491f,-0.8734f,1.2318f,0.1053f,0f,0f,0f,1f],start_interpolation: 0,interpolation_duration: 0}
$data merge entity $(w4) {transformation: [-0.2288f,0.852f,0.4708f,-0.5558f,-0.9528f,-0.0969f,-0.2878f,2.4601f,-0.1996f,-0.5144f,0.834f,0.1156f,0f,0f,0f,1f],start_interpolation: 0,interpolation_duration: 0}
$data merge entity $(w3) {transformation: [-0.5107f,0.849f,0.1358f,-0.7094f,-0.4279f,-0.114f,-0.8966f,1.6981f,-0.7457f,-0.516f,0.4215f,-0.0166f,0f,0f,0f,1f],start_interpolation: 0,interpolation_duration: 0}
$data merge entity $(wing2) {transformation: [-0.07f,0.849f,0.5237f,-0.2175f,-0.9921f,-0.114f,0.0522f,1.7574f,0.1041f,-0.516f,0.8503f,0.7796f,0f,0f,0f,1f],start_interpolation: 0,interpolation_duration: 0}
$data merge entity $(bone20) {transformation: [-1f,0f,0f,-0.1563f,0f,-0.1692f,0.9856f,1.5086f,0f,0.9856f,0.1692f,0.3246f,0f,0f,0f,1f],start_interpolation: 0,interpolation_duration: 0}
$data merge entity $(bone101) {transformation: [-1f,0f,0f,0f,0f,-0.3826f,0.9239f,1.1973f,0f,0.9239f,0.3826f,-2.6315f,0f,0f,0f,1f],start_interpolation: 0,interpolation_duration: 0}
$data merge entity $(bone100) {transformation: [-1f,0f,0f,0f,0f,0.0541f,0.9985f,0.7452f,0f,0.9985f,-0.0541f,-2.6007f,0f,0f,0f,1f],start_interpolation: 0,interpolation_duration: 0}
$data merge entity $(bone99) {transformation: [-1f,0f,0f,0f,0f,0.4416f,0.8972f,0.291f,0f,0.8972f,-0.4416f,-2.3771f,0f,0f,0f,1f],start_interpolation: 0,interpolation_duration: 0}
$data merge entity $(bone98) {transformation: [-1f,0f,0f,0f,0f,0.8747f,0.4847f,0.0517f,0f,0.4847f,-0.8747f,-1.9452f,0f,0f,0f,1f],start_interpolation: 0,interpolation_duration: 0}
$data merge entity $(bone97) {transformation: [-1f,0f,0f,0f,0f,0.9913f,-0.1319f,0.1193f,0f,-0.1319f,-0.9913f,-1.4372f,0f,0f,0f,1f],start_interpolation: 0,interpolation_duration: 0}
$data merge entity $(bone96) {transformation: [-1f,0f,0f,0f,0f,0.8653f,-0.5012f,0.3699f,0f,-0.5012f,-0.8653f,-1.0046f,0f,0f,0f,1f],start_interpolation: 0,interpolation_duration: 0}
$data merge entity $(bone95) {transformation: [-1f,0f,0f,0f,0f,0.6746f,-0.7382f,0.7344f,0f,-0.7382f,-0.6746f,-0.6715f,0f,0f,0f,1f],start_interpolation: 0,interpolation_duration: 0}
$data merge entity $(bone94) {transformation: [-1f,0f,0f,0f,0f,0.6077f,-0.7942f,1.1265f,0f,-0.7942f,-0.6077f,-0.3715f,0f,0f,0f,1f],start_interpolation: 0,interpolation_duration: 0}
$data merge entity $(bone93) {transformation: [-1f,0f,0f,0f,0f,0.7363f,-0.6766f,1.3824f,0f,-0.6766f,-0.7363f,-0.093f,0f,0f,0f,1f],start_interpolation: 0,interpolation_duration: 0}
$data merge entity $(bone) {transformation: [-1f,0f,0f,0f,0f,0.5373f,0.8434f,1.2901f,0f,0.8434f,-0.5373f,-0.0343f,0f,0f,0f,1f],start_interpolation: 0,interpolation_duration: 0}
$data merge entity $(bone24) {transformation: [-0.9666f,-0.256f,-0.0135f,0.1031f,-0.2558f,0.9597f,0.1162f,1.2314f,-0.0168f,0.1158f,-0.9931f,-0.0352f,0f,0f,0f,1f],start_interpolation: 0,interpolation_duration: 0}
$data merge entity $(bone32) {transformation: [-0.9975f,-0.0414f,-0.0567f,0.2246f,-0.0678f,0.3612f,0.93f,0.5992f,-0.0181f,0.9316f,-0.3631f,-0.3565f,0f,0f,0f,1f],start_interpolation: 0,interpolation_duration: 0}
$data merge entity $(bone36) {transformation: [-0.9987f,-0.042f,-0.0294f,0.3386f,-0.0392f,0.995f,-0.0916f,0.2663f,0.0332f,-0.0903f,-0.9954f,-1.0421f,0f,0f,0f,1f],start_interpolation: 0,interpolation_duration: 0}
$data merge entity $(bone35) {transformation: [-0.9987f,-0.0217f,-0.0465f,0.2968f,-0.0392f,0.9075f,0.4182f,0.3981f,0.0332f,0.4195f,-0.9072f,-0.9748f,0f,0f,0f,1f],start_interpolation: 0,interpolation_duration: 0}
$data merge entity $(bone34) {transformation: [-0.9987f,-0.0154f,-0.0489f,0.2965f,-0.0392f,0.8451f,0.5331f,0.4804f,0.0332f,0.5343f,-0.8446f,-0.9253f,0f,0f,0f,1f],start_interpolation: 0,interpolation_duration: 0}
$data merge entity $(bone77) {transformation: [-0.928f,0.3725f,0.011f,0.104f,-0.0302f,-0.0456f,-0.9985f,0.0697f,-0.3714f,-0.9269f,0.0536f,-0.3584f,0f,0f,0f,1f],start_interpolation: 0,interpolation_duration: 0}
$data merge entity $(bone75) {transformation: [-0.928f,0.3725f,0.011f,0.1696f,-0.0302f,-0.0456f,-0.9985f,0.0631f,-0.3714f,-0.9269f,0.0536f,-0.5325f,0f,0f,0f,1f],start_interpolation: 0,interpolation_duration: 0}
$data merge entity $(bone39) {transformation: [-0.928f,0.3725f,0.011f,0.2344f,-0.0302f,-0.0456f,-0.9985f,0.0532f,-0.3714f,-0.9269f,0.0536f,-0.6902f,0f,0f,0f,1f],start_interpolation: 0,interpolation_duration: 0}
$data merge entity $(bone76) {transformation: [-0.966f,-0.2584f,-0.0017f,0.4946f,0.0026f,-0.0031f,-1f,0.055f,0.2584f,-0.966f,0.0036f,-0.3296f,0f,0f,0f,1f],start_interpolation: 0,interpolation_duration: 0}
$data merge entity $(bone74) {transformation: [-0.966f,-0.2584f,-0.0017f,0.4822f,0.0026f,-0.0031f,-1f,0.0634f,0.2584f,-0.966f,0.0036f,-0.526f,0f,0f,0f,1f],start_interpolation: 0,interpolation_duration: 0}
$data merge entity $(bone40) {transformation: [-0.966f,-0.2584f,-0.0017f,0.4368f,0.0026f,-0.0031f,-1f,0.0609f,0.2584f,-0.966f,0.0036f,-0.6907f,0f,0f,0f,1f],start_interpolation: 0,interpolation_duration: 0}
$data merge entity $(bone79) {transformation: [-0.9982f,0.054f,0.0243f,0.305f,-0.0247f,-0.005f,-0.9997f,0.0607f,-0.0539f,-0.9985f,0.0063f,-0.2922f,0f,0f,0f,1f],start_interpolation: 0,interpolation_duration: 0}
$data merge entity $(bone78) {transformation: [-0.9982f,0.054f,0.0243f,0.3198f,-0.0247f,-0.005f,-0.9997f,0.0617f,-0.0539f,-0.9985f,0.0063f,-0.4925f,0f,0f,0f,1f],start_interpolation: 0,interpolation_duration: 0}
$data merge entity $(bone41) {transformation: [-0.9982f,0.054f,0.0243f,0.3293f,-0.0247f,-0.005f,-0.9997f,0.0586f,-0.0539f,-0.9985f,0.0063f,-0.6915f,0f,0f,0f,1f],start_interpolation: 0,interpolation_duration: 0}
$data merge entity $(bone38) {transformation: [-0.9998f,-0.0141f,0.0168f,0.3364f,-0.0205f,0.8687f,-0.4948f,0.308f,-0.0076f,-0.4951f,-0.8688f,-0.8082f,0f,0f,0f,1f],start_interpolation: 0,interpolation_duration: 0}
$data merge entity $(bone33) {transformation: [-0.9984f,-0.0523f,-0.0203f,0.3122f,-0.056f,0.9062f,0.4191f,0.5481f,-0.0035f,0.4196f,-0.9077f,-0.6964f,0f,0f,0f,1f],start_interpolation: 0,interpolation_duration: 0}
$data merge entity $(bone31) {transformation: [-0.9975f,-0.0315f,-0.0627f,0.282f,-0.0678f,0.2028f,0.9769f,0.5941f,-0.0181f,0.9787f,-0.2044f,0.1671f,0f,0f,0f,1f],start_interpolation: 0,interpolation_duration: 0}
$data merge entity $(bone19) {transformation: [-0.9852f,-0.1694f,0.0253f,0.1713f,-0.1711f,0.9794f,-0.1068f,1.239f,-0.0066f,-0.1096f,-0.994f,-0.0343f,0f,0f,0f,1f],start_interpolation: 0,interpolation_duration: 0}
$data merge entity $(bone44) {transformation: [-0.7967f,0.5404f,0.2706f,-0.1115f,0.1714f,0.6313f,-0.7564f,1.233f,-0.5796f,-0.5562f,-0.5956f,-0.0011f,0f,0f,0f,1f],start_interpolation: 0,interpolation_duration: 0}
$data merge entity $(bone46) {transformation: [-0.8903f,-0.2285f,0.3939f,-0.2921f,0.0673f,0.7895f,0.6101f,0.7795f,-0.4504f,0.5696f,-0.6875f,0.1273f,0f,0f,0f,1f],start_interpolation: 0,interpolation_duration: 0}
$data merge entity $(bone50) {transformation: [-0.8721f,-0.1327f,0.471f,-0.0811f,0.0322f,0.9448f,0.3259f,0.3323f,-0.4883f,0.2994f,-0.8197f,-0.5318f,0f,0f,0f,1f],start_interpolation: 0,interpolation_duration: 0}
$data merge entity $(bone49) {transformation: [-0.8721f,-0.3505f,0.3416f,-0.1008f,0.0322f,0.6553f,0.7547f,0.4256f,-0.4883f,0.6691f,-0.5602f,-0.411f,0f,0f,0f,1f],start_interpolation: 0,interpolation_duration: 0}
$data merge entity $(bone48) {transformation: [-0.8721f,-0.3921f,0.2929f,-0.139f,0.0322f,0.5512f,0.8338f,0.4802f,-0.4883f,0.7365f,-0.468f,-0.3419f,0f,0f,0f,1f],start_interpolation: 0,interpolation_duration: 0}
$data merge entity $(bone54) {transformation: [-0.981f,0.1927f,-0.0203f,-0.2578f,0.0067f,-0.0706f,-0.9975f,0.0676f,-0.1937f,-0.9787f,0.068f,0.216f,0f,0f,0f,1f],start_interpolation: 0,interpolation_duration: 0}
$data merge entity $(bone53) {transformation: [-0.981f,0.1927f,-0.0203f,-0.218f,0.0067f,-0.0706f,-0.9975f,0.0565f,-0.1937f,-0.9787f,0.068f,0.0345f,0f,0f,0f,1f],start_interpolation: 0,interpolation_duration: 0}
$data merge entity $(bone52) {transformation: [-0.981f,0.1927f,-0.0203f,-0.1865f,0.0067f,-0.0706f,-0.9975f,0.0424f,-0.1937f,-0.9787f,0.068f,-0.1327f,0f,0f,0f,1f],start_interpolation: 0,interpolation_duration: 0}
$data merge entity $(bone57) {transformation: [-0.7291f,0.6843f,-0.0123f,-0.5871f,-0.0025f,-0.0206f,-0.9998f,0.0569f,-0.6844f,-0.7289f,0.0168f,0.0645f,0f,0f,0f,1f],start_interpolation: 0,interpolation_duration: 0}
$data merge entity $(bone56) {transformation: [-0.7291f,0.6843f,-0.0123f,-0.4833f,-0.0025f,-0.0206f,-0.9998f,0.062f,-0.6844f,-0.7289f,0.0168f,-0.1029f,0f,0f,0f,1f],start_interpolation: 0,interpolation_duration: 0}
$data merge entity $(bone55) {transformation: [-0.7291f,0.6843f,-0.0123f,-0.3655f,-0.0025f,-0.0206f,-0.9998f,0.0564f,-0.6844f,-0.7289f,0.0168f,-0.2264f,0f,0f,0f,1f],start_interpolation: 0,interpolation_duration: 0}
$data merge entity $(bone60) {transformation: [-0.8816f,0.4699f,-0.0449f,-0.4556f,0.0203f,-0.0574f,-0.9981f,0.0739f,-0.4716f,-0.8808f,0.0411f,0.1763f,0f,0f,0f,1f],start_interpolation: 0,interpolation_duration: 0}
$data merge entity $(bone59) {transformation: [-0.8816f,0.4699f,-0.0449f,-0.3647f,0.0203f,-0.0574f,-0.9981f,0.0644f,-0.4716f,-0.8808f,0.0411f,-0.0025f,0f,0f,0f,1f],start_interpolation: 0,interpolation_duration: 0}
$data merge entity $(bone58) {transformation: [-0.8816f,0.4699f,-0.0449f,-0.27f,0.0203f,-0.0574f,-0.9981f,0.0509f,-0.4716f,-0.8808f,0.0411f,-0.1773f,0f,0f,0f,1f],start_interpolation: 0,interpolation_duration: 0}
$data merge entity $(bone51) {transformation: [-0.8882f,0.2092f,0.4091f,-0.2316f,0.0511f,0.9298f,-0.3645f,0.3145f,-0.4566f,-0.3029f,-0.8365f,-0.2472f,0f,0f,0f,1f],start_interpolation: 0,interpolation_duration: 0}
$data merge entity $(bone47) {transformation: [-0.8882f,-0.126f,0.4418f,-0.2561f,0.0511f,0.9286f,0.3675f,0.5606f,-0.4566f,0.349f,-0.8184f,-0.1494f,0f,0f,0f,1f],start_interpolation: 0,interpolation_duration: 0}
$data merge entity $(bone45) {transformation: [-0.8903f,-0.2904f,0.3508f,-0.5398f,0.0673f,0.678f,0.732f,1.0449f,-0.4504f,0.6753f,-0.5841f,0.5091f,0f,0f,0f,1f],start_interpolation: 0,interpolation_duration: 0}
$data merge entity $(bone43) {transformation: [-0.8408f,0.5178f,0.1581f,-0.1713f,0.1157f,0.4572f,-0.8818f,1.239f,-0.5289f,-0.7231f,-0.4443f,-0.0343f,0f,0f,0f,1f],start_interpolation: 0,interpolation_duration: 0}