# This file was generated by Animated Java via MC-Build. It is not recommended to edit this file directly.
$data merge entity $(bone5) {transformation: [-0.9947f,-0.1022f,0.0103f,0.385f,-0.093f,0.9382f,0.3335f,1.5125f,-0.0437f,0.3308f,-0.9427f,0.9773f,0f,0f,0f,1f],start_interpolation: 0,interpolation_duration: 0}
$data merge entity $(bone6) {transformation: [0.0175f,-0.2646f,-0.9642f,0.4943f,-0.4268f,0.8701f,-0.2465f,1.282f,0.9042f,0.4158f,-0.0977f,0.9055f,0f,0f,0f,1f],start_interpolation: 0,interpolation_duration: 0}
$data merge entity $(bone8) {transformation: [-0.2608f,-0.0553f,0.9638f,0.6356f,-0.0745f,0.9965f,0.037f,0.5922f,-0.9625f,-0.0622f,-0.2641f,0.761f,0f,0f,0f,1f],start_interpolation: 0,interpolation_duration: 0}
$data merge entity $(bone9) {transformation: [-0.2608f,-0.0553f,0.9638f,0.7978f,-0.0745f,0.9965f,0.037f,0.7646f,-0.9625f,-0.0622f,-0.2641f,0.6961f,0f,0f,0f,1f],start_interpolation: 0,interpolation_duration: 0}
$data merge entity $(bone10) {transformation: [-0.2321f,-0.1312f,0.9638f,0.6174f,-0.3707f,0.928f,0.037f,0.5833f,-0.8993f,-0.3487f,-0.2641f,0.7372f,0f,0f,0f,1f],start_interpolation: 0,interpolation_duration: 0}
$data merge entity $(bone12) {transformation: [-0.1942f,-0.513f,0.8361f,0.7568f,-0.8849f,0.4594f,0.0763f,0.0742f,-0.4233f,-0.7251f,-0.5432f,0.9453f,0f,0f,0f,1f],start_interpolation: 0,interpolation_duration: 0}
$data merge entity $(bone15) {transformation: [0.9842f,-0.1055f,0.1422f,0.377f,-0.1593f,-0.1764f,0.9713f,0.0286f,-0.0774f,-0.9786f,-0.1905f,0.9995f,0f,0f,0f,1f],start_interpolation: 0,interpolation_duration: 0}
$data merge entity $(bone14) {transformation: [0.9431f,-0.1055f,-0.3152f,0.4983f,0.2942f,-0.1764f,0.9393f,0.0677f,-0.1547f,-0.9786f,-0.1354f,0.9782f,0f,0f,0f,1f],start_interpolation: 0,interpolation_duration: 0}
$data merge entity $(bone13) {transformation: [0.7785f,-0.1055f,-0.6187f,0.5998f,0.5977f,-0.1764f,0.7821f,0.1432f,-0.1917f,-0.9786f,-0.0743f,0.9503f,0f,0f,0f,1f],start_interpolation: 0,interpolation_duration: 0}
$data merge entity $(bone18) {transformation: [-0.0447f,-0.998f,-0.0448f,0.7349f,0.9938f,-0.049f,0.0998f,-0.1149f,-0.1018f,-0.0401f,0.994f,1.3691f,0f,0f,0f,1f],start_interpolation: 0,interpolation_duration: 0}
$data merge entity $(bone17) {transformation: [-0.0055f,-0.998f,-0.0631f,0.7338f,0.6971f,-0.049f,0.7153f,0.0225f,-0.7169f,-0.0401f,0.696f,1.2279f,0f,0f,0f,1f],start_interpolation: 0,interpolation_duration: 0}
$data merge entity $(bone16) {transformation: [0.0258f,-0.998f,-0.0578f,0.7334f,0.2629f,-0.049f,0.9636f,0.0592f,-0.9645f,-0.0401f,0.2611f,1.0858f,0f,0f,0f,1f],start_interpolation: 0,interpolation_duration: 0}
$data merge entity $(bone27) {transformation: [-0.8556f,-0.5137f,-0.0643f,1.1792f,-0.0249f,-0.0833f,0.9962f,0.0411f,-0.5171f,0.8539f,0.0585f,1.1343f,0f,0f,0f,1f],start_interpolation: 0,interpolation_duration: 0}
$data merge entity $(bone26) {transformation: [-0.8437f,-0.5341f,-0.0542f,1.0451f,-0.0208f,-0.0684f,0.9974f,0.0386f,-0.5365f,0.8426f,0.0466f,1.0568f,0f,0f,0f,1f],start_interpolation: 0,interpolation_duration: 0}
$data merge entity $(bone25) {transformation: [-0.829f,-0.5341f,0.166f,0.8925f,0.2381f,-0.0684f,0.9688f,0.0797f,-0.5061f,0.8426f,0.1839f,0.9685f,0f,0f,0f,1f],start_interpolation: 0,interpolation_duration: 0}
$data merge entity $(bone30) {transformation: [-0.1723f,-0.8712f,0.4597f,0.993f,0.9612f,-0.0467f,0.2719f,-0.1121f,-0.2154f,0.4887f,0.8454f,1.3277f,0f,0f,0f,1f],start_interpolation: 0,interpolation_duration: 0}
$data merge entity $(bone29) {transformation: [-0.3818f,-0.8712f,0.3087f,0.9215f,0.6902f,-0.0467f,0.7221f,0.0241f,-0.6147f,0.4887f,0.6191f,1.2045f,0f,0f,0f,1f],start_interpolation: 0,interpolation_duration: 0}
$data merge entity $(bone28) {transformation: [-0.4868f,-0.8712f,0.0637f,0.8191f,0.2112f,-0.0467f,0.9763f,0.065f,-0.8476f,0.4887f,0.2067f,1.0348f,0f,0f,0f,1f],start_interpolation: 0,interpolation_duration: 0}
$data merge entity $(bone7) {transformation: [0.9638f,-0.0666f,0.2582f,0.6017f,0.037f,0.9923f,0.1179f,0.9281f,-0.2641f,-0.1041f,0.9589f,0.7219f,0f,0f,0f,1f],start_interpolation: 0,interpolation_duration: 0}
$data merge entity $(bone4) {transformation: [-0.9642f,-0.265f,0.0103f,0.3501f,-0.2465f,0.9099f,0.3335f,1.6186f,-0.0977f,0.319f,-0.9427f,0.9869f,0f,0f,0f,1f],start_interpolation: 0,interpolation_duration: 0}
$data merge entity $(bone62) {transformation: [-0.9103f,0.3689f,0.1878f,-0.4164f,0.4104f,0.7453f,0.5254f,1.5358f,0.0539f,0.5554f,-0.8299f,0.9507f,0f,0f,0f,1f],start_interpolation: 0,interpolation_duration: 0}
$data merge entity $(bone63) {transformation: [0.2405f,0.4916f,0.8369f,-0.5872f,0.5923f,0.6088f,-0.5278f,1.3788f,-0.769f,0.6226f,-0.1448f,0.8225f,0f,0f,0f,1f],start_interpolation: 0,interpolation_duration: 0}
$data merge entity $(bone65) {transformation: [-0.0392f,0.1444f,-0.9888f,-0.8452f,0.1604f,0.9776f,0.1364f,0.8079f,0.9863f,-0.1533f,-0.0615f,0.6277f,0f,0f,0f,1f],start_interpolation: 0,interpolation_duration: 0}
$data merge entity $(bone66) {transformation: [-0.0392f,0.1444f,-0.9888f,-0.9986f,0.1604f,0.9776f,0.1364f,0.9944f,0.9863f,-0.1533f,-0.0615f,0.5839f,0f,0f,0f,1f],start_interpolation: 0,interpolation_duration: 0}
$data merge entity $(bone67) {transformation: [0.006f,0.1495f,-0.9888f,-0.8335f,0.4469f,0.8841f,0.1364f,0.7955f,0.8945f,-0.4427f,-0.0615f,0.6015f,0f,0f,0f,1f],start_interpolation: 0,interpolation_duration: 0}
$data merge entity $(bone69) {transformation: [-0.256f,0.0959f,-0.9619f,-0.9165f,0.3661f,0.9306f,-0.0047f,0.2282f,0.8947f,-0.3533f,-0.2733f,0.7695f,0f,0f,0f,1f],start_interpolation: 0,interpolation_duration: 0}
$data merge entity $(bone72) {transformation: [0.9238f,0.2602f,0.2809f,-0.6331f,-0.3401f,0.2201f,0.9143f,0.141f,0.1761f,-0.9401f,0.2918f,0.7969f,0f,0f,0f,1f],start_interpolation: 0,interpolation_duration: 0}
$data merge entity $(bone71) {transformation: [0.7401f,0.2602f,0.6201f,-0.7275f,-0.6708f,0.2201f,0.7082f,0.2289f,0.0478f,-0.9401f,0.3375f,0.79f,0f,0f,0f,1f],start_interpolation: 0,interpolation_duration: 0}
$data merge entity $(bone70) {transformation: [0.4834f,0.2602f,0.8358f,-0.7906f,-0.8726f,0.2201f,0.4361f,0.3419f,-0.0705f,-0.9401f,0.3335f,0.7955f,0f,0f,0f,1f],start_interpolation: 0,interpolation_duration: 0}
$data merge entity $(bone81) {transformation: [0.157f,0.9873f,0.0255f,-0.7992f,-0.423f,0.0439f,0.9051f,-0.0615f,0.8924f,-0.1529f,0.4245f,1.1175f,0f,0f,0f,1f],start_interpolation: 0,interpolation_duration: 0}
$data merge entity $(bone80) {transformation: [0.1272f,0.9873f,0.0955f,-0.8243f,-0.7949f,0.0439f,0.6051f,0.0951f,0.5932f,-0.1529f,0.7904f,1.0006f,0f,0f,0f,1f],start_interpolation: 0,interpolation_duration: 0}
$data merge entity $(bone73) {transformation: [0.1574f,0.9873f,0.0232f,-0.8431f,-0.4099f,0.0439f,0.9111f,0.1539f,0.8985f,-0.1529f,0.4116f,0.8675f,0f,0f,0f,1f],start_interpolation: 0,interpolation_duration: 0}
$data merge entity $(bone84) {transformation: [-0.7131f,0.6942f,0.0979f,-1.256f,0.1111f,-0.026f,0.9935f,0.0338f,0.6922f,0.7193f,-0.0586f,1.0182f,0f,0f,0f,1f],start_interpolation: 0,interpolation_duration: 0}
$data merge entity $(bone83) {transformation: [-0.6793f,0.7114f,-0.1803f,-1.1464f,-0.261f,-0.0046f,0.9653f,0.0753f,0.6859f,0.7028f,0.1888f,0.9168f,0f,0f,0f,1f],start_interpolation: 0,interpolation_duration: 0}
$data merge entity $(bone82) {transformation: [-0.6095f,0.7114f,-0.3499f,-1.0325f,-0.502f,-0.0046f,0.8649f,0.1647f,0.6137f,0.7028f,0.3599f,0.8082f,0f,0f,0f,1f],start_interpolation: 0,interpolation_duration: 0}
$data merge entity $(bone103) {transformation: [-0.2885f,0.9513f,-0.1085f,-1.0373f,-0.3025f,0.017f,0.953f,-0.0672f,0.9084f,0.3077f,0.2829f,1.1559f,0f,0f,0f,1f],start_interpolation: 0,interpolation_duration: 0}
$data merge entity $(bone102) {transformation: [-0.2141f,0.9513f,-0.2217f,-0.9992f,-0.6819f,0.017f,0.7312f,0.067f,0.6994f,0.3077f,0.6451f,1.0168f,0f,0f,0f,1f],start_interpolation: 0,interpolation_duration: 0}
$data merge entity $(bone85) {transformation: [-0.2734f,0.9513f,-0.1424f,-0.9396f,-0.4146f,0.017f,0.9098f,0.1495f,0.868f,0.3077f,0.3898f,0.8419f,0f,0f,0f,1f],start_interpolation: 0,interpolation_duration: 0}
$data merge entity $(bone64) {transformation: [0.9888f,0.1459f,-0.0329f,-0.7855f,-0.1364f,0.9697f,0.2029f,1.1345f,0.0615f,-0.1961f,0.9786f,0.5552f,0f,0f,0f,1f],start_interpolation: 0,interpolation_duration: 0}
$data merge entity $(bone61) {transformation: [-0.8369f,0.5141f,0.1878f,-0.3501f,0.5278f,0.6674f,0.5254f,1.6186f,0.1448f,0.5388f,-0.8299f,0.9869f,0f,0f,0f,1f],start_interpolation: 0,interpolation_duration: 0}
$data merge entity $(bone23) {transformation: [-0.7934f,-0.6088f,0f,0.1071f,-0.0897f,0.1169f,0.9891f,1.5417f,-0.6021f,0.7847f,-0.1473f,1.0115f,0f,0f,0f,1f],start_interpolation: 0,interpolation_duration: 0}
$data merge entity $(bone22) {transformation: [-0.7934f,0.6088f,0f,-0.1071f,0.0897f,0.1169f,0.9891f,1.5417f,0.6021f,0.7847f,-0.1473f,1.0115f,0f,0f,0f,1f],start_interpolation: 0,interpolation_duration: 0}
$data merge entity $(bone89) {transformation: [-1f,0.0072f,0.0007f,0.002f,0.0054f,0.6791f,0.7341f,2.2445f,0.0048f,0.734f,-0.6791f,1.4847f,0f,0f,0f,1f],start_interpolation: 0,interpolation_duration: 0}
$data merge entity $(bone90) {transformation: [-1f,0.0069f,0.0019f,0.0013f,0.0054f,0.5413f,0.8408f,2.1832f,0.0048f,0.8408f,-0.5413f,1.4057f,0f,0f,0f,1f],start_interpolation: 0,interpolation_duration: 0}
$data merge entity $(bone88) {transformation: [-1f,0.0071f,0.0013f,0.0312f,0.0054f,0.6125f,0.7904f,2.0443f,0.0048f,0.7904f,-0.6125f,1.2877f,0f,0f,0f,1f],start_interpolation: 0,interpolation_duration: 0}
$data merge entity $(bone42) {transformation: [-1f,0f,0f,0f,0f,0.7482f,0.6635f,1.744f,0f,0.6635f,-0.7482f,1.6889f,0f,0f,0f,1f],start_interpolation: 0,interpolation_duration: 0}
$data merge entity $(bone87) {transformation: [-0.9998f,0.0157f,-0.0096f,-0.0044f,0.0027f,0.6404f,0.768f,1.2857f,0.0182f,0.7679f,-0.6404f,2.2387f,0f,0f,0f,1f],start_interpolation: 0,interpolation_duration: 0}
$data merge entity $(bone86) {transformation: [-1f,0f,0f,0f,0f,0.7224f,0.6915f,1.4399f,0f,0.6915f,-0.7224f,2.0705f,0f,0f,0f,1f],start_interpolation: 0,interpolation_duration: 0}
$data merge entity $(bone92) {transformation: [-0.8818f,0.2593f,-0.3939f,0.1194f,-0.0708f,0.7531f,0.6541f,1.8164f,0.4663f,0.6047f,-0.6457f,1.7296f,0f,0f,0f,1f],start_interpolation: 0,interpolation_duration: 0}
$data merge entity $(bone3) {transformation: [-0.8818f,-0.2593f,0.3939f,-0.1194f,0.0708f,0.7531f,0.6541f,1.8164f,-0.4663f,0.6047f,-0.6457f,1.7296f,0f,0f,0f,1f],start_interpolation: 0,interpolation_duration: 0}
$data merge entity $(head) {transformation: [-1f,0f,0f,0f,0f,0.7576f,0.6527f,1.7414f,0f,0.6527f,-0.7576f,1.5052f,0f,0f,0f,1f],start_interpolation: 0,interpolation_duration: 0}
$data merge entity $(neck) {transformation: [-1f,0f,0f,0f,0f,0.5628f,0.8266f,1.6464f,0f,0.8266f,-0.5628f,1.3657f,0f,0f,0f,1f],start_interpolation: 0,interpolation_duration: 0}
$data merge entity $(bone2) {transformation: [-1f,0f,0f,0f,0f,0.1473f,0.9891f,1.579f,0f,0.9891f,-0.1473f,1.055f,0f,0f,0f,1f],start_interpolation: 0,interpolation_duration: 0}
$data merge entity $(bone136) {transformation: [-1f,0f,0f,0f,0f,0.1989f,1.0942f,1.5575f,0f,0.98f,-0.222f,0.8595f,0f,0f,0f,1f],start_interpolation: 0,interpolation_duration: 0}
$data merge entity $(bone118) {transformation: [-0.085f,-0.849f,-0.5216f,0.2581f,0.9922f,-0.1202f,0.0339f,1.7187f,-0.0915f,-0.5146f,0.8525f,0.7686f,0f,0f,0f,1f],start_interpolation: 0,interpolation_duration: 0}
$data merge entity $(bone119) {transformation: [-0.1479f,-0.849f,-0.5073f,0.734f,0.9889f,-0.1202f,-0.0872f,1.7642f,0.0131f,-0.5146f,0.8573f,-0.0388f,0f,0f,0f,1f],start_interpolation: 0,interpolation_duration: 0}
$data merge entity $(bone120) {transformation: [-0.4908f,-0.849f,0.1959f,1.6268f,-0.1816f,-0.1202f,-0.976f,1.0432f,0.8521f,-0.5146f,-0.0952f,0.6166f,0f,0f,0f,1f],start_interpolation: 0,interpolation_duration: 0}
$data merge entity $(bone121) {transformation: [0f,0f,0f,0.9834f,0f,0f,0f,1.8772f,0f,0f,0f,-0.4649f,0f,0f,0f,1f],start_interpolation: 0,interpolation_duration: 0}
$data merge entity $(bone123) {transformation: [0.0434f,-1.7318f,-1.0621f,0.8946f,1.9765f,-0.2096f,0.4224f,1.3502f,-0.4695f,-1.0421f,1.68f,2.4282f,0f,0f,0f,1f],start_interpolation: 0,interpolation_duration: 0}
$data merge entity $(bone124) {transformation: [-0.1147f,-0.8523f,-0.5104f,0.7262f,0.9934f,-0.1031f,-0.051f,2.7164f,-0.0092f,-0.5129f,0.8584f,-0.257f,0f,0f,0f,1f],start_interpolation: 0,interpolation_duration: 0}
$data merge entity $(bone122) {transformation: [-0.3742f,-1.3132f,-0.7139f,0.551f,1.4581f,-0.1589f,-0.472f,2.7069f,0.3286f,-0.7902f,1.2813f,0.0344f,0f,0f,0f,1f],start_interpolation: 0,interpolation_duration: 0}
$data merge entity $(bone126) {transformation: [0.276f,-0.8523f,-0.4444f,1.1357f,0.7442f,-0.1031f,0.6599f,1.9865f,-0.6082f,-0.5129f,0.6058f,-0.7896f,0f,0f,0f,1f],start_interpolation: 0,interpolation_duration: 0}
$data merge entity $(bone127) {transformation: [0.1515f,-0.8523f,-0.5007f,0.7937f,0.8897f,-0.1031f,0.4448f,2.3959f,-0.4307f,-0.5129f,0.7426f,-0.3048f,0f,0f,0f,1f],start_interpolation: 0,interpolation_duration: 0}
$data merge entity $(bone125) {transformation: [0.0235f,-1.1948f,-0.733f,0.6275f,1.3661f,-0.1446f,0.2795f,2.5612f,-0.3138f,-0.719f,1.1619f,-0.0544f,0f,0f,0f,1f],start_interpolation: 0,interpolation_duration: 0}
$data merge entity $(bone129) {transformation: [1.0336f,-1.5893f,-0.204f,0.4595f,0.0502f,-0.1923f,2.0027f,3.8903f,-1.7278f,-0.9564f,-0.0638f,2.6405f,0f,0f,0f,1f],start_interpolation: 0,interpolation_duration: 0}
$data merge entity $(bone130) {transformation: [0.5337f,-0.8523f,-0.1854f,0.8435f,0.1761f,-0.1031f,1.0597f,1.5619f,-0.9223f,-0.5129f,0.0951f,-0.2198f,0f,0f,0f,1f],start_interpolation: 0,interpolation_duration: 0}
$data merge entity $(bone131) {transformation: [0.4561f,-0.8523f,-0.3334f,0.6993f,0.4783f,-0.1031f,0.9619f,2.1441f,-0.8542f,-0.5129f,0.3606f,-0.0973f,0f,0f,0f,1f],start_interpolation: 0,interpolation_duration: 0}
$data merge entity $(bone128) {transformation: [0.3735f,-0.8985f,-0.4639f,0.5923f,0.7495f,-0.1087f,0.849f,2.4496f,-0.7714f,-0.5407f,0.6002f,0.0085f,0f,0f,0f,1f],start_interpolation: 0,interpolation_duration: 0}
$data merge entity $(bone132) {transformation: [-0.2141f,-0.8523f,-0.4773f,0.4698f,0.9633f,-0.1031f,-0.248f,2.5883f,0.1621f,-0.5129f,0.843f,0.207f,0f,0f,0f,1f],start_interpolation: 0,interpolation_duration: 0}
$data merge entity $(bone133) {transformation: [-0.3744f,-1.4469f,-0.705f,0.5349f,1.6844f,-0.1751f,-0.3663f,2.6044f,0.2835f,-0.8707f,1.2451f,0.1073f,0f,0f,0f,1f],start_interpolation: 0,interpolation_duration: 0}
$data merge entity $(w5) {transformation: [-0.2141f,-0.8523f,-0.4773f,0.5431f,0.9633f,-0.1031f,-0.248f,2.5377f,0.1621f,-0.5129f,0.843f,0.1201f,0f,0f,0f,1f],start_interpolation: 0,interpolation_duration: 0}
$data merge entity $(w2) {transformation: [-0.5144f,-0.849f,-0.1211f,0.7075f,0.411f,-0.1202f,-0.9037f,1.7797f,0.7526f,-0.5146f,0.4108f,-0.022f,0f,0f,0f,1f],start_interpolation: 0,interpolation_duration: 0}
$data merge entity $(wing3) {transformation: [-0.085f,-0.849f,-0.5216f,0.2175f,0.9922f,-0.1202f,0.0339f,1.8219f,-0.0915f,-0.5146f,0.8525f,0.7765f,0f,0f,0f,1f],start_interpolation: 0,interpolation_duration: 0}
$data merge entity $(bone104) {transformation: [-0.085f,0.849f,0.5216f,-0.2581f,-0.9922f,-0.1202f,0.0339f,1.7187f,0.0915f,-0.5146f,0.8525f,0.7686f,0f,0f,0f,1f],start_interpolation: 0,interpolation_duration: 0}
$data merge entity $(bone105) {transformation: [-0.1479f,0.849f,0.5073f,-0.734f,-0.9889f,-0.1202f,-0.0872f,1.7642f,-0.0131f,-0.5146f,0.8573f,-0.0388f,0f,0f,0f,1f],start_interpolation: 0,interpolation_duration: 0}
$data merge entity $(bone106) {transformation: [-0.4908f,0.849f,-0.1959f,-1.6268f,0.1816f,-0.1202f,-0.976f,1.0432f,-0.8521f,-0.5146f,-0.0952f,0.6166f,0f,0f,0f,1f],start_interpolation: 0,interpolation_duration: 0}
$data merge entity $(bone107) {transformation: [0f,0f,0f,-0.9834f,0f,0f,0f,1.8772f,0f,0f,0f,-0.4649f,0f,0f,0f,1f],start_interpolation: 0,interpolation_duration: 0}
$data merge entity $(bone109) {transformation: [0.0583f,1.7318f,0.9991f,-0.9279f,-1.8111f,-0.2096f,0.3628f,1.4576f,0.4611f,-1.0421f,1.5873f,2.3512f,0f,0f,0f,1f],start_interpolation: 0,interpolation_duration: 0}
$data merge entity $(bone110) {transformation: [-0.0995f,0.8523f,0.4824f,-0.7165f,-0.9071f,-0.1031f,-0.0582f,2.7196f,0.017f,-0.5129f,0.8133f,-0.2416f,0f,0f,0f,1f],start_interpolation: 0,interpolation_duration: 0}
$data merge entity $(bone108) {transformation: [-0.3405f,1.3132f,0.6782f,-0.551f,-1.3269f,-0.1589f,-0.4484f,2.7069f,-0.2991f,-0.7902f,1.2172f,0.0344f,0f,0f,0f,1f],start_interpolation: 0,interpolation_duration: 0}
$data merge entity $(bone112) {transformation: [0.276f,0.8523f,0.4444f,-1.1357f,-0.7442f,-0.1031f,0.6599f,1.9865f,0.6082f,-0.5129f,0.6058f,-0.7896f,0f,0f,0f,1f],start_interpolation: 0,interpolation_duration: 0}
$data merge entity $(bone113) {transformation: [0.1515f,0.8523f,0.5007f,-0.7937f,-0.8897f,-0.1031f,0.4448f,2.3959f,0.4307f,-0.5129f,0.7426f,-0.3048f,0f,0f,0f,1f],start_interpolation: 0,interpolation_duration: 0}
$data merge entity $(bone111) {transformation: [0.0235f,1.1948f,0.733f,-0.6275f,-1.3661f,-0.1446f,0.2795f,2.5612f,0.3138f,-0.719f,1.1619f,-0.0544f,0f,0f,0f,1f],start_interpolation: 0,interpolation_duration: 0}
$data merge entity $(bone115) {transformation: [1.0336f,1.5893f,0.204f,-0.4595f,-0.0502f,-0.1923f,2.0027f,3.8903f,1.7278f,-0.9564f,-0.0638f,2.6405f,0f,0f,0f,1f],start_interpolation: 0,interpolation_duration: 0}
$data merge entity $(bone116) {transformation: [0.5337f,0.8523f,0.1854f,-0.8435f,-0.1761f,-0.1031f,1.0597f,1.5619f,0.9223f,-0.5129f,0.0951f,-0.2198f,0f,0f,0f,1f],start_interpolation: 0,interpolation_duration: 0}
$data merge entity $(bone117) {transformation: [0.4561f,0.8523f,0.3334f,-0.6993f,-0.4783f,-0.1031f,0.9619f,2.1441f,0.8542f,-0.5129f,0.3606f,-0.0973f,0f,0f,0f,1f],start_interpolation: 0,interpolation_duration: 0}
$data merge entity $(bone114) {transformation: [0.3735f,0.8985f,0.4639f,-0.5923f,-0.7495f,-0.1087f,0.849f,2.4496f,0.7714f,-0.5407f,0.6002f,0.0085f,0f,0f,0f,1f],start_interpolation: 0,interpolation_duration: 0}
$data merge entity $(bone134) {transformation: [-0.2141f,0.8523f,0.4773f,-0.4698f,-0.9633f,-0.1031f,-0.248f,2.5883f,-0.1621f,-0.5129f,0.843f,0.207f,0f,0f,0f,1f],start_interpolation: 0,interpolation_duration: 0}
$data merge entity $(bone135) {transformation: [-0.3744f,1.4469f,0.705f,-0.5349f,-1.6844f,-0.1751f,-0.3663f,2.6044f,-0.2835f,-0.8707f,1.2451f,0.1073f,0f,0f,0f,1f],start_interpolation: 0,interpolation_duration: 0}
$data merge entity $(w4) {transformation: [-0.2141f,0.8523f,0.4773f,-0.5431f,-0.9633f,-0.1031f,-0.248f,2.5377f,-0.1621f,-0.5129f,0.843f,0.1201f,0f,0f,0f,1f],start_interpolation: 0,interpolation_duration: 0}
$data merge entity $(w3) {transformation: [-0.5144f,0.849f,0.1211f,-0.7075f,-0.411f,-0.1202f,-0.9037f,1.7797f,-0.7526f,-0.5146f,0.4108f,-0.022f,0f,0f,0f,1f],start_interpolation: 0,interpolation_duration: 0}
$data merge entity $(wing2) {transformation: [-0.085f,0.849f,0.5216f,-0.2175f,-0.9922f,-0.1202f,0.0339f,1.8219f,0.0915f,-0.5146f,0.8525f,0.7765f,0f,0f,0f,1f],start_interpolation: 0,interpolation_duration: 0}
$data merge entity $(bone20) {transformation: [-1f,0f,0f,-0.1563f,0f,-0.1569f,0.9876f,1.5674f,0f,0.9876f,0.1569f,0.3246f,0f,0f,0f,1f],start_interpolation: 0,interpolation_duration: 0}
$data merge entity $(bone101) {transformation: [-1f,0f,0f,0f,0f,-0.4236f,0.9058f,1.1787f,0f,0.9058f,0.4236f,-2.6964f,0f,0f,0f,1f],start_interpolation: 0,interpolation_duration: 0}
$data merge entity $(bone100) {transformation: [-1f,0f,0f,0f,0f,0.2314f,0.9729f,0.7393f,0f,0.9729f,-0.2314f,-2.5855f,0f,0f,0f,1f],start_interpolation: 0,interpolation_duration: 0}
$data merge entity $(bone99) {transformation: [-1f,0f,0f,0f,0f,0.4973f,0.8676f,0.3001f,0f,0.8676f,-0.4973f,-2.3337f,0f,0f,0f,1f],start_interpolation: 0,interpolation_duration: 0}
$data merge entity $(bone98) {transformation: [-1f,0f,0f,0f,0f,0.869f,0.4948f,0.0558f,0f,0.4948f,-0.869f,-1.9047f,0f,0f,0f,1f],start_interpolation: 0,interpolation_duration: 0}
$data merge entity $(bone97) {transformation: [-1f,0f,0f,0f,0f,0.9869f,-0.1615f,0.1386f,0f,-0.1615f,-0.9869f,-1.3989f,0f,0f,0f,1f],start_interpolation: 0,interpolation_duration: 0}
$data merge entity $(bone96) {transformation: [-1f,0f,0f,0f,0f,0.85f,-0.5268f,0.402f,0f,-0.5268f,-0.85f,-0.9739f,0f,0f,0f,1f],start_interpolation: 0,interpolation_duration: 0}
$data merge entity $(bone95) {transformation: [-1f,0f,0f,0f,0f,0.6522f,-0.758f,0.7763f,0f,-0.758f,-0.6522f,-0.6519f,0f,0f,0f,1f],start_interpolation: 0,interpolation_duration: 0}
$data merge entity $(bone94) {transformation: [-1f,0f,0f,0f,0f,0.5837f,-0.812f,1.1772f,0f,-0.812f,-0.5837f,-0.3637f,0f,0f,0f,1f],start_interpolation: 0,interpolation_duration: 0}
$data merge entity $(bone93) {transformation: [-1f,0f,0f,0f,0f,0.7158f,-0.6983f,1.4412f,0f,-0.6983f,-0.7158f,-0.093f,0f,0f,0f,1f],start_interpolation: 0,interpolation_duration: 0}
$data merge entity $(bone) {transformation: [-1f,0f,0f,0f,0f,0.5373f,0.8434f,1.349f,0f,0.8434f,-0.5373f,-0.0343f,0f,0f,0f,1f],start_interpolation: 0,interpolation_duration: 0}
$data merge entity $(bone24) {transformation: [-0.9665f,-0.2565f,-0.0007f,0.1031f,-0.2563f,0.9657f,0.0429f,1.2903f,-0.0103f,0.0416f,-0.9991f,-0.0355f,0f,0f,0f,1f],start_interpolation: 0,interpolation_duration: 0}
$data merge entity $(bone32) {transformation: [-0.9973f,-0.0545f,-0.0495f,0.2291f,-0.0689f,0.4555f,0.8876f,0.6205f,-0.0258f,0.8886f,-0.458f,-0.3068f,0f,0f,0f,1f],start_interpolation: 0,interpolation_duration: 0}
$data merge entity $(bone36) {transformation: [-0.9989f,-0.0171f,-0.0428f,0.3369f,-0.0184f,0.9994f,0.0289f,0.2956f,0.0422f,0.0297f,-0.9987f,-1.0154f,0f,0f,0f,1f],start_interpolation: 0,interpolation_duration: 0}
$data merge entity $(bone35) {transformation: [-0.9989f,0.0065f,-0.0456f,0.2992f,-0.0184f,0.8511f,0.5248f,0.4194f,0.0422f,0.525f,-0.85f,-0.9322f,0f,0f,0f,1f],start_interpolation: 0,interpolation_duration: 0}
$data merge entity $(bone34) {transformation: [-0.9989f,0.0124f,-0.0444f,0.3017f,-0.0184f,0.7753f,0.6313f,0.4952f,0.0422f,0.6315f,-0.7742f,-0.8733f,0f,0f,0f,1f],start_interpolation: 0,interpolation_duration: 0}
$data merge entity $(bone77) {transformation: [-0.933f,0.3568f,-0.0459f,0.1062f,0.0197f,-0.0767f,-0.9969f,0.072f,-0.3592f,-0.931f,0.0646f,-0.3568f,0f,0f,0f,1f],start_interpolation: 0,interpolation_duration: 0}
$data merge entity $(bone75) {transformation: [-0.933f,0.3568f,-0.0459f,0.169f,0.0197f,-0.0767f,-0.9969f,0.0598f,-0.3592f,-0.931f,0.0646f,-0.5317f,0f,0f,0f,1f],start_interpolation: 0,interpolation_duration: 0}
$data merge entity $(bone39) {transformation: [-0.933f,0.3568f,-0.0459f,0.2311f,0.0197f,-0.0767f,-0.9969f,0.0446f,-0.3592f,-0.931f,0.0646f,-0.69f,0f,0f,0f,1f],start_interpolation: 0,interpolation_duration: 0}
$data merge entity $(bone76) {transformation: [-0.96f,-0.2796f,-0.0154f,0.4992f,0.0248f,-0.0301f,-0.9992f,0.0521f,0.2789f,-0.9596f,0.0358f,-0.3326f,0f,0f,0f,1f],start_interpolation: 0,interpolation_duration: 0}
$data merge entity $(bone74) {transformation: [-0.96f,-0.2796f,-0.0154f,0.4827f,0.0248f,-0.0301f,-0.9992f,0.0544f,0.2789f,-0.9596f,0.0358f,-0.529f,0f,0f,0f,1f],start_interpolation: 0,interpolation_duration: 0}
$data merge entity $(bone40) {transformation: [-0.96f,-0.2796f,-0.0154f,0.4336f,0.0248f,-0.0301f,-0.9992f,0.0473f,0.2789f,-0.9596f,0.0358f,-0.6924f,0f,0f,0f,1f],start_interpolation: 0,interpolation_duration: 0}
$data merge entity $(bone79) {transformation: [-0.9997f,0.0215f,-0.0071f,0.3148f,0.0064f,-0.0304f,-0.9995f,0.0601f,-0.0217f,-0.9993f,0.0302f,-0.2923f,0f,0f,0f,1f],start_interpolation: 0,interpolation_duration: 0}
$data merge entity $(bone78) {transformation: [-0.9997f,0.0215f,-0.0071f,0.3231f,0.0064f,-0.0304f,-0.9995f,0.0559f,-0.0217f,-0.9993f,0.0302f,-0.4929f,0f,0f,0f,1f],start_interpolation: 0,interpolation_duration: 0}
$data merge entity $(bone41) {transformation: [-0.9997f,0.0215f,-0.0071f,0.3261f,0.0064f,-0.0304f,-0.9995f,0.0478f,-0.0217f,-0.9993f,0.0302f,-0.692f,0f,0f,0f,1f],start_interpolation: 0,interpolation_duration: 0}
$data merge entity $(bone38) {transformation: [-1f,0.0031f,-0.0056f,0.3383f,0.005f,0.9218f,-0.3876f,0.3091f,0.004f,-0.3876f,-0.9218f,-0.7782f,0f,0f,0f,1f],start_interpolation: 0,interpolation_duration: 0}
$data merge entity $(bone33) {transformation: [-0.9995f,-0.0241f,-0.0194f,0.3216f,-0.0307f,0.8505f,0.525f,0.5346f,0.0039f,0.5254f,-0.8509f,-0.6382f,0f,0f,0f,1f],start_interpolation: 0,interpolation_duration: 0}
$data merge entity $(bone31) {transformation: [-0.9973f,-0.0455f,-0.0578f,0.2788f,-0.0689f,0.3028f,0.9506f,0.6695f,-0.0258f,0.952f,-0.3051f,0.2154f,0f,0f,0f,1f],start_interpolation: 0,interpolation_duration: 0}
$data merge entity $(bone19) {transformation: [-0.9852f,-0.167f,0.0378f,0.1713f,-0.1711f,0.9687f,-0.1797f,1.2978f,-0.0066f,-0.1835f,-0.983f,-0.0343f,0f,0f,0f,1f],start_interpolation: 0,interpolation_duration: 0}
$data merge entity $(bone44) {transformation: [-0.7986f,0.519f,0.3048f,-0.1115f,0.1761f,0.6858f,-0.7062f,1.2921f,-0.5755f,-0.5103f,-0.639f,-0.001f,0f,0f,0f,1f],start_interpolation: 0,interpolation_duration: 0}
$data merge entity $(bone46) {transformation: [-0.8889f,-0.2353f,0.3931f,-0.2851f,0.0605f,0.7902f,0.6098f,0.7903f,-0.4541f,0.5658f,-0.6882f,0.1123f,0f,0f,0f,1f],start_interpolation: 0,interpolation_duration: 0}
$data merge entity $(bone50) {transformation: [-0.8706f,-0.1259f,0.4755f,-0.0728f,0.0244f,0.9545f,0.2973f,0.3295f,-0.4913f,0.2704f,-0.8279f,-0.5383f,0f,0f,0f,1f],start_interpolation: 0,interpolation_duration: 0}
$data merge entity $(bone49) {transformation: [-0.8706f,-0.3468f,0.3489f,-0.0919f,0.0244f,0.6779f,0.7347f,0.4265f,-0.4913f,0.6482f,-0.5818f,-0.4204f,0f,0f,0f,1f],start_interpolation: 0,interpolation_duration: 0}
$data merge entity $(bone48) {transformation: [-0.8706f,-0.3894f,0.3007f,-0.1298f,0.0244f,0.5763f,0.8169f,0.4835f,-0.4913f,0.7186f,-0.4922f,-0.3531f,0f,0f,0f,1f],start_interpolation: 0,interpolation_duration: 0}
$data merge entity $(bone54) {transformation: [-0.9804f,0.1964f,0.014f,-0.254f,-0.0212f,-0.0346f,-0.9992f,0.0649f,-0.1958f,-0.9799f,0.038f,0.2183f,0f,0f,0f,1f],start_interpolation: 0,interpolation_duration: 0}
$data merge entity $(bone53) {transformation: [-0.9804f,0.1964f,0.014f,-0.2136f,-0.0212f,-0.0346f,-0.9992f,0.0606f,-0.1958f,-0.9799f,0.038f,0.0366f,0f,0f,0f,1f],start_interpolation: 0,interpolation_duration: 0}
$data merge entity $(bone52) {transformation: [-0.9804f,0.1964f,0.014f,-0.1813f,-0.0212f,-0.0346f,-0.9992f,0.0526f,-0.1958f,-0.9799f,0.038f,-0.1309f,0f,0f,0f,1f],start_interpolation: 0,interpolation_duration: 0}
$data merge entity $(bone57) {transformation: [-0.7275f,0.686f,0.0104f,-0.5822f,-0.0174f,-0.0032f,-0.9998f,0.0599f,-0.6859f,-0.7276f,0.0143f,0.065f,0f,0f,0f,1f],start_interpolation: 0,interpolation_duration: 0}
$data merge entity $(bone56) {transformation: [-0.7275f,0.686f,0.0104f,-0.4782f,-0.0174f,-0.0032f,-0.9998f,0.0678f,-0.6859f,-0.7276f,0.0143f,-0.1021f,0f,0f,0f,1f],start_interpolation: 0,interpolation_duration: 0}
$data merge entity $(bone55) {transformation: [-0.7275f,0.686f,0.0104f,-0.36f,-0.0174f,-0.0032f,-0.9998f,0.0652f,-0.6859f,-0.7276f,0.0143f,-0.2254f,0f,0f,0f,1f],start_interpolation: 0,interpolation_duration: 0}
$data merge entity $(bone60) {transformation: [-0.8803f,0.4737f,-0.0265f,-0.4518f,0.013f,-0.0318f,-0.9994f,0.0732f,-0.4743f,-0.8801f,0.0218f,0.1774f,0f,0f,0f,1f],start_interpolation: 0,interpolation_duration: 0}
$data merge entity $(bone59) {transformation: [-0.8803f,0.4737f,-0.0265f,-0.3602f,0.013f,-0.0318f,-0.9994f,0.0688f,-0.4743f,-0.8801f,0.0218f,-0.0013f,0f,0f,0f,1f],start_interpolation: 0,interpolation_duration: 0}
$data merge entity $(bone58) {transformation: [-0.8803f,0.4737f,-0.0265f,-0.2646f,0.013f,-0.0318f,-0.9994f,0.0604f,-0.4743f,-0.8801f,0.0218f,-0.176f,0f,0f,0f,1f],start_interpolation: 0,interpolation_duration: 0}
$data merge entity $(bone51) {transformation: [-0.8867f,0.2173f,0.4081f,-0.224f,0.0443f,0.9185f,-0.3928f,0.3215f,-0.4602f,-0.3302f,-0.8241f,-0.2537f,0f,0f,0f,1f],start_interpolation: 0,interpolation_duration: 0}
$data merge entity $(bone47) {transformation: [-0.8867f,-0.1194f,0.4466f,-0.2468f,0.0443f,0.9397f,0.3391f,0.5706f,-0.4602f,0.3205f,-0.8279f,-0.1635f,0f,0f,0f,1f],start_interpolation: 0,interpolation_duration: 0}
$data merge entity $(bone45) {transformation: [-0.8889f,-0.2969f,0.3488f,-0.5358f,0.0605f,0.6788f,0.7319f,1.0556f,-0.4541f,0.6717f,-0.5854f,0.4922f,0f,0f,0f,1f],start_interpolation: 0,interpolation_duration: 0}
$data merge entity $(bone43) {transformation: [-0.8408f,0.5045f,0.1964f,-0.1713f,0.1157f,0.5217f,-0.8452f,1.2978f,-0.5289f,-0.6879f,-0.497f,-0.0343f,0f,0f,0f,1f],start_interpolation: 0,interpolation_duration: 0}