# This file was generated by Animated Java via MC-Build. It is not recommended to edit this file directly.
$data merge entity $(bone5) {transformation: [-0.9947f,-0.1022f,0.0098f,0.385f,-0.0931f,0.9382f,0.3334f,1.5108f,-0.0433f,0.3307f,-0.9427f,0.9772f,0f,0f,0f,1f],start_interpolation: 0,interpolation_duration: 0}
$data merge entity $(bone6) {transformation: [0.0179f,-0.2646f,-0.9642f,0.4943f,-0.4267f,0.8701f,-0.2467f,1.2803f,0.9042f,0.4158f,-0.0973f,0.9054f,0f,0f,0f,1f],start_interpolation: 0,interpolation_duration: 0}
$data merge entity $(bone8) {transformation: [-0.2613f,-0.0554f,0.9637f,0.6356f,-0.074f,0.9966f,0.0373f,0.5905f,-0.9624f,-0.0616f,-0.2645f,0.7607f,0f,0f,0f,1f],start_interpolation: 0,interpolation_duration: 0}
$data merge entity $(bone9) {transformation: [-0.2613f,-0.0554f,0.9637f,0.7978f,-0.074f,0.9966f,0.0373f,0.763f,-0.9624f,-0.0616f,-0.2645f,0.6958f,0f,0f,0f,1f],start_interpolation: 0,interpolation_duration: 0}
$data merge entity $(bone10) {transformation: [-0.2325f,-0.1314f,0.9637f,0.6175f,-0.3702f,0.9282f,0.0373f,0.5816f,-0.8994f,-0.3481f,-0.2645f,0.7369f,0f,0f,0f,1f],start_interpolation: 0,interpolation_duration: 0}
$data merge entity $(bone12) {transformation: [-0.1922f,-0.5142f,0.8359f,0.7572f,-0.8866f,0.4561f,0.0767f,0.073f,-0.4207f,-0.7264f,-0.5435f,0.9451f,0f,0f,0f,1f],start_interpolation: 0,interpolation_duration: 0}
$data merge entity $(bone15) {transformation: [0.9843f,-0.1055f,0.1413f,0.3763f,-0.1587f,-0.1804f,0.9707f,0.0291f,-0.0769f,-0.9779f,-0.1943f,0.9993f,0f,0f,0f,1f],start_interpolation: 0,interpolation_duration: 0}
$data merge entity $(bone14) {transformation: [0.9457f,-0.1055f,-0.3076f,0.4979f,0.286f,-0.1804f,0.9411f,0.067f,-0.1548f,-0.9779f,-0.1404f,0.978f,0f,0f,0f,1f],start_interpolation: 0,interpolation_duration: 0}
$data merge entity $(bone13) {transformation: [0.7834f,-0.1055f,-0.6125f,0.6001f,0.5906f,-0.1804f,0.7865f,0.1416f,-0.1935f,-0.9779f,-0.079f,0.9499f,0f,0f,0f,1f],start_interpolation: 0,interpolation_duration: 0}
$data merge entity $(bone18) {transformation: [-0.0465f,-0.9978f,-0.0472f,0.7352f,0.9961f,-0.0499f,0.0731f,-0.1246f,-0.0753f,-0.0437f,0.9962f,1.3638f,0f,0f,0f,1f],start_interpolation: 0,interpolation_duration: 0}
$data merge entity $(bone17) {transformation: [-0.0053f,-0.9978f,-0.0661f,0.7342f,0.7161f,-0.0499f,0.6962f,0.0165f,-0.698f,-0.0437f,0.7148f,1.2262f,0f,0f,0f,1f],start_interpolation: 0,interpolation_duration: 0}
$data merge entity $(bone16) {transformation: [0.0269f,-0.9978f,-0.0606f,0.7339f,0.2979f,-0.0499f,0.9533f,0.0584f,-0.9542f,-0.0437f,0.2959f,1.0856f,0f,0f,0f,1f],start_interpolation: 0,interpolation_duration: 0}
$data merge entity $(bone27) {transformation: [-0.8549f,-0.5146f,-0.0665f,1.1795f,-0.0283f,-0.0817f,0.9963f,0.0414f,-0.5181f,0.8535f,0.0553f,1.1345f,0f,0f,0f,1f],start_interpolation: 0,interpolation_duration: 0}
$data merge entity $(bone26) {transformation: [-0.8429f,-0.535f,-0.0564f,1.0455f,-0.0243f,-0.0669f,0.9975f,0.0384f,-0.5374f,0.8422f,0.0434f,1.0568f,0f,0f,0f,1f],start_interpolation: 0,interpolation_duration: 0}
$data merge entity $(bone25) {transformation: [-0.8288f,-0.535f,0.1637f,0.8929f,0.2347f,-0.0669f,0.9698f,0.0789f,-0.5079f,0.8422f,0.181f,0.9682f,0f,0f,0f,1f],start_interpolation: 0,interpolation_duration: 0}
$data merge entity $(bone30) {transformation: [-0.162f,-0.8713f,0.4632f,0.9916f,0.9673f,-0.0473f,0.2493f,-0.1214f,-0.1953f,0.4885f,0.8504f,1.3235f,0f,0f,0f,1f],start_interpolation: 0,interpolation_duration: 0}
$data merge entity $(bone29) {transformation: [-0.3747f,-0.8713f,0.3169f,0.9215f,0.7069f,-0.0473f,0.7057f,0.018f,-0.5999f,0.4885f,0.6336f,1.2032f,0f,0f,0f,1f],start_interpolation: 0,interpolation_duration: 0}
$data merge entity $(bone28) {transformation: [-0.4848f,-0.8713f,0.0761f,0.8195f,0.2374f,-0.0473f,0.9703f,0.0642f,-0.8418f,0.4885f,0.2297f,1.0345f,0f,0f,0f,1f],start_interpolation: 0,interpolation_duration: 0}
$data merge entity $(bone7) {transformation: [0.9637f,-0.0668f,0.2586f,0.6017f,0.0373f,0.9924f,0.1174f,0.9264f,-0.2645f,-0.1035f,0.9588f,0.7218f,0f,0f,0f,1f],start_interpolation: 0,interpolation_duration: 0}
$data merge entity $(bone4) {transformation: [-0.9642f,-0.265f,0.0098f,0.3501f,-0.2467f,0.91f,0.3334f,1.6169f,-0.0973f,0.319f,-0.9427f,0.9868f,0f,0f,0f,1f],start_interpolation: 0,interpolation_duration: 0}
$data merge entity $(bone62) {transformation: [-0.9101f,0.3686f,0.1892f,-0.4164f,0.4109f,0.7447f,0.526f,1.5341f,0.0529f,0.5565f,-0.8292f,0.9505f,0f,0f,0f,1f],start_interpolation: 0,interpolation_duration: 0}
$data merge entity $(bone63) {transformation: [0.2419f,0.4911f,0.8368f,-0.5871f,0.5928f,0.608f,-0.5282f,1.3774f,-0.7682f,0.6238f,-0.1441f,0.8218f,0f,0f,0f,1f],start_interpolation: 0,interpolation_duration: 0}
$data merge entity $(bone65) {transformation: [-0.04f,0.1453f,-0.9886f,-0.8451f,0.1627f,0.9771f,0.137f,0.807f,0.9859f,-0.1554f,-0.0628f,0.6274f,0f,0f,0f,1f],start_interpolation: 0,interpolation_duration: 0}
$data merge entity $(bone66) {transformation: [-0.04f,0.1453f,-0.9886f,-0.9985f,0.1627f,0.9771f,0.137f,0.9935f,0.9859f,-0.1554f,-0.0628f,0.583f,0f,0f,0f,1f],start_interpolation: 0,interpolation_duration: 0}
$data merge entity $(bone67) {transformation: [0.0055f,0.1506f,-0.9886f,-0.8335f,0.449f,0.883f,0.137f,0.7945f,0.8935f,-0.4447f,-0.0628f,0.6012f,0f,0f,0f,1f],start_interpolation: 0,interpolation_duration: 0}
$data merge entity $(bone69) {transformation: [-0.2569f,0.096f,-0.9616f,-0.9169f,0.3649f,0.931f,-0.0045f,0.2275f,0.8949f,-0.3521f,-0.2743f,0.7698f,0f,0f,0f,1f],start_interpolation: 0,interpolation_duration: 0}
$data merge entity $(bone72) {transformation: [0.9236f,0.2611f,0.2806f,-0.6335f,-0.3402f,0.2213f,0.9139f,0.1404f,0.1765f,-0.9396f,0.2932f,0.7973f,0f,0f,0f,1f],start_interpolation: 0,interpolation_duration: 0}
$data merge entity $(bone71) {transformation: [0.7402f,0.2611f,0.6196f,-0.7279f,-0.6707f,0.2213f,0.708f,0.2282f,0.0477f,-0.9396f,0.3389f,0.7905f,0f,0f,0f,1f],start_interpolation: 0,interpolation_duration: 0}
$data merge entity $(bone70) {transformation: [0.4837f,0.2611f,0.8354f,-0.7911f,-0.8724f,0.2213f,0.4359f,0.3412f,-0.0711f,-0.9396f,0.3348f,0.7961f,0f,0f,0f,1f],start_interpolation: 0,interpolation_duration: 0}
$data merge entity $(bone81) {transformation: [0.1554f,0.9876f,0.0205f,-0.8001f,-0.4048f,0.0448f,0.9133f,-0.0608f,0.9011f,-0.1502f,0.4067f,1.1186f,0f,0f,0f,1f],start_interpolation: 0,interpolation_duration: 0}
$data merge entity $(bone80) {transformation: [0.1264f,0.9876f,0.0926f,-0.825f,-0.7939f,0.0448f,0.6063f,0.0956f,0.5947f,-0.1502f,0.7898f,1.0014f,0f,0f,0f,1f],start_interpolation: 0,interpolation_duration: 0}
$data merge entity $(bone73) {transformation: [0.1555f,0.9876f,0.0199f,-0.8436f,-0.4012f,0.0448f,0.9149f,0.1531f,0.9027f,-0.1502f,0.4032f,0.8677f,0f,0f,0f,1f],start_interpolation: 0,interpolation_duration: 0}
$data merge entity $(bone84) {transformation: [-0.7125f,0.6947f,0.0989f,-1.2567f,0.1119f,-0.0267f,0.9934f,0.0344f,0.6927f,0.7188f,-0.0587f,1.0188f,0f,0f,0f,1f],start_interpolation: 0,interpolation_duration: 0}
$data merge entity $(bone83) {transformation: [-0.6797f,0.7119f,-0.1766f,-1.1471f,-0.2569f,-0.0055f,0.9664f,0.0753f,0.6871f,0.7022f,0.1866f,0.9172f,0f,0f,0f,1f],start_interpolation: 0,interpolation_duration: 0}
$data merge entity $(bone82) {transformation: [-0.6108f,0.7119f,-0.3465f,-1.0329f,-0.4982f,-0.0055f,0.867f,0.1639f,0.6153f,0.7022f,0.3581f,0.8083f,0f,0f,0f,1f],start_interpolation: 0,interpolation_duration: 0}
$data merge entity $(bone103) {transformation: [-0.2878f,0.9514f,-0.1095f,-1.0382f,-0.3077f,0.0164f,0.9513f,-0.0663f,0.9069f,0.3075f,0.2881f,1.157f,0f,0f,0f,1f],start_interpolation: 0,interpolation_duration: 0}
$data merge entity $(bone102) {transformation: [-0.215f,0.9514f,-0.2204f,-0.9999f,-0.6796f,0.0164f,0.7334f,0.0675f,0.7014f,0.3075f,0.6431f,1.0175f,0f,0f,0f,1f],start_interpolation: 0,interpolation_duration: 0}
$data merge entity $(bone85) {transformation: [-0.2743f,0.9514f,-0.1399f,-0.94f,-0.4086f,0.0164f,0.9126f,0.1487f,0.8705f,0.3075f,0.3843f,0.842f,0f,0f,0f,1f],start_interpolation: 0,interpolation_duration: 0}
$data merge entity $(bone64) {transformation: [0.9886f,0.1469f,-0.0337f,-0.7852f,-0.137f,0.9691f,0.2052f,1.1334f,0.0628f,-0.1982f,0.9781f,0.5542f,0f,0f,0f,1f],start_interpolation: 0,interpolation_duration: 0}
$data merge entity $(bone61) {transformation: [-0.8368f,0.5137f,0.1892f,-0.3501f,0.5282f,0.6666f,0.526f,1.6169f,0.1441f,0.5401f,-0.8292f,0.9868f,0f,0f,0f,1f],start_interpolation: 0,interpolation_duration: 0}
$data merge entity $(bone23) {transformation: [-0.7934f,-0.6088f,0f,0.1071f,-0.0907f,0.1182f,0.9888f,1.54f,-0.602f,0.7845f,-0.149f,1.0116f,0f,0f,0f,1f],start_interpolation: 0,interpolation_duration: 0}
$data merge entity $(bone22) {transformation: [-0.7934f,0.6088f,0f,-0.1071f,0.0907f,0.1182f,0.9888f,1.54f,0.602f,0.7845f,-0.149f,1.0116f,0f,0f,0f,1f],start_interpolation: 0,interpolation_duration: 0}
$data merge entity $(bone89) {transformation: [-1f,0.0072f,0.0007f,0.002f,0.0054f,0.6842f,0.7292f,2.2442f,0.0047f,0.7292f,-0.6843f,1.4804f,0f,0f,0f,1f],start_interpolation: 0,interpolation_duration: 0}
$data merge entity $(bone90) {transformation: [-1f,0.0069f,0.0019f,0.0013f,0.0054f,0.5472f,0.837f,2.1824f,0.0047f,0.837f,-0.5472f,1.4018f,0f,0f,0f,1f],start_interpolation: 0,interpolation_duration: 0}
$data merge entity $(bone88) {transformation: [-1f,0.0071f,0.0013f,0.0312f,0.0054f,0.6181f,0.7861f,2.0426f,0.0047f,0.7861f,-0.6181f,1.2848f,0f,0f,0f,1f],start_interpolation: 0,interpolation_duration: 0}
$data merge entity $(bone42) {transformation: [-1f,0f,0f,0f,0f,0.7517f,0.6596f,1.7452f,0f,0.6596f,-0.7517f,1.6881f,0f,0f,0f,1f],start_interpolation: 0,interpolation_duration: 0}
$data merge entity $(bone87) {transformation: [-0.9998f,0.0157f,-0.0096f,-0.0044f,0.0029f,0.6458f,0.7635f,1.2908f,0.0182f,0.7633f,-0.6458f,2.2411f,0f,0f,0f,1f],start_interpolation: 0,interpolation_duration: 0}
$data merge entity $(bone86) {transformation: [-1f,0f,0f,0f,0f,0.7272f,0.6864f,1.4438f,0f,0.6864f,-0.7272f,2.0718f,0f,0f,0f,1f],start_interpolation: 0,interpolation_duration: 0}
$data merge entity $(bone92) {transformation: [-0.8818f,0.2593f,-0.3939f,0.1194f,-0.0675f,0.7573f,0.6495f,1.8179f,0.4668f,0.5993f,-0.6503f,1.7283f,0f,0f,0f,1f],start_interpolation: 0,interpolation_duration: 0}
$data merge entity $(bone3) {transformation: [-0.8818f,-0.2593f,0.3939f,-0.1194f,0.0675f,0.7573f,0.6495f,1.8179f,-0.4668f,0.5993f,-0.6503f,1.7283f,0f,0f,0f,1f],start_interpolation: 0,interpolation_duration: 0}
$data merge entity $(head) {transformation: [-1f,0f,0f,0f,0f,0.7622f,0.6474f,1.7413f,0f,0.6474f,-0.7622f,1.5044f,0f,0f,0f,1f],start_interpolation: 0,interpolation_duration: 0}
$data merge entity $(neck) {transformation: [-1f,0f,0f,0f,0f,0.5686f,0.8226f,1.6453f,0f,0.8226f,-0.5686f,1.3656f,0f,0f,0f,1f],start_interpolation: 0,interpolation_duration: 0}
$data merge entity $(bone2) {transformation: [-1f,0f,0f,0f,0f,0.149f,0.9888f,1.5774f,0f,0.9888f,-0.149f,1.055f,0f,0f,0f,1f],start_interpolation: 0,interpolation_duration: 0}
$data merge entity $(bone136) {transformation: [-1f,0f,0f,0f,0f,0.2005f,1.0886f,1.5555f,0f,0.9797f,-0.2228f,0.8595f,0f,0f,0f,1f],start_interpolation: 0,interpolation_duration: 0}
$data merge entity $(bone118) {transformation: [-0.0863f,-0.849f,-0.5213f,0.2583f,0.9921f,-0.1209f,0.0327f,1.7167f,-0.0908f,-0.5144f,0.8527f,0.7681f,0f,0f,0f,1f],start_interpolation: 0,interpolation_duration: 0}
$data merge entity $(bone119) {transformation: [-0.1492f,-0.849f,-0.5069f,0.7338f,0.9887f,-0.1209f,-0.0885f,1.7633f,0.0138f,-0.5144f,0.8574f,-0.0394f,0f,0f,0f,1f],start_interpolation: 0,interpolation_duration: 0}
$data merge entity $(bone120) {transformation: [-0.4903f,-0.849f,0.1971f,1.6277f,-0.1828f,-0.1209f,-0.9757f,1.0431f,0.8522f,-0.5144f,-0.0959f,0.6152f,0f,0f,0f,1f],start_interpolation: 0,interpolation_duration: 0}
$data merge entity $(bone121) {transformation: [0f,0f,0f,0.9829f,0f,0f,0f,1.877f,0f,0f,0f,-0.4655f,0f,0f,0f,1f],start_interpolation: 0,interpolation_duration: 0}
$data merge entity $(bone123) {transformation: [0.0376f,-1.7318f,-1.0622f,0.8981f,1.9781f,-0.2111f,0.4142f,1.3427f,-0.4633f,-1.0417f,1.682f,2.4242f,0f,0f,0f,1f],start_interpolation: 0,interpolation_duration: 0}
$data merge entity $(bone124) {transformation: [-0.1174f,-0.8523f,-0.5097f,0.7243f,0.9931f,-0.1039f,-0.0551f,2.7169f,-0.006f,-0.5127f,0.8586f,-0.2566f,0f,0f,0f,1f],start_interpolation: 0,interpolation_duration: 0}
$data merge entity $(bone122) {transformation: [-0.378f,-1.3132f,-0.7118f,0.5494f,1.456f,-0.1601f,-0.478f,2.706f,0.3334f,-0.7899f,1.2802f,0.0349f,0f,0f,0f,1f],start_interpolation: 0,interpolation_duration: 0}
$data merge entity $(bone126) {transformation: [0.2735f,-0.8523f,-0.4459f,1.1355f,0.7469f,-0.1039f,0.6568f,1.9898f,-0.6061f,-0.5127f,0.6082f,-0.7917f,0f,0f,0f,1f],start_interpolation: 0,interpolation_duration: 0}
$data merge entity $(bone127) {transformation: [0.1488f,-0.8523f,-0.5015f,0.7927f,0.8914f,-0.1039f,0.4411f,2.3968f,-0.428f,-0.5127f,0.7443f,-0.3054f,0f,0f,0f,1f],start_interpolation: 0,interpolation_duration: 0}
$data merge entity $(bone125) {transformation: [0.0195f,-1.1948f,-0.733f,0.6262f,1.3671f,-0.1456f,0.2738f,2.5608f,-0.3095f,-0.7187f,1.1632f,-0.0545f,0f,0f,0f,1f],start_interpolation: 0,interpolation_duration: 0}
$data merge entity $(bone129) {transformation: [1.0324f,-1.5894f,-0.2095f,0.4561f,0.0585f,-0.1937f,2.0023f,3.881f,-1.7283f,-0.956f,-0.0574f,2.6447f,0f,0f,0f,1f],start_interpolation: 0,interpolation_duration: 0}
$data merge entity $(bone130) {transformation: [0.5326f,-0.8523f,-0.1883f,0.8449f,0.1805f,-0.1039f,1.0589f,1.5626f,-0.922f,-0.5127f,0.0985f,-0.2231f,0f,0f,0f,1f],start_interpolation: 0,interpolation_duration: 0}
$data merge entity $(bone131) {transformation: [0.4543f,-0.8523f,-0.3358f,0.6991f,0.4822f,-0.1039f,0.9598f,2.144f,-0.8529f,-0.5127f,0.3638f,-0.0987f,0f,0f,0f,1f],start_interpolation: 0,interpolation_duration: 0}
$data merge entity $(bone128) {transformation: [0.371f,-0.8985f,-0.4659f,0.5913f,0.7529f,-0.1095f,0.8459f,2.4489f,-0.7693f,-0.5405f,0.6032f,0.0081f,0f,0f,0f,1f],start_interpolation: 0,interpolation_duration: 0}
$data merge entity $(bone132) {transformation: [-0.2167f,-0.8523f,-0.4761f,0.4686f,0.9621f,-0.1039f,-0.252f,2.5866f,0.1653f,-0.5127f,0.8425f,0.2072f,0f,0f,0f,1f],start_interpolation: 0,interpolation_duration: 0}
$data merge entity $(bone133) {transformation: [-0.3789f,-1.4469f,-0.7032f,0.5336f,1.6824f,-0.1764f,-0.3721f,2.6032f,0.289f,-0.8703f,1.2444f,0.1075f,0f,0f,0f,1f],start_interpolation: 0,interpolation_duration: 0}
$data merge entity $(w5) {transformation: [-0.2167f,-0.8523f,-0.4761f,0.542f,0.9621f,-0.1039f,-0.252f,2.5365f,0.1653f,-0.5127f,0.8425f,0.1201f,0f,0f,0f,1f],start_interpolation: 0,interpolation_duration: 0}
$data merge entity $(w2) {transformation: [-0.5147f,-0.849f,-0.1197f,0.7073f,0.4098f,-0.1209f,-0.9041f,1.7789f,0.7531f,-0.5144f,0.4102f,-0.0226f,0f,0f,0f,1f],start_interpolation: 0,interpolation_duration: 0}
$data merge entity $(wing3) {transformation: [-0.0863f,-0.849f,-0.5213f,0.2175f,0.9921f,-0.1209f,0.0327f,1.8198f,-0.0908f,-0.5144f,0.8527f,0.7761f,0f,0f,0f,1f],start_interpolation: 0,interpolation_duration: 0}
$data merge entity $(bone104) {transformation: [-0.0863f,0.849f,0.5213f,-0.2583f,-0.9921f,-0.1209f,0.0327f,1.7167f,0.0908f,-0.5144f,0.8527f,0.7681f,0f,0f,0f,1f],start_interpolation: 0,interpolation_duration: 0}
$data merge entity $(bone105) {transformation: [-0.1492f,0.849f,0.5069f,-0.7338f,-0.9887f,-0.1209f,-0.0885f,1.7633f,-0.0138f,-0.5144f,0.8574f,-0.0394f,0f,0f,0f,1f],start_interpolation: 0,interpolation_duration: 0}
$data merge entity $(bone106) {transformation: [-0.4903f,0.849f,-0.1971f,-1.6277f,0.1828f,-0.1209f,-0.9757f,1.0431f,-0.8522f,-0.5144f,-0.0959f,0.6152f,0f,0f,0f,1f],start_interpolation: 0,interpolation_duration: 0}
$data merge entity $(bone107) {transformation: [0f,0f,0f,-0.9829f,0f,0f,0f,1.877f,0f,0f,0f,-0.4655f,0f,0f,0f,1f],start_interpolation: 0,interpolation_duration: 0}
$data merge entity $(bone109) {transformation: [0.053f,1.7318f,0.9991f,-0.9311f,-1.8126f,-0.2111f,0.3551f,1.4505f,0.4554f,-1.0417f,1.5891f,2.3476f,0f,0f,0f,1f],start_interpolation: 0,interpolation_duration: 0}
$data merge entity $(bone110) {transformation: [-0.1021f,0.8523f,0.4817f,-0.7147f,-0.9069f,-0.1039f,-0.0621f,2.72f,0.0141f,-0.5127f,0.8134f,-0.2412f,0f,0f,0f,1f],start_interpolation: 0,interpolation_duration: 0}
$data merge entity $(bone108) {transformation: [-0.344f,1.3132f,0.6762f,-0.5494f,-1.325f,-0.1601f,-0.4541f,2.706f,-0.3034f,-0.7899f,1.2162f,0.0349f,0f,0f,0f,1f],start_interpolation: 0,interpolation_duration: 0}
$data merge entity $(bone112) {transformation: [0.2735f,0.8523f,0.4459f,-1.1355f,-0.7469f,-0.1039f,0.6568f,1.9898f,0.6061f,-0.5127f,0.6082f,-0.7917f,0f,0f,0f,1f],start_interpolation: 0,interpolation_duration: 0}
$data merge entity $(bone113) {transformation: [0.1488f,0.8523f,0.5015f,-0.7927f,-0.8914f,-0.1039f,0.4411f,2.3968f,0.428f,-0.5127f,0.7443f,-0.3054f,0f,0f,0f,1f],start_interpolation: 0,interpolation_duration: 0}
$data merge entity $(bone111) {transformation: [0.0195f,1.1948f,0.733f,-0.6262f,-1.3671f,-0.1456f,0.2738f,2.5608f,0.3095f,-0.7187f,1.1632f,-0.0545f,0f,0f,0f,1f],start_interpolation: 0,interpolation_duration: 0}
$data merge entity $(bone115) {transformation: [1.0324f,1.5894f,0.2095f,-0.4561f,-0.0585f,-0.1937f,2.0023f,3.881f,1.7283f,-0.956f,-0.0574f,2.6447f,0f,0f,0f,1f],start_interpolation: 0,interpolation_duration: 0}
$data merge entity $(bone116) {transformation: [0.5326f,0.8523f,0.1883f,-0.8449f,-0.1805f,-0.1039f,1.0589f,1.5626f,0.922f,-0.5127f,0.0985f,-0.2231f,0f,0f,0f,1f],start_interpolation: 0,interpolation_duration: 0}
$data merge entity $(bone117) {transformation: [0.4543f,0.8523f,0.3358f,-0.6991f,-0.4822f,-0.1039f,0.9598f,2.144f,0.8529f,-0.5127f,0.3638f,-0.0987f,0f,0f,0f,1f],start_interpolation: 0,interpolation_duration: 0}
$data merge entity $(bone114) {transformation: [0.371f,0.8985f,0.4659f,-0.5913f,-0.7529f,-0.1095f,0.8459f,2.4489f,0.7693f,-0.5405f,0.6032f,0.0081f,0f,0f,0f,1f],start_interpolation: 0,interpolation_duration: 0}
$data merge entity $(bone134) {transformation: [-0.2167f,0.8523f,0.4761f,-0.4686f,-0.9621f,-0.1039f,-0.252f,2.5866f,-0.1653f,-0.5127f,0.8425f,0.2072f,0f,0f,0f,1f],start_interpolation: 0,interpolation_duration: 0}
$data merge entity $(bone135) {transformation: [-0.3789f,1.4469f,0.7032f,-0.5336f,-1.6824f,-0.1764f,-0.3721f,2.6032f,-0.289f,-0.8703f,1.2444f,0.1075f,0f,0f,0f,1f],start_interpolation: 0,interpolation_duration: 0}
$data merge entity $(w4) {transformation: [-0.2167f,0.8523f,0.4761f,-0.542f,-0.9621f,-0.1039f,-0.252f,2.5365f,-0.1653f,-0.5127f,0.8425f,0.1201f,0f,0f,0f,1f],start_interpolation: 0,interpolation_duration: 0}
$data merge entity $(w3) {transformation: [-0.5147f,0.849f,0.1197f,-0.7073f,-0.4098f,-0.1209f,-0.9041f,1.7789f,-0.7531f,-0.5144f,0.4102f,-0.0226f,0f,0f,0f,1f],start_interpolation: 0,interpolation_duration: 0}
$data merge entity $(wing2) {transformation: [-0.0863f,0.849f,0.5213f,-0.2175f,-0.9921f,-0.1209f,0.0327f,1.8198f,0.0908f,-0.5144f,0.8527f,0.7761f,0f,0f,0f,1f],start_interpolation: 0,interpolation_duration: 0}
$data merge entity $(bone20) {transformation: [-1f,0f,0f,-0.1563f,0f,-0.1553f,0.9879f,1.5646f,0f,0.9879f,0.1553f,0.3246f,0f,0f,0f,1f],start_interpolation: 0,interpolation_duration: 0}
$data merge entity $(bone101) {transformation: [-1f,0f,0f,0f,0f,-0.4121f,0.9112f,1.1827f,0f,0.9112f,0.4121f,-2.694f,0f,0f,0f,1f],start_interpolation: 0,interpolation_duration: 0}
$data merge entity $(bone100) {transformation: [-1f,0f,0f,0f,0f,0.2333f,0.9724f,0.7436f,0f,0.9724f,-0.2333f,-2.5823f,0f,0f,0f,1f],start_interpolation: 0,interpolation_duration: 0}
$data merge entity $(bone99) {transformation: [-1f,0f,0f,0f,0f,0.4896f,0.8719f,0.3021f,0f,0.8719f,-0.4896f,-2.3344f,0f,0f,0f,1f],start_interpolation: 0,interpolation_duration: 0}
$data merge entity $(bone98) {transformation: [-1f,0f,0f,0f,0f,0.8664f,0.4994f,0.0556f,0f,0.4994f,-0.8664f,-1.9066f,0f,0f,0f,1f],start_interpolation: 0,interpolation_duration: 0}
$data merge entity $(bone97) {transformation: [-1f,0f,0f,0f,0f,0.9871f,-0.16f,0.1376f,0f,-0.16f,-0.9871f,-1.4007f,0f,0f,0f,1f],start_interpolation: 0,interpolation_duration: 0}
$data merge entity $(bone96) {transformation: [-1f,0f,0f,0f,0f,0.8507f,-0.5256f,0.4004f,0f,-0.5256f,-0.8507f,-0.9754f,0f,0f,0f,1f],start_interpolation: 0,interpolation_duration: 0}
$data merge entity $(bone95) {transformation: [-1f,0f,0f,0f,0f,0.6533f,-0.7571f,0.7742f,0f,-0.7571f,-0.6533f,-0.6528f,0f,0f,0f,1f],start_interpolation: 0,interpolation_duration: 0}
$data merge entity $(bone94) {transformation: [-1f,0f,0f,0f,0f,0.5848f,-0.8112f,1.1747f,0f,-0.8112f,-0.5848f,-0.3641f,0f,0f,0f,1f],start_interpolation: 0,interpolation_duration: 0}
$data merge entity $(bone93) {transformation: [-1f,0f,0f,0f,0f,0.7168f,-0.6973f,1.4384f,0f,-0.6973f,-0.7168f,-0.093f,0f,0f,0f,1f],start_interpolation: 0,interpolation_duration: 0}
$data merge entity $(bone) {transformation: [-1f,0f,0f,0f,0f,0.5373f,0.8434f,1.3462f,0f,0.8434f,-0.5373f,-0.0343f,0f,0f,0f,1f],start_interpolation: 0,interpolation_duration: 0}
$data merge entity $(bone24) {transformation: [-0.9665f,-0.2565f,-0.0013f,0.1031f,-0.2563f,0.9655f,0.0464f,1.2874f,-0.0106f,0.0452f,-0.9989f,-0.0355f,0f,0f,0f,1f],start_interpolation: 0,interpolation_duration: 0}
$data merge entity $(bone32) {transformation: [-0.9973f,-0.0539f,-0.0499f,0.2289f,-0.0689f,0.4511f,0.8898f,0.6194f,-0.0254f,0.8909f,-0.4536f,-0.3093f,0f,0f,0f,1f],start_interpolation: 0,interpolation_duration: 0}
$data merge entity $(bone36) {transformation: [-0.9989f,-0.0184f,-0.0424f,0.3369f,-0.0194f,0.9995f,0.0231f,0.294f,0.0419f,0.0239f,-0.9988f,-1.017f,0f,0f,0f,1f],start_interpolation: 0,interpolation_duration: 0}
$data merge entity $(bone35) {transformation: [-0.9989f,0.0052f,-0.0459f,0.2991f,-0.0194f,0.8541f,0.5198f,0.4183f,0.0419f,0.5201f,-0.8531f,-0.9346f,0f,0f,0f,1f],start_interpolation: 0,interpolation_duration: 0}
$data merge entity $(bone34) {transformation: [-0.9989f,0.0112f,-0.0449f,0.3014f,-0.0194f,0.7789f,0.6268f,0.4943f,0.0419f,0.627f,-0.7779f,-0.876f,0f,0f,0f,1f],start_interpolation: 0,interpolation_duration: 0}
$data merge entity $(bone77) {transformation: [-0.9329f,0.3576f,-0.0431f,0.1062f,0.0172f,-0.0752f,-0.997f,0.0716f,-0.3597f,-0.9309f,0.064f,-0.3571f,0f,0f,0f,1f],start_interpolation: 0,interpolation_duration: 0}
$data merge entity $(bone75) {transformation: [-0.9329f,0.3576f,-0.0431f,0.1691f,0.0172f,-0.0752f,-0.997f,0.0597f,-0.3597f,-0.9309f,0.064f,-0.5319f,0f,0f,0f,1f],start_interpolation: 0,interpolation_duration: 0}
$data merge entity $(bone39) {transformation: [-0.9329f,0.3576f,-0.0431f,0.2313f,0.0172f,-0.0752f,-0.997f,0.0447f,-0.3597f,-0.9309f,0.064f,-0.6902f,0f,0f,0f,1f],start_interpolation: 0,interpolation_duration: 0}
$data merge entity $(bone76) {transformation: [-0.9603f,-0.2786f,-0.0147f,0.499f,0.0237f,-0.0288f,-0.9993f,0.0519f,0.278f,-0.96f,0.0343f,-0.3327f,0f,0f,0f,1f],start_interpolation: 0,interpolation_duration: 0}
$data merge entity $(bone74) {transformation: [-0.9603f,-0.2786f,-0.0147f,0.4827f,0.0237f,-0.0288f,-0.9993f,0.0546f,0.278f,-0.96f,0.0343f,-0.529f,0f,0f,0f,1f],start_interpolation: 0,interpolation_duration: 0}
$data merge entity $(bone40) {transformation: [-0.9603f,-0.2786f,-0.0147f,0.4338f,0.0237f,-0.0288f,-0.9993f,0.0477f,0.278f,-0.96f,0.0343f,-0.6925f,0f,0f,0f,1f],start_interpolation: 0,interpolation_duration: 0}
$data merge entity $(bone79) {transformation: [-0.9997f,0.023f,-0.0057f,0.3144f,0.005f,-0.0292f,-0.9996f,0.0598f,-0.0231f,-0.9993f,0.0291f,-0.2925f,0f,0f,0f,1f],start_interpolation: 0,interpolation_duration: 0}
$data merge entity $(bone78) {transformation: [-0.9997f,0.023f,-0.0057f,0.323f,0.005f,-0.0292f,-0.9996f,0.0559f,-0.0231f,-0.9993f,0.0291f,-0.4931f,0f,0f,0f,1f],start_interpolation: 0,interpolation_duration: 0}
$data merge entity $(bone41) {transformation: [-0.9997f,0.023f,-0.0057f,0.3263f,0.005f,-0.0292f,-0.9996f,0.0481f,-0.0231f,-0.9993f,0.0291f,-0.6921f,0f,0f,0f,1f],start_interpolation: 0,interpolation_duration: 0}
$data merge entity $(bone38) {transformation: [-1f,0.002f,-0.0048f,0.3382f,0.0037f,0.9196f,-0.3929f,0.3089f,0.0036f,-0.3929f,-0.9196f,-0.7798f,0f,0f,0f,1f],start_interpolation: 0,interpolation_duration: 0}
$data merge entity $(bone33) {transformation: [-0.9995f,-0.0254f,-0.0197f,0.3212f,-0.032f,0.8535f,0.5201f,0.5351f,0.0036f,0.5205f,-0.8539f,-0.6412f,0f,0f,0f,1f],start_interpolation: 0,interpolation_duration: 0}
$data merge entity $(bone31) {transformation: [-0.9973f,-0.0449f,-0.0581f,0.279f,-0.0689f,0.298f,0.9521f,0.6658f,-0.0254f,0.9535f,-0.3003f,0.2131f,0f,0f,0f,1f],start_interpolation: 0,interpolation_duration: 0}
$data merge entity $(bone19) {transformation: [-0.9852f,-0.1672f,0.0372f,0.1713f,-0.1711f,0.9694f,-0.1762f,1.295f,-0.0066f,-0.1799f,-0.9837f,-0.0343f,0f,0f,0f,1f],start_interpolation: 0,interpolation_duration: 0}
$data merge entity $(bone44) {transformation: [-0.7985f,0.5201f,0.3032f,-0.1115f,0.1759f,0.6832f,-0.7087f,1.2893f,-0.5757f,-0.5126f,-0.637f,-0.001f,0f,0f,0f,1f],start_interpolation: 0,interpolation_duration: 0}
$data merge entity $(bone46) {transformation: [-0.889f,-0.2349f,0.3931f,-0.2855f,0.0608f,0.7902f,0.6098f,0.7897f,-0.4539f,0.566f,-0.6882f,0.1131f,0f,0f,0f,1f],start_interpolation: 0,interpolation_duration: 0}
$data merge entity $(bone50) {transformation: [-0.8707f,-0.1262f,0.4753f,-0.0732f,0.0248f,0.954f,0.2987f,0.3296f,-0.4912f,0.2718f,-0.8276f,-0.5379f,0f,0f,0f,1f],start_interpolation: 0,interpolation_duration: 0}
$data merge entity $(bone49) {transformation: [-0.8707f,-0.347f,0.3485f,-0.0924f,0.0248f,0.6769f,0.7357f,0.4264f,-0.4912f,0.6492f,-0.5808f,-0.4199f,0f,0f,0f,1f],start_interpolation: 0,interpolation_duration: 0}
$data merge entity $(bone48) {transformation: [-0.8707f,-0.3895f,0.3003f,-0.1303f,0.0248f,0.5751f,0.8177f,0.4834f,-0.4912f,0.7195f,-0.4911f,-0.3525f,0f,0f,0f,1f],start_interpolation: 0,interpolation_duration: 0}
$data merge entity $(bone54) {transformation: [-0.9805f,0.1963f,0.0124f,-0.2543f,-0.0199f,-0.0363f,-0.9991f,0.065f,-0.1957f,-0.9799f,0.0395f,0.2182f,0f,0f,0f,1f],start_interpolation: 0,interpolation_duration: 0}
$data merge entity $(bone53) {transformation: [-0.9805f,0.1963f,0.0124f,-0.2139f,-0.0199f,-0.0363f,-0.9991f,0.0603f,-0.1957f,-0.9799f,0.0395f,0.0366f,0f,0f,0f,1f],start_interpolation: 0,interpolation_duration: 0}
$data merge entity $(bone52) {transformation: [-0.9805f,0.1963f,0.0124f,-0.1816f,-0.0199f,-0.0363f,-0.9991f,0.052f,-0.1957f,-0.9799f,0.0395f,-0.131f,0f,0f,0f,1f],start_interpolation: 0,interpolation_duration: 0}
$data merge entity $(bone57) {transformation: [-0.7276f,0.686f,0.0094f,-0.5825f,-0.0167f,-0.0041f,-0.9999f,0.0598f,-0.6858f,-0.7276f,0.0144f,0.0651f,0f,0f,0f,1f],start_interpolation: 0,interpolation_duration: 0}
$data merge entity $(bone56) {transformation: [-0.7276f,0.686f,0.0094f,-0.4785f,-0.0167f,-0.0041f,-0.9999f,0.0675f,-0.6858f,-0.7276f,0.0144f,-0.1021f,0f,0f,0f,1f],start_interpolation: 0,interpolation_duration: 0}
$data merge entity $(bone55) {transformation: [-0.7276f,0.686f,0.0094f,-0.3603f,-0.0167f,-0.0041f,-0.9999f,0.0647f,-0.6858f,-0.7276f,0.0144f,-0.2254f,0f,0f,0f,1f],start_interpolation: 0,interpolation_duration: 0}
$data merge entity $(bone60) {transformation: [-0.8803f,0.4736f,-0.0274f,-0.452f,0.0134f,-0.033f,-0.9994f,0.0732f,-0.4742f,-0.8801f,0.0227f,0.1774f,0f,0f,0f,1f],start_interpolation: 0,interpolation_duration: 0}
$data merge entity $(bone59) {transformation: [-0.8803f,0.4736f,-0.0274f,-0.3604f,0.0134f,-0.033f,-0.9994f,0.0686f,-0.4742f,-0.8801f,0.0227f,-0.0013f,0f,0f,0f,1f],start_interpolation: 0,interpolation_duration: 0}
$data merge entity $(bone58) {transformation: [-0.8803f,0.4736f,-0.0274f,-0.2649f,0.0134f,-0.033f,-0.9994f,0.0599f,-0.4742f,-0.8801f,0.0227f,-0.176f,0f,0f,0f,1f],start_interpolation: 0,interpolation_duration: 0}
$data merge entity $(bone51) {transformation: [-0.8868f,0.2169f,0.4081f,-0.2244f,0.0446f,0.9191f,-0.3915f,0.3211f,-0.46f,-0.3289f,-0.8247f,-0.2533f,0f,0f,0f,1f],start_interpolation: 0,interpolation_duration: 0}
$data merge entity $(bone47) {transformation: [-0.8868f,-0.1197f,0.4464f,-0.2473f,0.0446f,0.9392f,0.3405f,0.5701f,-0.46f,0.3219f,-0.8275f,-0.1627f,0f,0f,0f,1f],start_interpolation: 0,interpolation_duration: 0}
$data merge entity $(bone45) {transformation: [-0.889f,-0.2966f,0.3489f,-0.5361f,0.0608f,0.6787f,0.7319f,1.0551f,-0.4539f,0.6718f,-0.5853f,0.4931f,0f,0f,0f,1f],start_interpolation: 0,interpolation_duration: 0}
$data merge entity $(bone43) {transformation: [-0.8408f,0.5052f,0.1945f,-0.1713f,0.1157f,0.5187f,-0.8471f,1.295f,-0.5289f,-0.6897f,-0.4945f,-0.0343f,0f,0f,0f,1f],start_interpolation: 0,interpolation_duration: 0}