# This file was generated by Animated Java via MC-Build. It is not recommended to edit this file directly.
$data merge entity $(bone5) {transformation: [-0.9947f,-0.1022f,0.0094f,0.385f,-0.0933f,0.9381f,0.3335f,1.5087f,-0.0429f,0.3308f,-0.9427f,0.9771f,0f,0f,0f,1f],start_interpolation: 0,interpolation_duration: 0}
$data merge entity $(bone6) {transformation: [0.0184f,-0.2645f,-0.9642f,0.4943f,-0.4268f,0.87f,-0.2468f,1.2782f,0.9042f,0.416f,-0.0969f,0.9052f,0f,0f,0f,1f],start_interpolation: 0,interpolation_duration: 0}
$data merge entity $(bone8) {transformation: [-0.2617f,-0.0557f,0.9635f,0.6357f,-0.0736f,0.9966f,0.0376f,0.5884f,-0.9623f,-0.0611f,-0.2649f,0.7603f,0f,0f,0f,1f],start_interpolation: 0,interpolation_duration: 0}
$data merge entity $(bone9) {transformation: [-0.2617f,-0.0557f,0.9635f,0.7979f,-0.0736f,0.9966f,0.0376f,0.7609f,-0.9623f,-0.0611f,-0.2649f,0.6954f,0f,0f,0f,1f],start_interpolation: 0,interpolation_duration: 0}
$data merge entity $(bone10) {transformation: [-0.2328f,-0.1318f,0.9635f,0.6175f,-0.3699f,0.9283f,0.0376f,0.5795f,-0.8994f,-0.3476f,-0.2649f,0.7365f,0f,0f,0f,1f],start_interpolation: 0,interpolation_duration: 0}
$data merge entity $(bone12) {transformation: [-0.1899f,-0.5154f,0.8356f,0.7577f,-0.8885f,0.4524f,0.0771f,0.0716f,-0.4178f,-0.7278f,-0.5439f,0.9448f,0f,0f,0f,1f],start_interpolation: 0,interpolation_duration: 0}
$data merge entity $(bone15) {transformation: [0.9845f,-0.1055f,0.1404f,0.3756f,-0.1582f,-0.1845f,0.97f,0.0295f,-0.0764f,-0.9771f,-0.1984f,0.999f,0f,0f,0f,1f],start_interpolation: 0,interpolation_duration: 0}
$data merge entity $(bone14) {transformation: [0.9485f,-0.1055f,-0.2989f,0.4975f,0.2766f,-0.1845f,0.9431f,0.0662f,-0.1546f,-0.9771f,-0.1459f,0.9777f,0f,0f,0f,1f],start_interpolation: 0,interpolation_duration: 0}
$data merge entity $(bone13) {transformation: [0.789f,-0.1055f,-0.6052f,0.6004f,0.5825f,-0.1845f,0.7916f,0.1398f,-0.1952f,-0.9771f,-0.0842f,0.9493f,0f,0f,0f,1f],start_interpolation: 0,interpolation_duration: 0}
$data merge entity $(bone18) {transformation: [-0.0483f,-0.9976f,-0.0496f,0.7356f,0.9979f,-0.0504f,0.0416f,-0.1357f,-0.044f,-0.0475f,0.9979f,1.3572f,0f,0f,0f,1f],start_interpolation: 0,interpolation_duration: 0}
$data merge entity $(bone17) {transformation: [-0.0051f,-0.9976f,-0.069f,0.7346f,0.7377f,-0.0504f,0.6733f,0.0096f,-0.6751f,-0.0475f,0.7362f,1.2241f,0f,0f,0f,1f],start_interpolation: 0,interpolation_duration: 0}
$data merge entity $(bone16) {transformation: [0.0278f,-0.9976f,-0.0634f,0.7344f,0.3369f,-0.0504f,0.9402f,0.0573f,-0.9411f,-0.0475f,0.3347f,1.0853f,0f,0f,0f,1f],start_interpolation: 0,interpolation_duration: 0}
$data merge entity $(bone27) {transformation: [-0.8541f,-0.5156f,-0.0689f,1.1798f,-0.0321f,-0.08f,0.9963f,0.0416f,-0.5192f,0.8531f,0.0518f,1.1347f,0f,0f,0f,1f],start_interpolation: 0,interpolation_duration: 0}
$data merge entity $(bone26) {transformation: [-0.8421f,-0.5361f,-0.0587f,1.0459f,-0.0281f,-0.0652f,0.9975f,0.038f,-0.5386f,0.8416f,0.0399f,1.0568f,0f,0f,0f,1f],start_interpolation: 0,interpolation_duration: 0}
$data merge entity $(bone25) {transformation: [-0.8286f,-0.5361f,0.1612f,0.8934f,0.2311f,-0.0652f,0.9708f,0.0779f,-0.5099f,0.8416f,0.1779f,0.9679f,0f,0f,0f,1f],start_interpolation: 0,interpolation_duration: 0}
$data merge entity $(bone30) {transformation: [-0.1498f,-0.8715f,0.467f,0.9899f,0.9736f,-0.0479f,0.223f,-0.1322f,-0.172f,0.4881f,0.8557f,1.3183f,0f,0f,0f,1f],start_interpolation: 0,interpolation_duration: 0}
$data merge entity $(bone29) {transformation: [-0.3661f,-0.8715f,0.3263f,0.9215f,0.7257f,-0.0479f,0.6863f,0.011f,-0.5825f,0.4881f,0.65f,1.2014f,0f,0f,0f,1f],start_interpolation: 0,interpolation_duration: 0}
$data merge entity $(bone28) {transformation: [-0.4821f,-0.8715f,0.0903f,0.8201f,0.2669f,-0.0479f,0.9625f,0.0632f,-0.8345f,0.4881f,0.2557f,1.0342f,0f,0f,0f,1f],start_interpolation: 0,interpolation_duration: 0}
$data merge entity $(bone7) {transformation: [0.9635f,-0.067f,0.259f,0.6017f,0.0376f,0.9924f,0.117f,0.9244f,-0.2649f,-0.103f,0.9588f,0.7215f,0f,0f,0f,1f],start_interpolation: 0,interpolation_duration: 0}
$data merge entity $(bone4) {transformation: [-0.9642f,-0.265f,0.0094f,0.3501f,-0.2468f,0.9099f,0.3335f,1.6148f,-0.0969f,0.3192f,-0.9427f,0.9868f,0f,0f,0f,1f],start_interpolation: 0,interpolation_duration: 0}
$data merge entity $(bone62) {transformation: [-0.91f,0.3681f,0.1908f,-0.4164f,0.4114f,0.7438f,0.5268f,1.5321f,0.052f,0.5579f,-0.8283f,0.9502f,0f,0f,0f,1f],start_interpolation: 0,interpolation_duration: 0}
$data merge entity $(bone63) {transformation: [0.2435f,0.4905f,0.8368f,-0.587f,0.5935f,0.607f,-0.5285f,1.3756f,-0.7671f,0.6253f,-0.1433f,0.8211f,0f,0f,0f,1f],start_interpolation: 0,interpolation_duration: 0}
$data merge entity $(bone65) {transformation: [-0.0409f,0.1462f,-0.9884f,-0.8451f,0.1654f,0.9766f,0.1376f,0.8058f,0.9854f,-0.1578f,-0.0642f,0.6268f,0f,0f,0f,1f],start_interpolation: 0,interpolation_duration: 0}
$data merge entity $(bone66) {transformation: [-0.0409f,0.1462f,-0.9884f,-0.9982f,0.1654f,0.9766f,0.1376f,0.9924f,0.9854f,-0.1578f,-0.0642f,0.5818f,0f,0f,0f,1f],start_interpolation: 0,interpolation_duration: 0}
$data merge entity $(bone67) {transformation: [0.0049f,0.1518f,-0.9884f,-0.8335f,0.4514f,0.8816f,0.1376f,0.7933f,0.8923f,-0.4468f,-0.0642f,0.6007f,0f,0f,0f,1f],start_interpolation: 0,interpolation_duration: 0}
$data merge entity $(bone69) {transformation: [-0.258f,0.0961f,-0.9614f,-0.9173f,0.3637f,0.9315f,-0.0045f,0.2267f,0.8951f,-0.3508f,-0.2753f,0.77f,0f,0f,0f,1f],start_interpolation: 0,interpolation_duration: 0}
$data merge entity $(bone72) {transformation: [0.9235f,0.262f,0.28f,-0.6338f,-0.3402f,0.2226f,0.9136f,0.1396f,0.177f,-0.939f,0.2948f,0.7977f,0f,0f,0f,1f],start_interpolation: 0,interpolation_duration: 0}
$data merge entity $(bone71) {transformation: [0.7404f,0.262f,0.619f,-0.7283f,-0.6705f,0.2226f,0.7077f,0.2274f,0.0476f,-0.939f,0.3405f,0.7909f,0f,0f,0f,1f],start_interpolation: 0,interpolation_duration: 0}
$data merge entity $(bone70) {transformation: [0.484f,0.262f,0.8349f,-0.7915f,-0.8721f,0.2226f,0.4357f,0.3403f,-0.0717f,-0.939f,0.3363f,0.7966f,0f,0f,0f,1f],start_interpolation: 0,interpolation_duration: 0}
$data merge entity $(bone81) {transformation: [0.1535f,0.988f,0.0171f,-0.8011f,-0.3942f,0.0453f,0.9179f,-0.0608f,0.9061f,-0.1477f,0.3964f,1.1193f,0f,0f,0f,1f],start_interpolation: 0,interpolation_duration: 0}
$data merge entity $(bone80) {transformation: [0.1253f,0.988f,0.0903f,-0.8258f,-0.7939f,0.0453f,0.6063f,0.0957f,0.5949f,-0.1477f,0.7901f,1.0021f,0f,0f,0f,1f],start_interpolation: 0,interpolation_duration: 0}
$data merge entity $(bone73) {transformation: [0.1535f,0.988f,0.0171f,-0.8441f,-0.394f,0.0453f,0.918f,0.1521f,0.9062f,-0.1477f,0.3963f,0.8679f,0f,0f,0f,1f],start_interpolation: 0,interpolation_duration: 0}
$data merge entity $(bone84) {transformation: [-0.7118f,0.6952f,0.1f,-1.2574f,0.1127f,-0.0275f,0.9932f,0.0349f,0.6932f,0.7183f,-0.0587f,1.0193f,0f,0f,0f,1f],start_interpolation: 0,interpolation_duration: 0}
$data merge entity $(bone83) {transformation: [-0.6801f,0.7124f,-0.1728f,-1.1477f,-0.2525f,-0.0064f,0.9676f,0.075f,0.6882f,0.7017f,0.1842f,0.9175f,0f,0f,0f,1f],start_interpolation: 0,interpolation_duration: 0}
$data merge entity $(bone82) {transformation: [-0.6122f,0.7124f,-0.3429f,-1.0333f,-0.4943f,-0.0064f,0.8693f,0.163f,0.6171f,0.7017f,0.3561f,0.8083f,0f,0f,0f,1f],start_interpolation: 0,interpolation_duration: 0}
$data merge entity $(bone103) {transformation: [-0.287f,0.9515f,-0.111f,-1.0389f,-0.3153f,0.0156f,0.9489f,-0.0659f,0.9046f,0.3073f,0.2955f,1.1578f,0f,0f,0f,1f],start_interpolation: 0,interpolation_duration: 0}
$data merge entity $(bone102) {transformation: [-0.2158f,0.9515f,-0.2193f,-1.0005f,-0.678f,0.0156f,0.7349f,0.0676f,0.7027f,0.3073f,0.6417f,1.018f,0f,0f,0f,1f],start_interpolation: 0,interpolation_duration: 0}
$data merge entity $(bone85) {transformation: [-0.2752f,0.9515f,-0.1376f,-0.9404f,-0.4034f,0.0156f,0.9149f,0.1478f,0.8727f,0.3073f,0.3795f,0.8421f,0f,0f,0f,1f],start_interpolation: 0,interpolation_duration: 0}
$data merge entity $(bone64) {transformation: [0.9884f,0.1479f,-0.0345f,-0.7848f,-0.1376f,0.9684f,0.2078f,1.132f,0.0642f,-0.2007f,0.9776f,0.5528f,0f,0f,0f,1f],start_interpolation: 0,interpolation_duration: 0}
$data merge entity $(bone61) {transformation: [-0.8368f,0.5132f,0.1908f,-0.3501f,0.5285f,0.6657f,0.5268f,1.6148f,0.1433f,0.5417f,-0.8283f,0.9868f,0f,0f,0f,1f],start_interpolation: 0,interpolation_duration: 0}
$data merge entity $(bone23) {transformation: [-0.7934f,-0.6088f,0f,0.1071f,-0.0916f,0.1194f,0.9886f,1.5379f,-0.6018f,0.7843f,-0.1505f,1.0116f,0f,0f,0f,1f],start_interpolation: 0,interpolation_duration: 0}
$data merge entity $(bone22) {transformation: [-0.7934f,0.6088f,0f,-0.1071f,0.0916f,0.1194f,0.9886f,1.5379f,0.6018f,0.7843f,-0.1505f,1.0116f,0f,0f,0f,1f],start_interpolation: 0,interpolation_duration: 0}
$data merge entity $(bone89) {transformation: [-1f,0.0072f,0.0007f,0.002f,0.0054f,0.6898f,0.724f,2.2435f,0.0047f,0.724f,-0.6898f,1.4757f,0f,0f,0f,1f],start_interpolation: 0,interpolation_duration: 0}
$data merge entity $(bone90) {transformation: [-1f,0.0069f,0.0019f,0.0013f,0.0054f,0.5536f,0.8328f,2.1811f,0.0047f,0.8328f,-0.5536f,1.3975f,0f,0f,0f,1f],start_interpolation: 0,interpolation_duration: 0}
$data merge entity $(bone88) {transformation: [-1f,0.0071f,0.0013f,0.0312f,0.0054f,0.624f,0.7814f,2.0405f,0.0047f,0.7814f,-0.6241f,1.2816f,0f,0f,0f,1f],start_interpolation: 0,interpolation_duration: 0}
$data merge entity $(bone42) {transformation: [-1f,0f,0f,0f,0f,0.7553f,0.6554f,1.7461f,0f,0.6554f,-0.7553f,1.6872f,0f,0f,0f,1f],start_interpolation: 0,interpolation_duration: 0}
$data merge entity $(bone87) {transformation: [-0.9998f,0.0157f,-0.0096f,-0.0044f,0.003f,0.6516f,0.7585f,1.2959f,0.0182f,0.7584f,-0.6516f,2.2437f,0f,0f,0f,1f],start_interpolation: 0,interpolation_duration: 0}
$data merge entity $(bone86) {transformation: [-1f,0f,0f,0f,0f,0.7324f,0.6808f,1.4477f,0f,0.6808f,-0.7324f,2.0732f,0f,0f,0f,1f],start_interpolation: 0,interpolation_duration: 0}
$data merge entity $(bone92) {transformation: [-0.8818f,0.2593f,-0.3939f,0.1194f,-0.0639f,0.7619f,0.6446f,1.8191f,0.4673f,0.5936f,-0.6553f,1.7268f,0f,0f,0f,1f],start_interpolation: 0,interpolation_duration: 0}
$data merge entity $(bone3) {transformation: [-0.8818f,-0.2593f,0.3939f,-0.1194f,0.0639f,0.7619f,0.6446f,1.8191f,-0.4673f,0.5936f,-0.6553f,1.7268f,0f,0f,0f,1f],start_interpolation: 0,interpolation_duration: 0}
$data merge entity $(head) {transformation: [-1f,0f,0f,0f,0f,0.7671f,0.6416f,1.7408f,0f,0.6416f,-0.7671f,1.5035f,0f,0f,0f,1f],start_interpolation: 0,interpolation_duration: 0}
$data merge entity $(neck) {transformation: [-1f,0f,0f,0f,0f,0.5749f,0.8182f,1.6438f,0f,0.8182f,-0.5749f,1.3655f,0f,0f,0f,1f],start_interpolation: 0,interpolation_duration: 0}
$data merge entity $(bone2) {transformation: [-1f,0f,0f,0f,0f,0.1505f,0.9886f,1.5754f,0f,0.9886f,-0.1505f,1.0549f,0f,0f,0f,1f],start_interpolation: 0,interpolation_duration: 0}
$data merge entity $(bone136) {transformation: [-1f,0f,0f,0f,0f,0.202f,1.0823f,1.5532f,0f,0.9794f,-0.2233f,0.8595f,0f,0f,0f,1f],start_interpolation: 0,interpolation_duration: 0}
$data merge entity $(bone118) {transformation: [-0.0875f,-0.849f,-0.5211f,0.2584f,0.9921f,-0.1216f,0.0315f,1.7143f,-0.0902f,-0.5142f,0.8529f,0.7676f,0f,0f,0f,1f],start_interpolation: 0,interpolation_duration: 0}
$data merge entity $(bone119) {transformation: [-0.1504f,-0.849f,-0.5066f,0.7337f,0.9885f,-0.1216f,-0.0896f,1.762f,0.0145f,-0.5142f,0.8575f,-0.04f,0f,0f,0f,1f],start_interpolation: 0,interpolation_duration: 0}
$data merge entity $(bone120) {transformation: [-0.4898f,-0.849f,0.1982f,1.6286f,-0.1839f,-0.1216f,-0.9754f,1.0424f,0.8522f,-0.5142f,-0.0966f,0.6139f,0f,0f,0f,1f],start_interpolation: 0,interpolation_duration: 0}
$data merge entity $(bone121) {transformation: [0f,0f,0f,0.9825f,0f,0f,0f,1.8762f,0f,0f,0f,-0.4661f,0f,0f,0f,1f],start_interpolation: 0,interpolation_duration: 0}
$data merge entity $(bone123) {transformation: [0.0317f,-1.7319f,-1.0623f,0.9019f,1.9797f,-0.2125f,0.4055f,1.3344f,-0.4567f,-1.0413f,1.684f,2.4199f,0f,0f,0f,1f],start_interpolation: 0,interpolation_duration: 0}
$data merge entity $(bone124) {transformation: [-0.1202f,-0.8523f,-0.509f,0.7225f,0.9927f,-0.1046f,-0.0594f,2.717f,-0.0026f,-0.5125f,0.8587f,-0.2562f,0f,0f,0f,1f],start_interpolation: 0,interpolation_duration: 0}
$data merge entity $(bone122) {transformation: [-0.3819f,-1.3132f,-0.7096f,0.5478f,1.4538f,-0.1611f,-0.4843f,2.7046f,0.3385f,-0.7896f,1.279f,0.0354f,0f,0f,0f,1f],start_interpolation: 0,interpolation_duration: 0}
$data merge entity $(bone126) {transformation: [0.271f,-0.8523f,-0.4473f,1.1354f,0.7497f,-0.1046f,0.6535f,1.9928f,-0.6037f,-0.5125f,0.6106f,-0.794f,0f,0f,0f,1f],start_interpolation: 0,interpolation_duration: 0}
$data merge entity $(bone127) {transformation: [0.146f,-0.8523f,-0.5022f,0.7918f,0.8933f,-0.1046f,0.4372f,2.3972f,-0.4251f,-0.5125f,0.7461f,-0.3061f,0f,0f,0f,1f],start_interpolation: 0,interpolation_duration: 0}
$data merge entity $(bone125) {transformation: [0.0155f,-1.1948f,-0.7331f,0.625f,1.3682f,-0.1466f,0.2679f,2.5599f,-0.305f,-0.7184f,1.1645f,-0.0545f,0f,0f,0f,1f],start_interpolation: 0,interpolation_duration: 0}
$data merge entity $(bone129) {transformation: [1.0312f,-1.5894f,-0.2152f,0.4529f,0.0672f,-0.195f,2.0019f,3.8706f,-1.7287f,-0.9557f,-0.0505f,2.6492f,0f,0f,0f,1f],start_interpolation: 0,interpolation_duration: 0}
$data merge entity $(bone130) {transformation: [0.5315f,-0.8523f,-0.1912f,0.8464f,0.1851f,-0.1046f,1.058f,1.563f,-0.9218f,-0.5125f,0.1022f,-0.2266f,0f,0f,0f,1f],start_interpolation: 0,interpolation_duration: 0}
$data merge entity $(bone131) {transformation: [0.4524f,-0.8523f,-0.3383f,0.6991f,0.4863f,-0.1046f,0.9577f,2.1435f,-0.8516f,-0.5125f,0.3672f,-0.1002f,0f,0f,0f,1f],start_interpolation: 0,interpolation_duration: 0}
$data merge entity $(bone128) {transformation: [0.3684f,-0.8986f,-0.4679f,0.5905f,0.7566f,-0.1102f,0.8425f,2.4477f,-0.767f,-0.5403f,0.6063f,0.0078f,0f,0f,0f,1f],start_interpolation: 0,interpolation_duration: 0}
$data merge entity $(bone132) {transformation: [-0.2193f,-0.8523f,-0.4748f,0.4675f,0.961f,-0.1046f,-0.2561f,2.5844f,0.1686f,-0.5125f,0.842f,0.2073f,0f,0f,0f,1f],start_interpolation: 0,interpolation_duration: 0}
$data merge entity $(bone133) {transformation: [-0.3835f,-1.447f,-0.7013f,0.5323f,1.6804f,-0.1775f,-0.3783f,2.6015f,0.2949f,-0.87f,1.2436f,0.1077f,0f,0f,0f,1f],start_interpolation: 0,interpolation_duration: 0}
$data merge entity $(w5) {transformation: [-0.2193f,-0.8523f,-0.4748f,0.5409f,0.961f,-0.1046f,-0.2561f,2.5349f,0.1686f,-0.5125f,0.842f,0.12f,0f,0f,0f,1f],start_interpolation: 0,interpolation_duration: 0}
$data merge entity $(w2) {transformation: [-0.5149f,-0.849f,-0.1186f,0.7071f,0.4088f,-0.1216f,-0.9045f,1.7774f,0.7535f,-0.5142f,0.4097f,-0.0231f,0f,0f,0f,1f],start_interpolation: 0,interpolation_duration: 0}
$data merge entity $(wing3) {transformation: [-0.0875f,-0.849f,-0.5211f,0.2175f,0.9921f,-0.1216f,0.0315f,1.8173f,-0.0902f,-0.5142f,0.8529f,0.7757f,0f,0f,0f,1f],start_interpolation: 0,interpolation_duration: 0}
$data merge entity $(bone104) {transformation: [-0.0875f,0.849f,0.5211f,-0.2584f,-0.9921f,-0.1216f,0.0315f,1.7143f,0.0902f,-0.5142f,0.8529f,0.7676f,0f,0f,0f,1f],start_interpolation: 0,interpolation_duration: 0}
$data merge entity $(bone105) {transformation: [-0.1504f,0.849f,0.5066f,-0.7337f,-0.9885f,-0.1216f,-0.0896f,1.762f,-0.0145f,-0.5142f,0.8575f,-0.04f,0f,0f,0f,1f],start_interpolation: 0,interpolation_duration: 0}
$data merge entity $(bone106) {transformation: [-0.4898f,0.849f,-0.1982f,-1.6286f,0.1839f,-0.1216f,-0.9754f,1.0424f,-0.8522f,-0.5142f,-0.0966f,0.6139f,0f,0f,0f,1f],start_interpolation: 0,interpolation_duration: 0}
$data merge entity $(bone107) {transformation: [0f,0f,0f,-0.9825f,0f,0f,0f,1.8762f,0f,0f,0f,-0.4661f,0f,0f,0f,1f],start_interpolation: 0,interpolation_duration: 0}
$data merge entity $(bone109) {transformation: [0.0476f,1.7319f,0.9991f,-0.9346f,-1.8143f,-0.2125f,0.3469f,1.4424f,0.4494f,-1.0413f,1.5909f,2.3436f,0f,0f,0f,1f],start_interpolation: 0,interpolation_duration: 0}
$data merge entity $(bone110) {transformation: [-0.1046f,0.8523f,0.481f,-0.7129f,-0.9066f,-0.1046f,-0.0662f,2.72f,0.011f,-0.5125f,0.8135f,-0.2407f,0f,0f,0f,1f],start_interpolation: 0,interpolation_duration: 0}
$data merge entity $(bone108) {transformation: [-0.3476f,1.3132f,0.6741f,-0.5478f,-1.323f,-0.1611f,-0.4601f,2.7046f,-0.3081f,-0.7896f,1.2151f,0.0354f,0f,0f,0f,1f],start_interpolation: 0,interpolation_duration: 0}
$data merge entity $(bone112) {transformation: [0.271f,0.8523f,0.4473f,-1.1354f,-0.7497f,-0.1046f,0.6535f,1.9928f,0.6037f,-0.5125f,0.6106f,-0.794f,0f,0f,0f,1f],start_interpolation: 0,interpolation_duration: 0}
$data merge entity $(bone113) {transformation: [0.146f,0.8523f,0.5022f,-0.7918f,-0.8933f,-0.1046f,0.4372f,2.3972f,0.4251f,-0.5125f,0.7461f,-0.3061f,0f,0f,0f,1f],start_interpolation: 0,interpolation_duration: 0}
$data merge entity $(bone111) {transformation: [0.0155f,1.1948f,0.7331f,-0.625f,-1.3682f,-0.1466f,0.2679f,2.5599f,0.305f,-0.7184f,1.1645f,-0.0545f,0f,0f,0f,1f],start_interpolation: 0,interpolation_duration: 0}
$data merge entity $(bone115) {transformation: [1.0312f,1.5894f,0.2152f,-0.4529f,-0.0672f,-0.195f,2.0019f,3.8706f,1.7287f,-0.9557f,-0.0505f,2.6492f,0f,0f,0f,1f],start_interpolation: 0,interpolation_duration: 0}
$data merge entity $(bone116) {transformation: [0.5315f,0.8523f,0.1912f,-0.8464f,-0.1851f,-0.1046f,1.058f,1.563f,0.9218f,-0.5125f,0.1022f,-0.2266f,0f,0f,0f,1f],start_interpolation: 0,interpolation_duration: 0}
$data merge entity $(bone117) {transformation: [0.4524f,0.8523f,0.3383f,-0.6991f,-0.4863f,-0.1046f,0.9577f,2.1435f,0.8516f,-0.5125f,0.3672f,-0.1002f,0f,0f,0f,1f],start_interpolation: 0,interpolation_duration: 0}
$data merge entity $(bone114) {transformation: [0.3684f,0.8986f,0.4679f,-0.5905f,-0.7566f,-0.1102f,0.8425f,2.4477f,0.767f,-0.5403f,0.6063f,0.0078f,0f,0f,0f,1f],start_interpolation: 0,interpolation_duration: 0}
$data merge entity $(bone134) {transformation: [-0.2193f,0.8523f,0.4748f,-0.4675f,-0.961f,-0.1046f,-0.2561f,2.5844f,-0.1686f,-0.5125f,0.842f,0.2073f,0f,0f,0f,1f],start_interpolation: 0,interpolation_duration: 0}
$data merge entity $(bone135) {transformation: [-0.3835f,1.447f,0.7013f,-0.5323f,-1.6804f,-0.1775f,-0.3783f,2.6015f,-0.2949f,-0.87f,1.2436f,0.1077f,0f,0f,0f,1f],start_interpolation: 0,interpolation_duration: 0}
$data merge entity $(w4) {transformation: [-0.2193f,0.8523f,0.4748f,-0.5409f,-0.961f,-0.1046f,-0.2561f,2.5349f,-0.1686f,-0.5125f,0.842f,0.12f,0f,0f,0f,1f],start_interpolation: 0,interpolation_duration: 0}
$data merge entity $(w3) {transformation: [-0.5149f,0.849f,0.1186f,-0.7071f,-0.4088f,-0.1216f,-0.9045f,1.7774f,-0.7535f,-0.5142f,0.4097f,-0.0231f,0f,0f,0f,1f],start_interpolation: 0,interpolation_duration: 0}
$data merge entity $(wing2) {transformation: [-0.0875f,0.849f,0.5211f,-0.2175f,-0.9921f,-0.1216f,0.0315f,1.8173f,0.0902f,-0.5142f,0.8529f,0.7757f,0f,0f,0f,1f],start_interpolation: 0,interpolation_duration: 0}
$data merge entity $(bone20) {transformation: [-1f,0f,0f,-0.1563f,0f,-0.1537f,0.9881f,1.5614f,0f,0.9881f,0.1537f,0.3246f,0f,0f,0f,1f],start_interpolation: 0,interpolation_duration: 0}
$data merge entity $(bone101) {transformation: [-1f,0f,0f,0f,0f,-0.4003f,0.9164f,1.1869f,0f,0.9164f,0.4003f,-2.6913f,0f,0f,0f,1f],start_interpolation: 0,interpolation_duration: 0}
$data merge entity $(bone100) {transformation: [-1f,0f,0f,0f,0f,0.234f,0.9722f,0.7478f,0f,0.9722f,-0.234f,-2.5792f,0f,0f,0f,1f],start_interpolation: 0,interpolation_duration: 0}
$data merge entity $(bone99) {transformation: [-1f,0f,0f,0f,0f,0.4816f,0.8764f,0.3041f,0f,0.8764f,-0.4816f,-2.3354f,0f,0f,0f,1f],start_interpolation: 0,interpolation_duration: 0}
$data merge entity $(bone98) {transformation: [-1f,0f,0f,0f,0f,0.8638f,0.5038f,0.0553f,0f,0.5038f,-0.8638f,-1.9089f,0f,0f,0f,1f],start_interpolation: 0,interpolation_duration: 0}
$data merge entity $(bone97) {transformation: [-1f,0f,0f,0f,0f,0.9874f,-0.1585f,0.1365f,0f,-0.1585f,-0.9874f,-1.4028f,0f,0f,0f,1f],start_interpolation: 0,interpolation_duration: 0}
$data merge entity $(bone96) {transformation: [-1f,0f,0f,0f,0f,0.8516f,-0.5242f,0.3987f,0f,-0.5242f,-0.8516f,-0.9771f,0f,0f,0f,1f],start_interpolation: 0,interpolation_duration: 0}
$data merge entity $(bone95) {transformation: [-1f,0f,0f,0f,0f,0.6545f,-0.7561f,0.772f,0f,-0.7561f,-0.6545f,-0.6539f,0f,0f,0f,1f],start_interpolation: 0,interpolation_duration: 0}
$data merge entity $(bone94) {transformation: [-1f,0f,0f,0f,0f,0.5861f,-0.8102f,1.172f,0f,-0.8102f,-0.5861f,-0.3645f,0f,0f,0f,1f],start_interpolation: 0,interpolation_duration: 0}
$data merge entity $(bone93) {transformation: [-1f,0f,0f,0f,0f,0.7179f,-0.6961f,1.4352f,0f,-0.6961f,-0.7179f,-0.093f,0f,0f,0f,1f],start_interpolation: 0,interpolation_duration: 0}
$data merge entity $(bone) {transformation: [-1f,0f,0f,0f,0f,0.5373f,0.8434f,1.343f,0f,0.8434f,-0.5373f,-0.0343f,0f,0f,0f,1f],start_interpolation: 0,interpolation_duration: 0}
$data merge entity $(bone24) {transformation: [-0.9665f,-0.2565f,-0.002f,0.1031f,-0.2563f,0.9653f,0.0504f,1.2843f,-0.011f,0.0492f,-0.9987f,-0.0355f,0f,0f,0f,1f],start_interpolation: 0,interpolation_duration: 0}
$data merge entity $(bone32) {transformation: [-0.9973f,-0.0532f,-0.0503f,0.2287f,-0.0688f,0.4461f,0.8923f,0.6182f,-0.025f,0.8934f,-0.4485f,-0.3121f,0f,0f,0f,1f],start_interpolation: 0,interpolation_duration: 0}
$data merge entity $(bone36) {transformation: [-0.9989f,-0.0199f,-0.0419f,0.337f,-0.0206f,0.9996f,0.0166f,0.2922f,0.0416f,0.0174f,-0.999f,-1.0187f,0f,0f,0f,1f],start_interpolation: 0,interpolation_duration: 0}
$data merge entity $(bone35) {transformation: [-0.9989f,0.0037f,-0.0463f,0.2989f,-0.0206f,0.8574f,0.5142f,0.4169f,0.0416f,0.5146f,-0.8564f,-0.9371f,0f,0f,0f,1f],start_interpolation: 0,interpolation_duration: 0}
$data merge entity $(bone34) {transformation: [-0.9989f,0.0097f,-0.0454f,0.3011f,-0.0206f,0.783f,0.6217f,0.4934f,0.0416f,0.622f,-0.7819f,-0.8791f,0f,0f,0f,1f],start_interpolation: 0,interpolation_duration: 0}
$data merge entity $(bone77) {transformation: [-0.9327f,0.3584f,-0.04f,0.1062f,0.0145f,-0.0736f,-0.9972f,0.0712f,-0.3603f,-0.9307f,0.0634f,-0.3573f,0f,0f,0f,1f],start_interpolation: 0,interpolation_duration: 0}
$data merge entity $(bone75) {transformation: [-0.9327f,0.3584f,-0.04f,0.1692f,0.0145f,-0.0736f,-0.9972f,0.0596f,-0.3603f,-0.9307f,0.0634f,-0.5321f,0f,0f,0f,1f],start_interpolation: 0,interpolation_duration: 0}
$data merge entity $(bone39) {transformation: [-0.9327f,0.3584f,-0.04f,0.2316f,0.0145f,-0.0736f,-0.9972f,0.0449f,-0.3603f,-0.9307f,0.0634f,-0.6904f,0f,0f,0f,1f],start_interpolation: 0,interpolation_duration: 0}
$data merge entity $(bone76) {transformation: [-0.9606f,-0.2775f,-0.014f,0.4989f,0.0225f,-0.0274f,-0.9994f,0.0519f,0.2769f,-0.9603f,0.0326f,-0.3327f,0f,0f,0f,1f],start_interpolation: 0,interpolation_duration: 0}
$data merge entity $(bone74) {transformation: [-0.9606f,-0.2775f,-0.014f,0.4828f,0.0225f,-0.0274f,-0.9994f,0.0548f,0.2769f,-0.9603f,0.0326f,-0.5291f,0f,0f,0f,1f],start_interpolation: 0,interpolation_duration: 0}
$data merge entity $(bone40) {transformation: [-0.9606f,-0.2775f,-0.014f,0.4341f,0.0225f,-0.0274f,-0.9994f,0.0481f,0.2769f,-0.9603f,0.0326f,-0.6927f,0f,0f,0f,1f],start_interpolation: 0,interpolation_duration: 0}
$data merge entity $(bone79) {transformation: [-0.9997f,0.0247f,-0.0041f,0.314f,0.0034f,-0.0279f,-0.9996f,0.0596f,-0.0248f,-0.9993f,0.0278f,-0.2927f,0f,0f,0f,1f],start_interpolation: 0,interpolation_duration: 0}
$data merge entity $(bone78) {transformation: [-0.9997f,0.0247f,-0.0041f,0.3229f,0.0034f,-0.0279f,-0.9996f,0.056f,-0.0248f,-0.9993f,0.0278f,-0.4932f,0f,0f,0f,1f],start_interpolation: 0,interpolation_duration: 0}
$data merge entity $(bone41) {transformation: [-0.9997f,0.0247f,-0.0041f,0.3265f,0.0034f,-0.0279f,-0.9996f,0.0484f,-0.0248f,-0.9993f,0.0278f,-0.6923f,0f,0f,0f,1f],start_interpolation: 0,interpolation_duration: 0}
$data merge entity $(bone38) {transformation: [-1f,0.0009f,-0.0037f,0.3381f,0.0023f,0.917f,-0.3989f,0.3086f,0.0031f,-0.3989f,-0.917f,-0.7817f,0f,0f,0f,1f],start_interpolation: 0,interpolation_duration: 0}
$data merge entity $(bone33) {transformation: [-0.9994f,-0.0269f,-0.0201f,0.3207f,-0.0334f,0.8568f,0.5145f,0.5358f,0.0034f,0.5149f,-0.8572f,-0.6445f,0f,0f,0f,1f],start_interpolation: 0,interpolation_duration: 0}
$data merge entity $(bone31) {transformation: [-0.9973f,-0.0441f,-0.0584f,0.2791f,-0.0688f,0.2927f,0.9537f,0.6616f,-0.025f,0.9552f,-0.2949f,0.2106f,0f,0f,0f,1f],start_interpolation: 0,interpolation_duration: 0}
$data merge entity $(bone19) {transformation: [-0.9852f,-0.1673f,0.0366f,0.1713f,-0.1711f,0.9701f,-0.1723f,1.2918f,-0.0066f,-0.176f,-0.9844f,-0.0343f,0f,0f,0f,1f],start_interpolation: 0,interpolation_duration: 0}
$data merge entity $(bone44) {transformation: [-0.7984f,0.5213f,0.3014f,-0.1115f,0.1756f,0.6804f,-0.7115f,1.2861f,-0.576f,-0.5151f,-0.6348f,-0.001f,0f,0f,0f,1f],start_interpolation: 0,interpolation_duration: 0}
$data merge entity $(bone46) {transformation: [-0.8891f,-0.2346f,0.3931f,-0.2859f,0.0612f,0.7902f,0.6098f,0.7891f,-0.4537f,0.5662f,-0.6882f,0.114f,0f,0f,0f,1f],start_interpolation: 0,interpolation_duration: 0}
$data merge entity $(bone50) {transformation: [-0.8708f,-0.1266f,0.4751f,-0.0737f,0.0252f,0.9535f,0.3002f,0.3297f,-0.491f,0.2734f,-0.8271f,-0.5375f,0f,0f,0f,1f],start_interpolation: 0,interpolation_duration: 0}
$data merge entity $(bone49) {transformation: [-0.8708f,-0.3472f,0.3481f,-0.0929f,0.0252f,0.6757f,0.7368f,0.4264f,-0.491f,0.6503f,-0.5796f,-0.4194f,0f,0f,0f,1f],start_interpolation: 0,interpolation_duration: 0}
$data merge entity $(bone48) {transformation: [-0.8708f,-0.3896f,0.2998f,-0.1309f,0.0252f,0.5737f,0.8187f,0.4831f,-0.491f,0.7204f,-0.4898f,-0.3519f,0f,0f,0f,1f],start_interpolation: 0,interpolation_duration: 0}
$data merge entity $(bone54) {transformation: [-0.9805f,0.1962f,0.0105f,-0.2546f,-0.0184f,-0.0383f,-0.9991f,0.0651f,-0.1956f,-0.9798f,0.0411f,0.2182f,0f,0f,0f,1f],start_interpolation: 0,interpolation_duration: 0}
$data merge entity $(bone53) {transformation: [-0.9805f,0.1962f,0.0105f,-0.2142f,-0.0184f,-0.0383f,-0.9991f,0.0601f,-0.1956f,-0.9798f,0.0411f,0.0365f,0f,0f,0f,1f],start_interpolation: 0,interpolation_duration: 0}
$data merge entity $(bone52) {transformation: [-0.9805f,0.1962f,0.0105f,-0.1819f,-0.0184f,-0.0383f,-0.9991f,0.0514f,-0.1956f,-0.9798f,0.0411f,-0.131f,0f,0f,0f,1f],start_interpolation: 0,interpolation_duration: 0}
$data merge entity $(bone57) {transformation: [-0.7277f,0.6859f,0.0081f,-0.5828f,-0.0159f,-0.005f,-0.9999f,0.0596f,-0.6857f,-0.7277f,0.0146f,0.0651f,0f,0f,0f,1f],start_interpolation: 0,interpolation_duration: 0}
$data merge entity $(bone56) {transformation: [-0.7277f,0.6859f,0.0081f,-0.4788f,-0.0159f,-0.005f,-0.9999f,0.0671f,-0.6857f,-0.7277f,0.0146f,-0.1021f,0f,0f,0f,1f],start_interpolation: 0,interpolation_duration: 0}
$data merge entity $(bone55) {transformation: [-0.7277f,0.6859f,0.0081f,-0.3607f,-0.0159f,-0.005f,-0.9999f,0.0642f,-0.6857f,-0.7277f,0.0146f,-0.2254f,0f,0f,0f,1f],start_interpolation: 0,interpolation_duration: 0}
$data merge entity $(bone60) {transformation: [-0.8804f,0.4734f,-0.0284f,-0.4523f,0.0138f,-0.0344f,-0.9993f,0.0732f,-0.474f,-0.8802f,0.0238f,0.1774f,0f,0f,0f,1f],start_interpolation: 0,interpolation_duration: 0}
$data merge entity $(bone59) {transformation: [-0.8804f,0.4734f,-0.0284f,-0.3607f,0.0138f,-0.0344f,-0.9993f,0.0683f,-0.474f,-0.8802f,0.0238f,-0.0013f,0f,0f,0f,1f],start_interpolation: 0,interpolation_duration: 0}
$data merge entity $(bone58) {transformation: [-0.8804f,0.4734f,-0.0284f,-0.2653f,0.0138f,-0.0344f,-0.9993f,0.0594f,-0.474f,-0.8802f,0.0238f,-0.176f,0f,0f,0f,1f],start_interpolation: 0,interpolation_duration: 0}
$data merge entity $(bone51) {transformation: [-0.8869f,0.2164f,0.4082f,-0.2249f,0.045f,0.9197f,-0.39f,0.3207f,-0.4598f,-0.3275f,-0.8254f,-0.2529f,0f,0f,0f,1f],start_interpolation: 0,interpolation_duration: 0}
$data merge entity $(bone47) {transformation: [-0.8869f,-0.1201f,0.4461f,-0.2478f,0.045f,0.9386f,0.3421f,0.5695f,-0.4598f,0.3234f,-0.827f,-0.1619f,0f,0f,0f,1f],start_interpolation: 0,interpolation_duration: 0}
$data merge entity $(bone45) {transformation: [-0.8891f,-0.2962f,0.349f,-0.5363f,0.0612f,0.6787f,0.7319f,1.0545f,-0.4537f,0.672f,-0.5853f,0.4941f,0f,0f,0f,1f],start_interpolation: 0,interpolation_duration: 0}
$data merge entity $(bone43) {transformation: [-0.8408f,0.506f,0.1925f,-0.1713f,0.1157f,0.5153f,-0.8492f,1.2918f,-0.5289f,-0.6917f,-0.4918f,-0.0343f,0f,0f,0f,1f],start_interpolation: 0,interpolation_duration: 0}