# This file was generated by Animated Java via MC-Build. It is not recommended to edit this file directly.
$data merge entity $(bone5) {transformation: [-0.9947f,-0.1023f,0.0089f,0.385f,-0.0934f,0.938f,0.3338f,1.5062f,-0.0425f,0.3312f,-0.9426f,0.9769f,0f,0f,0f,1f],start_interpolation: 0,interpolation_duration: 0}
$data merge entity $(bone6) {transformation: [0.0189f,-0.2645f,-0.9642f,0.4943f,-0.4271f,0.8698f,-0.247f,1.2757f,0.904f,0.4164f,-0.0965f,0.9049f,0f,0f,0f,1f],start_interpolation: 0,interpolation_duration: 0}
$data merge entity $(bone8) {transformation: [-0.2621f,-0.056f,0.9634f,0.6358f,-0.0734f,0.9966f,0.0379f,0.586f,-0.9622f,-0.0607f,-0.2653f,0.7597f,0f,0f,0f,1f],start_interpolation: 0,interpolation_duration: 0}
$data merge entity $(bone9) {transformation: [-0.2621f,-0.056f,0.9634f,0.7979f,-0.0734f,0.9966f,0.0379f,0.7586f,-0.9622f,-0.0607f,-0.2653f,0.6948f,0f,0f,0f,1f],start_interpolation: 0,interpolation_duration: 0}
$data merge entity $(bone10) {transformation: [-0.2332f,-0.1322f,0.9634f,0.6176f,-0.3696f,0.9284f,0.0379f,0.5771f,-0.8994f,-0.3473f,-0.2653f,0.736f,0f,0f,0f,1f],start_interpolation: 0,interpolation_duration: 0}
$data merge entity $(bone12) {transformation: [-0.1876f,-0.5167f,0.8353f,0.7583f,-0.8904f,0.4486f,0.0775f,0.0698f,-0.4148f,-0.7292f,-0.5442f,0.9444f,0f,0f,0f,1f],start_interpolation: 0,interpolation_duration: 0}
$data merge entity $(bone15) {transformation: [0.9846f,-0.1054f,0.1397f,0.3747f,-0.1578f,-0.1889f,0.9693f,0.0299f,-0.0757f,-0.9763f,-0.2026f,0.9986f,0f,0f,0f,1f],start_interpolation: 0,interpolation_duration: 0}
$data merge entity $(bone14) {transformation: [0.9515f,-0.1054f,-0.2891f,0.4971f,0.2663f,-0.1889f,0.9452f,0.0653f,-0.1542f,-0.9763f,-0.1516f,0.9773f,0f,0f,0f,1f],start_interpolation: 0,interpolation_duration: 0}
$data merge entity $(bone13) {transformation: [0.7952f,-0.1054f,-0.5971f,0.6007f,0.5735f,-0.1889f,0.7971f,0.1376f,-0.1968f,-0.9763f,-0.0897f,0.9488f,0f,0f,0f,1f],start_interpolation: 0,interpolation_duration: 0}
$data merge entity $(bone18) {transformation: [-0.05f,-0.9974f,-0.0517f,0.7361f,0.9987f,-0.0504f,0.0061f,-0.1478f,-0.0087f,-0.0514f,0.9986f,1.3493f,0f,0f,0f,1f],start_interpolation: 0,interpolation_duration: 0}
$data merge entity $(bone17) {transformation: [-0.0051f,-0.9974f,-0.0718f,0.7351f,0.7611f,-0.0504f,0.6466f,0.0021f,-0.6486f,-0.0514f,0.7594f,1.2216f,0f,0f,0f,1f],start_interpolation: 0,interpolation_duration: 0}
$data merge entity $(bone16) {transformation: [0.0285f,-0.9974f,-0.0661f,0.735f,0.379f,-0.0504f,0.924f,0.0559f,-0.925f,-0.0514f,0.3765f,1.085f,0f,0f,0f,1f],start_interpolation: 0,interpolation_duration: 0}
$data merge entity $(bone27) {transformation: [-0.8532f,-0.5168f,-0.0713f,1.1802f,-0.036f,-0.0781f,0.9963f,0.0415f,-0.5204f,0.8526f,0.048f,1.1349f,0f,0f,0f,1f],start_interpolation: 0,interpolation_duration: 0}
$data merge entity $(bone26) {transformation: [-0.8412f,-0.5373f,-0.0611f,1.0464f,-0.032f,-0.0634f,0.9975f,0.0373f,-0.5398f,0.841f,0.0361f,1.0568f,0f,0f,0f,1f],start_interpolation: 0,interpolation_duration: 0}
$data merge entity $(bone25) {transformation: [-0.8284f,-0.5373f,0.1587f,0.894f,0.2273f,-0.0634f,0.9718f,0.0766f,-0.512f,0.841f,0.1746f,0.9675f,0f,0f,0f,1f],start_interpolation: 0,interpolation_duration: 0}
$data merge entity $(bone30) {transformation: [-0.1361f,-0.8717f,0.4709f,0.9879f,0.9799f,-0.0485f,0.1933f,-0.1441f,-0.1457f,0.4877f,0.8608f,1.3122f,0f,0f,0f,1f],start_interpolation: 0,interpolation_duration: 0}
$data merge entity $(bone29) {transformation: [-0.3562f,-0.8717f,0.3366f,0.9214f,0.7462f,-0.0485f,0.6639f,0.0031f,-0.5624f,0.4877f,0.6677f,1.1993f,0f,0f,0f,1f],start_interpolation: 0,interpolation_duration: 0}
$data merge entity $(bone28) {transformation: [-0.4785f,-0.8717f,0.1059f,0.8207f,0.2994f,-0.0485f,0.9529f,0.0619f,-0.8255f,0.4877f,0.2842f,1.0339f,0f,0f,0f,1f],start_interpolation: 0,interpolation_duration: 0}
$data merge entity $(bone7) {transformation: [0.9634f,-0.0673f,0.2594f,0.6017f,0.0379f,0.9924f,0.1168f,0.922f,-0.2653f,-0.1027f,0.9587f,0.7211f,0f,0f,0f,1f],start_interpolation: 0,interpolation_duration: 0}
$data merge entity $(bone4) {transformation: [-0.9642f,-0.265f,0.0089f,0.3501f,-0.247f,0.9097f,0.3338f,1.6122f,-0.0965f,0.3197f,-0.9426f,0.9867f,0f,0f,0f,1f],start_interpolation: 0,interpolation_duration: 0}
$data merge entity $(bone62) {transformation: [-0.9098f,0.3676f,0.1926f,-0.4164f,0.4118f,0.7428f,0.5279f,1.5297f,0.051f,0.5596f,-0.8272f,0.9499f,0f,0f,0f,1f],start_interpolation: 0,interpolation_duration: 0}
$data merge entity $(bone63) {transformation: [0.2451f,0.4897f,0.8367f,-0.5868f,0.5945f,0.6058f,-0.5288f,1.3734f,-0.7658f,0.627f,-0.1426f,0.8203f,0f,0f,0f,1f],start_interpolation: 0,interpolation_duration: 0}
$data merge entity $(bone65) {transformation: [-0.0419f,0.1473f,-0.9882f,-0.845f,0.1683f,0.976f,0.1383f,0.8044f,0.9849f,-0.1605f,-0.0657f,0.6262f,0f,0f,0f,1f],start_interpolation: 0,interpolation_duration: 0}
$data merge entity $(bone66) {transformation: [-0.0419f,0.1473f,-0.9882f,-0.9979f,0.1683f,0.976f,0.1383f,0.991f,0.9849f,-0.1605f,-0.0657f,0.5804f,0f,0f,0f,1f],start_interpolation: 0,interpolation_duration: 0}
$data merge entity $(bone67) {transformation: [0.0043f,0.153f,-0.9882f,-0.8333f,0.454f,0.8802f,0.1383f,0.7919f,0.891f,-0.4492f,-0.0657f,0.6001f,0f,0f,0f,1f],start_interpolation: 0,interpolation_duration: 0}
$data merge entity $(bone69) {transformation: [-0.2591f,0.0962f,-0.961f,-0.9176f,0.3625f,0.932f,-0.0045f,0.2256f,0.8953f,-0.3495f,-0.2763f,0.7702f,0f,0f,0f,1f],start_interpolation: 0,interpolation_duration: 0}
$data merge entity $(bone72) {transformation: [0.9235f,0.263f,0.2791f,-0.6342f,-0.3398f,0.2239f,0.9134f,0.1386f,0.1777f,-0.9385f,0.2962f,0.7981f,0f,0f,0f,1f],start_interpolation: 0,interpolation_duration: 0}
$data merge entity $(bone71) {transformation: [0.7406f,0.263f,0.6184f,-0.7286f,-0.6703f,0.2239f,0.7075f,0.2263f,0.0476f,-0.9385f,0.3421f,0.7913f,0f,0f,0f,1f],start_interpolation: 0,interpolation_duration: 0}
$data merge entity $(bone70) {transformation: [0.4844f,0.263f,0.8344f,-0.7919f,-0.8719f,0.2239f,0.4356f,0.3393f,-0.0723f,-0.9385f,0.3377f,0.797f,0f,0f,0f,1f],start_interpolation: 0,interpolation_duration: 0}
$data merge entity $(bone81) {transformation: [0.1515f,0.9883f,0.0162f,-0.802f,-0.3952f,0.0455f,0.9175f,-0.0615f,0.906f,-0.1454f,0.3975f,1.1195f,0f,0f,0f,1f],start_interpolation: 0,interpolation_duration: 0}
$data merge entity $(bone80) {transformation: [0.1239f,0.9883f,0.0887f,-0.8265f,-0.7955f,0.0455f,0.6042f,0.0952f,0.5931f,-0.1454f,0.7919f,1.0026f,0f,0f,0f,1f],start_interpolation: 0,interpolation_duration: 0}
$data merge entity $(bone73) {transformation: [0.1516f,0.9883f,0.0152f,-0.8445f,-0.3892f,0.0455f,0.92f,0.151f,0.9086f,-0.1454f,0.3916f,0.8681f,0f,0f,0f,1f],start_interpolation: 0,interpolation_duration: 0}
$data merge entity $(bone84) {transformation: [-0.7112f,0.6957f,0.1011f,-1.2581f,0.1135f,-0.0283f,0.9931f,0.0351f,0.6937f,0.7178f,-0.0589f,1.0198f,0f,0f,0f,1f],start_interpolation: 0,interpolation_duration: 0}
$data merge entity $(bone83) {transformation: [-0.6806f,0.713f,-0.1689f,-1.1483f,-0.248f,-0.0073f,0.9687f,0.0746f,0.6894f,0.7012f,0.1817f,0.9178f,0f,0f,0f,1f],start_interpolation: 0,interpolation_duration: 0}
$data merge entity $(bone82) {transformation: [-0.6137f,0.713f,-0.3393f,-1.0337f,-0.4903f,-0.0073f,0.8715f,0.1618f,0.6189f,0.7012f,0.354f,0.8083f,0f,0f,0f,1f],start_interpolation: 0,interpolation_duration: 0}
$data merge entity $(bone103) {transformation: [-0.2859f,0.9515f,-0.1135f,-1.0396f,-0.326f,0.0148f,0.9453f,-0.0662f,0.9011f,0.3073f,0.3059f,1.1582f,0f,0f,0f,1f],start_interpolation: 0,interpolation_duration: 0}
$data merge entity $(bone102) {transformation: [-0.2165f,0.9515f,-0.2186f,-1.001f,-0.6775f,0.0148f,0.7354f,0.0672f,0.703f,0.3073f,0.6414f,1.0183f,0f,0f,0f,1f],start_interpolation: 0,interpolation_duration: 0}
$data merge entity $(bone85) {transformation: [-0.2761f,0.9515f,-0.1357f,-0.9408f,-0.3996f,0.0148f,0.9166f,0.1466f,0.8741f,0.3073f,0.3761f,0.8422f,0f,0f,0f,1f],start_interpolation: 0,interpolation_duration: 0}
$data merge entity $(bone64) {transformation: [0.9882f,0.1489f,-0.0355f,-0.7843f,-0.1383f,0.9677f,0.2107f,1.1304f,0.0657f,-0.2033f,0.9769f,0.5513f,0f,0f,0f,1f],start_interpolation: 0,interpolation_duration: 0}
$data merge entity $(bone61) {transformation: [-0.8367f,0.5127f,0.1926f,-0.3501f,0.5288f,0.6646f,0.5279f,1.6122f,0.1426f,0.5435f,-0.8272f,0.9867f,0f,0f,0f,1f],start_interpolation: 0,interpolation_duration: 0}
$data merge entity $(bone23) {transformation: [-0.7934f,-0.6088f,0f,0.1071f,-0.0925f,0.1205f,0.9884f,1.5354f,-0.6017f,0.7841f,-0.1519f,1.0116f,0f,0f,0f,1f],start_interpolation: 0,interpolation_duration: 0}
$data merge entity $(bone22) {transformation: [-0.7934f,0.6088f,0f,-0.1071f,0.0925f,0.1205f,0.9884f,1.5354f,0.6017f,0.7841f,-0.1519f,1.0116f,0f,0f,0f,1f],start_interpolation: 0,interpolation_duration: 0}
$data merge entity $(bone89) {transformation: [-1f,0.0072f,0.0007f,0.002f,0.0055f,0.6956f,0.7185f,2.2424f,0.0047f,0.7184f,-0.6956f,1.4707f,0f,0f,0f,1f],start_interpolation: 0,interpolation_duration: 0}
$data merge entity $(bone90) {transformation: [-1f,0.0069f,0.0019f,0.0013f,0.0055f,0.5602f,0.8283f,2.1794f,0.0047f,0.8283f,-0.5603f,1.3931f,0f,0f,0f,1f],start_interpolation: 0,interpolation_duration: 0}
$data merge entity $(bone88) {transformation: [-1f,0.0071f,0.0013f,0.0312f,0.0055f,0.6303f,0.7763f,2.0378f,0.0047f,0.7763f,-0.6303f,1.2783f,0f,0f,0f,1f],start_interpolation: 0,interpolation_duration: 0}
$data merge entity $(bone42) {transformation: [-1f,0f,0f,0f,0f,0.759f,0.6511f,1.7467f,0f,0.6511f,-0.759f,1.6863f,0f,0f,0f,1f],start_interpolation: 0,interpolation_duration: 0}
$data merge entity $(bone87) {transformation: [-0.9998f,0.0157f,-0.0096f,-0.0044f,0.0032f,0.6577f,0.7533f,1.301f,0.0181f,0.7531f,-0.6576f,2.2463f,0f,0f,0f,1f],start_interpolation: 0,interpolation_duration: 0}
$data merge entity $(bone86) {transformation: [-1f,0f,0f,0f,0f,0.7379f,0.6749f,1.4514f,0f,0.6749f,-0.7379f,2.0746f,0f,0f,0f,1f],start_interpolation: 0,interpolation_duration: 0}
$data merge entity $(bone92) {transformation: [-0.8818f,0.2593f,-0.3939f,0.1194f,-0.0602f,0.7666f,0.6393f,1.82f,0.4678f,0.5874f,-0.6604f,1.7253f,0f,0f,0f,1f],start_interpolation: 0,interpolation_duration: 0}
$data merge entity $(bone3) {transformation: [-0.8818f,-0.2593f,0.3939f,-0.1194f,0.0602f,0.7666f,0.6393f,1.82f,-0.4678f,0.5874f,-0.6604f,1.7253f,0f,0f,0f,1f],start_interpolation: 0,interpolation_duration: 0}
$data merge entity $(head) {transformation: [-1f,0f,0f,0f,0f,0.7722f,0.6354f,1.7399f,0f,0.6354f,-0.7722f,1.5026f,0f,0f,0f,1f],start_interpolation: 0,interpolation_duration: 0}
$data merge entity $(neck) {transformation: [-1f,0f,0f,0f,0f,0.5814f,0.8136f,1.6418f,0f,0.8136f,-0.5814f,1.3653f,0f,0f,0f,1f],start_interpolation: 0,interpolation_duration: 0}
$data merge entity $(bone2) {transformation: [-1f,0f,0f,0f,0f,0.1519f,0.9884f,1.573f,0f,0.9884f,-0.1519f,1.0549f,0f,0f,0f,1f],start_interpolation: 0,interpolation_duration: 0}
$data merge entity $(bone136) {transformation: [-1f,0f,0f,0f,0f,0.2035f,1.0756f,1.5505f,0f,0.9791f,-0.2235f,0.8595f,0f,0f,0f,1f],start_interpolation: 0,interpolation_duration: 0}
$data merge entity $(bone118) {transformation: [-0.0886f,-0.849f,-0.5209f,0.2585f,0.992f,-0.1223f,0.0306f,1.7116f,-0.0896f,-0.5141f,0.853f,0.7672f,0f,0f,0f,1f],start_interpolation: 0,interpolation_duration: 0}
$data merge entity $(bone119) {transformation: [-0.1514f,-0.849f,-0.5063f,0.7335f,0.9884f,-0.1223f,-0.0906f,1.7601f,0.015f,-0.5141f,0.8576f,-0.0406f,0f,0f,0f,1f],start_interpolation: 0,interpolation_duration: 0}
$data merge entity $(bone120) {transformation: [-0.4894f,-0.849f,0.1992f,1.6294f,-0.1849f,-0.1223f,-0.9751f,1.0411f,0.8522f,-0.5141f,-0.0971f,0.6128f,0f,0f,0f,1f],start_interpolation: 0,interpolation_duration: 0}
$data merge entity $(bone121) {transformation: [0f,0f,0f,0.9821f,0f,0f,0f,1.8748f,0f,0f,0f,-0.4667f,0f,0f,0f,1f],start_interpolation: 0,interpolation_duration: 0}
$data merge entity $(bone123) {transformation: [0.0258f,-1.7319f,-1.0624f,0.9059f,1.9814f,-0.2138f,0.3966f,1.3252f,-0.4498f,-1.041f,1.6861f,2.4154f,0f,0f,0f,1f],start_interpolation: 0,interpolation_duration: 0}
$data merge entity $(bone124) {transformation: [-0.1231f,-0.8523f,-0.5083f,0.7209f,0.9924f,-0.1052f,-0.0638f,2.7167f,0.0009f,-0.5123f,0.8588f,-0.2557f,0f,0f,0f,1f],start_interpolation: 0,interpolation_duration: 0}
$data merge entity $(bone122) {transformation: [-0.3858f,-1.3133f,-0.7074f,0.5463f,1.4515f,-0.1621f,-0.4908f,2.7027f,0.3439f,-0.7894f,1.2778f,0.0359f,0f,0f,0f,1f],start_interpolation: 0,interpolation_duration: 0}
$data merge entity $(bone126) {transformation: [0.2685f,-0.8523f,-0.4488f,1.1355f,0.7526f,-0.1052f,0.65f,1.9956f,-0.6013f,-0.5123f,0.6132f,-0.7963f,0f,0f,0f,1f],start_interpolation: 0,interpolation_duration: 0}
$data merge entity $(bone127) {transformation: [0.1432f,-0.8523f,-0.503f,0.791f,0.8952f,-0.1052f,0.4331f,2.3973f,-0.4221f,-0.5123f,0.7479f,-0.3068f,0f,0f,0f,1f],start_interpolation: 0,interpolation_duration: 0}
$data merge entity $(bone125) {transformation: [0.0114f,-1.1949f,-0.7331f,0.6239f,1.3693f,-0.1475f,0.2617f,2.5586f,-0.3002f,-0.7182f,1.1659f,-0.0545f,0f,0f,0f,1f],start_interpolation: 0,interpolation_duration: 0}
$data merge entity $(bone129) {transformation: [1.0299f,-1.5895f,-0.2209f,0.4498f,0.0762f,-0.1962f,2.0014f,3.8593f,-1.7291f,-0.9554f,-0.0434f,2.6538f,0f,0f,0f,1f],start_interpolation: 0,interpolation_duration: 0}
$data merge entity $(bone130) {transformation: [0.5304f,-0.8523f,-0.1942f,0.848f,0.1898f,-0.1052f,1.0571f,1.5629f,-0.9214f,-0.5123f,0.106f,-0.2303f,0f,0f,0f,1f],start_interpolation: 0,interpolation_duration: 0}
$data merge entity $(bone131) {transformation: [0.4505f,-0.8523f,-0.3408f,0.6991f,0.4906f,-0.1052f,0.9554f,2.1426f,-0.8502f,-0.5123f,0.3708f,-0.1017f,0f,0f,0f,1f],start_interpolation: 0,interpolation_duration: 0}
$data merge entity $(bone128) {transformation: [0.3657f,-0.8986f,-0.4699f,0.5897f,0.7603f,-0.1109f,0.839f,2.4461f,-0.7646f,-0.5401f,0.6095f,0.0073f,0f,0f,0f,1f],start_interpolation: 0,interpolation_duration: 0}
$data merge entity $(bone132) {transformation: [-0.2219f,-0.8523f,-0.4736f,0.4665f,0.9597f,-0.1052f,-0.2604f,2.5818f,0.1721f,-0.5123f,0.8414f,0.2075f,0f,0f,0f,1f],start_interpolation: 0,interpolation_duration: 0}
$data merge entity $(bone133) {transformation: [-0.3881f,-1.447f,-0.6995f,0.5312f,1.6782f,-0.1786f,-0.3846f,2.5994f,0.301f,-0.8697f,1.2427f,0.1078f,0f,0f,0f,1f],start_interpolation: 0,interpolation_duration: 0}
$data merge entity $(w5) {transformation: [-0.2219f,-0.8523f,-0.4736f,0.54f,0.9597f,-0.1052f,-0.2604f,2.5327f,0.1721f,-0.5123f,0.8414f,0.12f,0f,0f,0f,1f],start_interpolation: 0,interpolation_duration: 0}
$data merge entity $(w2) {transformation: [-0.5152f,-0.849f,-0.1175f,0.7069f,0.4079f,-0.1223f,-0.9048f,1.7755f,0.7538f,-0.5141f,0.4093f,-0.0237f,0f,0f,0f,1f],start_interpolation: 0,interpolation_duration: 0}
$data merge entity $(wing3) {transformation: [-0.0886f,-0.849f,-0.5209f,0.2175f,0.992f,-0.1223f,0.0306f,1.8145f,-0.0896f,-0.5141f,0.853f,0.7753f,0f,0f,0f,1f],start_interpolation: 0,interpolation_duration: 0}
$data merge entity $(bone104) {transformation: [-0.0886f,0.849f,0.5209f,-0.2585f,-0.992f,-0.1223f,0.0306f,1.7116f,0.0896f,-0.5141f,0.853f,0.7672f,0f,0f,0f,1f],start_interpolation: 0,interpolation_duration: 0}
$data merge entity $(bone105) {transformation: [-0.1514f,0.849f,0.5063f,-0.7335f,-0.9884f,-0.1223f,-0.0906f,1.7601f,-0.015f,-0.5141f,0.8576f,-0.0406f,0f,0f,0f,1f],start_interpolation: 0,interpolation_duration: 0}
$data merge entity $(bone106) {transformation: [-0.4894f,0.849f,-0.1992f,-1.6294f,0.1849f,-0.1223f,-0.9751f,1.0411f,-0.8522f,-0.5141f,-0.0971f,0.6128f,0f,0f,0f,1f],start_interpolation: 0,interpolation_duration: 0}
$data merge entity $(bone107) {transformation: [0f,0f,0f,-0.9821f,0f,0f,0f,1.8748f,0f,0f,0f,-0.4667f,0f,0f,0f,1f],start_interpolation: 0,interpolation_duration: 0}
$data merge entity $(bone109) {transformation: [0.0421f,1.7319f,0.9991f,-0.9381f,-1.816f,-0.2138f,0.3385f,1.4336f,0.443f,-1.041f,1.5927f,2.3394f,0f,0f,0f,1f],start_interpolation: 0,interpolation_duration: 0}
$data merge entity $(bone110) {transformation: [-0.1072f,0.8523f,0.4803f,-0.7112f,-0.9064f,-0.1052f,-0.0704f,2.7196f,0.0077f,-0.5123f,0.8136f,-0.2403f,0f,0f,0f,1f],start_interpolation: 0,interpolation_duration: 0}
$data merge entity $(bone108) {transformation: [-0.3511f,1.3133f,0.6721f,-0.5463f,-1.3209f,-0.1621f,-0.4662f,2.7027f,-0.3129f,-0.7894f,1.2139f,0.0359f,0f,0f,0f,1f],start_interpolation: 0,interpolation_duration: 0}
$data merge entity $(bone112) {transformation: [0.2685f,0.8523f,0.4488f,-1.1355f,-0.7526f,-0.1052f,0.65f,1.9956f,0.6013f,-0.5123f,0.6132f,-0.7963f,0f,0f,0f,1f],start_interpolation: 0,interpolation_duration: 0}
$data merge entity $(bone113) {transformation: [0.1432f,0.8523f,0.503f,-0.791f,-0.8952f,-0.1052f,0.4331f,2.3973f,0.4221f,-0.5123f,0.7479f,-0.3068f,0f,0f,0f,1f],start_interpolation: 0,interpolation_duration: 0}
$data merge entity $(bone111) {transformation: [0.0114f,1.1949f,0.7331f,-0.6239f,-1.3693f,-0.1475f,0.2617f,2.5586f,0.3002f,-0.7182f,1.1659f,-0.0545f,0f,0f,0f,1f],start_interpolation: 0,interpolation_duration: 0}
$data merge entity $(bone115) {transformation: [1.0299f,1.5895f,0.2209f,-0.4498f,-0.0762f,-0.1962f,2.0014f,3.8593f,1.7291f,-0.9554f,-0.0434f,2.6538f,0f,0f,0f,1f],start_interpolation: 0,interpolation_duration: 0}
$data merge entity $(bone116) {transformation: [0.5304f,0.8523f,0.1942f,-0.848f,-0.1898f,-0.1052f,1.0571f,1.5629f,0.9214f,-0.5123f,0.106f,-0.2303f,0f,0f,0f,1f],start_interpolation: 0,interpolation_duration: 0}
$data merge entity $(bone117) {transformation: [0.4505f,0.8523f,0.3408f,-0.6991f,-0.4906f,-0.1052f,0.9554f,2.1426f,0.8502f,-0.5123f,0.3708f,-0.1017f,0f,0f,0f,1f],start_interpolation: 0,interpolation_duration: 0}
$data merge entity $(bone114) {transformation: [0.3657f,0.8986f,0.4699f,-0.5897f,-0.7603f,-0.1109f,0.839f,2.4461f,0.7646f,-0.5401f,0.6095f,0.0073f,0f,0f,0f,1f],start_interpolation: 0,interpolation_duration: 0}
$data merge entity $(bone134) {transformation: [-0.2219f,0.8523f,0.4736f,-0.4665f,-0.9597f,-0.1052f,-0.2604f,2.5818f,-0.1721f,-0.5123f,0.8414f,0.2075f,0f,0f,0f,1f],start_interpolation: 0,interpolation_duration: 0}
$data merge entity $(bone135) {transformation: [-0.3881f,1.447f,0.6995f,-0.5312f,-1.6782f,-0.1786f,-0.3846f,2.5994f,-0.301f,-0.8697f,1.2427f,0.1078f,0f,0f,0f,1f],start_interpolation: 0,interpolation_duration: 0}
$data merge entity $(w4) {transformation: [-0.2219f,0.8523f,0.4736f,-0.54f,-0.9597f,-0.1052f,-0.2604f,2.5327f,-0.1721f,-0.5123f,0.8414f,0.12f,0f,0f,0f,1f],start_interpolation: 0,interpolation_duration: 0}
$data merge entity $(w3) {transformation: [-0.5152f,0.849f,0.1175f,-0.7069f,-0.4079f,-0.1223f,-0.9048f,1.7755f,-0.7538f,-0.5141f,0.4093f,-0.0237f,0f,0f,0f,1f],start_interpolation: 0,interpolation_duration: 0}
$data merge entity $(wing2) {transformation: [-0.0886f,0.849f,0.5209f,-0.2175f,-0.992f,-0.1223f,0.0306f,1.8145f,0.0896f,-0.5141f,0.853f,0.7753f,0f,0f,0f,1f],start_interpolation: 0,interpolation_duration: 0}
$data merge entity $(bone20) {transformation: [-1f,0f,0f,-0.1563f,0f,-0.1523f,0.9883f,1.558f,0f,0.9883f,0.1523f,0.3246f,0f,0f,0f,1f],start_interpolation: 0,interpolation_duration: 0}
$data merge entity $(bone101) {transformation: [-1f,0f,0f,0f,0f,-0.3887f,0.9214f,1.191f,0f,0.9214f,0.3887f,-2.6881f,0f,0f,0f,1f],start_interpolation: 0,interpolation_duration: 0}
$data merge entity $(bone100) {transformation: [-1f,0f,0f,0f,0f,0.2335f,0.9724f,0.7519f,0f,0.9724f,-0.2335f,-2.5762f,0f,0f,0f,1f],start_interpolation: 0,interpolation_duration: 0}
$data merge entity $(bone99) {transformation: [-1f,0f,0f,0f,0f,0.4734f,0.8808f,0.3059f,0f,0.8808f,-0.4734f,-2.3366f,0f,0f,0f,1f],start_interpolation: 0,interpolation_duration: 0}
$data merge entity $(bone98) {transformation: [-1f,0f,0f,0f,0f,0.8613f,0.5081f,0.0551f,0f,0.5081f,-0.8613f,-1.9113f,0f,0f,0f,1f],start_interpolation: 0,interpolation_duration: 0}
$data merge entity $(bone97) {transformation: [-1f,0f,0f,0f,0f,0.9876f,-0.1567f,0.1354f,0f,-0.1567f,-0.9876f,-1.4051f,0f,0f,0f,1f],start_interpolation: 0,interpolation_duration: 0}
$data merge entity $(bone96) {transformation: [-1f,0f,0f,0f,0f,0.8525f,-0.5227f,0.3968f,0f,-0.5227f,-0.8525f,-0.9789f,0f,0f,0f,1f],start_interpolation: 0,interpolation_duration: 0}
$data merge entity $(bone95) {transformation: [-1f,0f,0f,0f,0f,0.6558f,-0.7549f,0.7695f,0f,-0.7549f,-0.6558f,-0.6551f,0f,0f,0f,1f],start_interpolation: 0,interpolation_duration: 0}
$data merge entity $(bone94) {transformation: [-1f,0f,0f,0f,0f,0.5875f,-0.8092f,1.169f,0f,-0.8092f,-0.5875f,-0.365f,0f,0f,0f,1f],start_interpolation: 0,interpolation_duration: 0}
$data merge entity $(bone93) {transformation: [-1f,0f,0f,0f,0f,0.7191f,-0.6949f,1.4318f,0f,-0.6949f,-0.7191f,-0.093f,0f,0f,0f,1f],start_interpolation: 0,interpolation_duration: 0}
$data merge entity $(bone) {transformation: [-1f,0f,0f,0f,0f,0.5373f,0.8434f,1.3395f,0f,0.8434f,-0.5373f,-0.0343f,0f,0f,0f,1f],start_interpolation: 0,interpolation_duration: 0}
$data merge entity $(bone24) {transformation: [-0.9665f,-0.2565f,-0.0028f,0.1031f,-0.2562f,0.9651f,0.0547f,1.2808f,-0.0113f,0.0536f,-0.9985f,-0.0355f,0f,0f,0f,1f],start_interpolation: 0,interpolation_duration: 0}
$data merge entity $(bone32) {transformation: [-0.9973f,-0.0524f,-0.0508f,0.2284f,-0.0687f,0.4406f,0.895f,0.6169f,-0.0245f,0.8962f,-0.4431f,-0.3151f,0f,0f,0f,1f],start_interpolation: 0,interpolation_duration: 0}
$data merge entity $(bone36) {transformation: [-0.9989f,-0.0215f,-0.0414f,0.337f,-0.0219f,0.9997f,0.0095f,0.2903f,0.0412f,0.0104f,-0.9991f,-1.0206f,0f,0f,0f,1f],start_interpolation: 0,interpolation_duration: 0}
$data merge entity $(bone35) {transformation: [-0.9989f,0.0021f,-0.0466f,0.2987f,-0.0219f,0.861f,0.5081f,0.4155f,0.0412f,0.5085f,-0.86f,-0.9399f,0f,0f,0f,1f],start_interpolation: 0,interpolation_duration: 0}
$data merge entity $(bone34) {transformation: [-0.9989f,0.0082f,-0.0459f,0.3007f,-0.0219f,0.7873f,0.6161f,0.4924f,0.0412f,0.6165f,-0.7863f,-0.8824f,0f,0f,0f,1f],start_interpolation: 0,interpolation_duration: 0}
$data merge entity $(bone77) {transformation: [-0.9325f,0.3593f,-0.0366f,0.1061f,0.0115f,-0.0717f,-0.9974f,0.0708f,-0.3609f,-0.9305f,0.0628f,-0.3576f,0f,0f,0f,1f],start_interpolation: 0,interpolation_duration: 0}
$data merge entity $(bone75) {transformation: [-0.9325f,0.3593f,-0.0366f,0.1693f,0.0115f,-0.0717f,-0.9974f,0.0595f,-0.3609f,-0.9305f,0.0628f,-0.5323f,0f,0f,0f,1f],start_interpolation: 0,interpolation_duration: 0}
$data merge entity $(bone39) {transformation: [-0.9325f,0.3593f,-0.0366f,0.2318f,0.0115f,-0.0717f,-0.9974f,0.0452f,-0.3609f,-0.9305f,0.0628f,-0.6906f,0f,0f,0f,1f],start_interpolation: 0,interpolation_duration: 0}
$data merge entity $(bone76) {transformation: [-0.961f,-0.2762f,-0.0133f,0.4987f,0.0212f,-0.0259f,-0.9994f,0.0518f,0.2757f,-0.9607f,0.0307f,-0.3327f,0f,0f,0f,1f],start_interpolation: 0,interpolation_duration: 0}
$data merge entity $(bone74) {transformation: [-0.961f,-0.2762f,-0.0133f,0.4828f,0.0212f,-0.0259f,-0.9994f,0.0551f,0.2757f,-0.9607f,0.0307f,-0.5291f,0f,0f,0f,1f],start_interpolation: 0,interpolation_duration: 0}
$data merge entity $(bone40) {transformation: [-0.961f,-0.2762f,-0.0133f,0.4343f,0.0212f,-0.0259f,-0.9994f,0.0487f,0.2757f,-0.9607f,0.0307f,-0.6927f,0f,0f,0f,1f],start_interpolation: 0,interpolation_duration: 0}
$data merge entity $(bone79) {transformation: [-0.9996f,0.0265f,-0.0023f,0.3135f,0.0016f,-0.0264f,-0.9997f,0.0594f,-0.0266f,-0.9993f,0.0263f,-0.2928f,0f,0f,0f,1f],start_interpolation: 0,interpolation_duration: 0}
$data merge entity $(bone78) {transformation: [-0.9996f,0.0265f,-0.0023f,0.3228f,0.0016f,-0.0264f,-0.9997f,0.0561f,-0.0266f,-0.9993f,0.0263f,-0.4934f,0f,0f,0f,1f],start_interpolation: 0,interpolation_duration: 0}
$data merge entity $(bone41) {transformation: [-0.9996f,0.0265f,-0.0023f,0.3268f,0.0016f,-0.0264f,-0.9997f,0.0487f,-0.0266f,-0.9993f,0.0263f,-0.6925f,0f,0f,0f,1f],start_interpolation: 0,interpolation_duration: 0}
$data merge entity $(bone38) {transformation: [-1f,-0.0003f,-0.0026f,0.338f,0.0007f,0.9142f,-0.4053f,0.3084f,0.0025f,-0.4053f,-0.9142f,-0.7837f,0f,0f,0f,1f],start_interpolation: 0,interpolation_duration: 0}
$data merge entity $(bone33) {transformation: [-0.9994f,-0.0285f,-0.0204f,0.3202f,-0.0349f,0.8604f,0.5085f,0.5364f,0.003f,0.5089f,-0.8608f,-0.6481f,0f,0f,0f,1f],start_interpolation: 0,interpolation_duration: 0}
$data merge entity $(bone31) {transformation: [-0.9973f,-0.0433f,-0.0587f,0.2793f,-0.0687f,0.2869f,0.9555f,0.6571f,-0.0245f,0.957f,-0.2891f,0.2077f,0f,0f,0f,1f],start_interpolation: 0,interpolation_duration: 0}
$data merge entity $(bone19) {transformation: [-0.9852f,-0.1675f,0.0358f,0.1713f,-0.1711f,0.9708f,-0.168f,1.2884f,-0.0066f,-0.1716f,-0.9851f,-0.0343f,0f,0f,0f,1f],start_interpolation: 0,interpolation_duration: 0}
$data merge entity $(bone44) {transformation: [-0.7983f,0.5226f,0.2994f,-0.1115f,0.1754f,0.6773f,-0.7145f,1.2826f,-0.5762f,-0.5179f,-0.6323f,-0.001f,0f,0f,0f,1f],start_interpolation: 0,interpolation_duration: 0}
$data merge entity $(bone46) {transformation: [-0.8891f,-0.2342f,0.3932f,-0.2864f,0.0616f,0.7901f,0.6099f,0.7885f,-0.4535f,0.5665f,-0.6881f,0.1149f,0f,0f,0f,1f],start_interpolation: 0,interpolation_duration: 0}
$data merge entity $(bone50) {transformation: [-0.8709f,-0.127f,0.4748f,-0.0743f,0.0256f,0.953f,0.3019f,0.3299f,-0.4908f,0.2751f,-0.8267f,-0.5371f,0f,0f,0f,1f],start_interpolation: 0,interpolation_duration: 0}
$data merge entity $(bone49) {transformation: [-0.8709f,-0.3474f,0.3477f,-0.0935f,0.0256f,0.6743f,0.738f,0.4263f,-0.4908f,0.6516f,-0.5784f,-0.4188f,0f,0f,0f,1f],start_interpolation: 0,interpolation_duration: 0}
$data merge entity $(bone48) {transformation: [-0.8709f,-0.3898f,0.2994f,-0.1315f,0.0256f,0.5723f,0.8197f,0.4829f,-0.4908f,0.7215f,-0.4884f,-0.3512f,0f,0f,0f,1f],start_interpolation: 0,interpolation_duration: 0}
$data merge entity $(bone54) {transformation: [-0.9806f,0.196f,0.0085f,-0.2549f,-0.0167f,-0.0404f,-0.999f,0.0652f,-0.1955f,-0.9798f,0.0429f,0.2181f,0f,0f,0f,1f],start_interpolation: 0,interpolation_duration: 0}
$data merge entity $(bone53) {transformation: [-0.9806f,0.196f,0.0085f,-0.2145f,-0.0167f,-0.0404f,-0.999f,0.0598f,-0.1955f,-0.9798f,0.0429f,0.0365f,0f,0f,0f,1f],start_interpolation: 0,interpolation_duration: 0}
$data merge entity $(bone52) {transformation: [-0.9806f,0.196f,0.0085f,-0.1823f,-0.0167f,-0.0404f,-0.999f,0.0508f,-0.1955f,-0.9798f,0.0429f,-0.131f,0f,0f,0f,1f],start_interpolation: 0,interpolation_duration: 0}
$data merge entity $(bone57) {transformation: [-0.7278f,0.6858f,0.0068f,-0.5831f,-0.015f,-0.006f,-0.9999f,0.0593f,-0.6857f,-0.7278f,0.0147f,0.0651f,0f,0f,0f,1f],start_interpolation: 0,interpolation_duration: 0}
$data merge entity $(bone56) {transformation: [-0.7278f,0.6858f,0.0068f,-0.4791f,-0.015f,-0.006f,-0.9999f,0.0667f,-0.6857f,-0.7278f,0.0147f,-0.102f,0f,0f,0f,1f],start_interpolation: 0,interpolation_duration: 0}
$data merge entity $(bone55) {transformation: [-0.7278f,0.6858f,0.0068f,-0.361f,-0.015f,-0.006f,-0.9999f,0.0637f,-0.6857f,-0.7278f,0.0147f,-0.2254f,0f,0f,0f,1f],start_interpolation: 0,interpolation_duration: 0}
$data merge entity $(bone60) {transformation: [-0.8805f,0.4731f,-0.0295f,-0.4526f,0.0142f,-0.0359f,-0.9993f,0.0732f,-0.4738f,-0.8803f,0.0249f,0.1774f,0f,0f,0f,1f],start_interpolation: 0,interpolation_duration: 0}
$data merge entity $(bone59) {transformation: [-0.8805f,0.4731f,-0.0295f,-0.361f,0.0142f,-0.0359f,-0.9993f,0.068f,-0.4738f,-0.8803f,0.0249f,-0.0013f,0f,0f,0f,1f],start_interpolation: 0,interpolation_duration: 0}
$data merge entity $(bone58) {transformation: [-0.8805f,0.4731f,-0.0295f,-0.2656f,0.0142f,-0.0359f,-0.9993f,0.0588f,-0.4738f,-0.8803f,0.0249f,-0.176f,0f,0f,0f,1f],start_interpolation: 0,interpolation_duration: 0}
$data merge entity $(bone51) {transformation: [-0.887f,0.2159f,0.4082f,-0.2254f,0.0454f,0.9204f,-0.3883f,0.3203f,-0.4596f,-0.3259f,-0.8262f,-0.2525f,0f,0f,0f,1f],start_interpolation: 0,interpolation_duration: 0}
$data merge entity $(bone47) {transformation: [-0.887f,-0.1205f,0.4458f,-0.2484f,0.0454f,0.938f,0.3437f,0.5689f,-0.4596f,0.3251f,-0.8265f,-0.161f,0f,0f,0f,1f],start_interpolation: 0,interpolation_duration: 0}
$data merge entity $(bone45) {transformation: [-0.8891f,-0.2958f,0.3491f,-0.5366f,0.0616f,0.6786f,0.7319f,1.0538f,-0.4535f,0.6723f,-0.5852f,0.4951f,0f,0f,0f,1f],start_interpolation: 0,interpolation_duration: 0}
$data merge entity $(bone43) {transformation: [-0.8408f,0.5068f,0.1903f,-0.1713f,0.1157f,0.5115f,-0.8514f,1.2884f,-0.5289f,-0.6939f,-0.4887f,-0.0343f,0f,0f,0f,1f],start_interpolation: 0,interpolation_duration: 0}