# This file was generated by Animated Java via MC-Build. It is not recommended to edit this file directly.
$data merge entity $(bone5) {transformation: [-0.9947f,-0.1023f,0.0084f,0.385f,-0.0936f,0.9378f,0.3343f,1.5033f,-0.042f,0.3318f,-0.9424f,0.9768f,0f,0f,0f,1f],start_interpolation: 0,interpolation_duration: 0}
$data merge entity $(bone6) {transformation: [0.0194f,-0.2645f,-0.9642f,0.4944f,-0.4276f,0.8696f,-0.2471f,1.2729f,0.9038f,0.417f,-0.0962f,0.9046f,0f,0f,0f,1f],start_interpolation: 0,interpolation_duration: 0}
$data merge entity $(bone8) {transformation: [-0.2626f,-0.0563f,0.9633f,0.636f,-0.0733f,0.9966f,0.0383f,0.5834f,-0.9621f,-0.0606f,-0.2658f,0.7591f,0f,0f,0f,1f],start_interpolation: 0,interpolation_duration: 0}
$data merge entity $(bone9) {transformation: [-0.2626f,-0.0563f,0.9633f,0.7979f,-0.0733f,0.9966f,0.0383f,0.756f,-0.9621f,-0.0606f,-0.2658f,0.6941f,0f,0f,0f,1f],start_interpolation: 0,interpolation_duration: 0}
$data merge entity $(bone10) {transformation: [-0.2335f,-0.1327f,0.9633f,0.6178f,-0.3696f,0.9284f,0.0383f,0.5745f,-0.8994f,-0.3471f,-0.2658f,0.7353f,0f,0f,0f,1f],start_interpolation: 0,interpolation_duration: 0}
$data merge entity $(bone12) {transformation: [-0.1853f,-0.518f,0.8351f,0.7589f,-0.8923f,0.4447f,0.0779f,0.0678f,-0.4117f,-0.7307f,-0.5446f,0.9441f,0f,0f,0f,1f],start_interpolation: 0,interpolation_duration: 0}
$data merge entity $(bone15) {transformation: [0.9847f,-0.1052f,0.1392f,0.3739f,-0.1575f,-0.1932f,0.9684f,0.0302f,-0.075f,-0.9755f,-0.2068f,0.9982f,0f,0f,0f,1f],start_interpolation: 0,interpolation_duration: 0}
$data merge entity $(bone14) {transformation: [0.9547f,-0.1052f,-0.2784f,0.4966f,0.255f,-0.1932f,0.9474f,0.0642f,-0.1535f,-0.9755f,-0.1576f,0.9769f,0f,0f,0f,1f],start_interpolation: 0,interpolation_duration: 0}
$data merge entity $(bone13) {transformation: [0.8019f,-0.1052f,-0.5882f,0.6012f,0.5637f,-0.1932f,0.8031f,0.1352f,-0.1981f,-0.9755f,-0.0956f,0.9483f,0f,0f,0f,1f],start_interpolation: 0,interpolation_duration: 0}
$data merge entity $(bone18) {transformation: [-0.0515f,-0.9972f,-0.0536f,0.7366f,0.9982f,-0.0497f,-0.0326f,-0.1608f,0.0299f,-0.0552f,0.998f,1.3404f,0f,0f,0f,1f],start_interpolation: 0,interpolation_duration: 0}
$data merge entity $(bone17) {transformation: [-0.0049f,-0.9972f,-0.0742f,0.7356f,0.7857f,-0.0497f,0.6166f,-0.006f,-0.6186f,-0.0552f,0.7837f,1.2185f,0f,0f,0f,1f],start_interpolation: 0,interpolation_duration: 0}
$data merge entity $(bone16) {transformation: [0.029f,-0.9972f,-0.0684f,0.7357f,0.4232f,-0.0497f,0.9046f,0.0544f,-0.9056f,-0.0552f,0.4206f,1.0848f,0f,0f,0f,1f],start_interpolation: 0,interpolation_duration: 0}
$data merge entity $(bone27) {transformation: [-0.8522f,-0.518f,-0.0737f,1.1806f,-0.0399f,-0.0761f,0.9963f,0.0413f,-0.5217f,0.852f,0.0442f,1.1352f,0f,0f,0f,1f],start_interpolation: 0,interpolation_duration: 0}
$data merge entity $(bone26) {transformation: [-0.8402f,-0.5386f,-0.0635f,1.0469f,-0.036f,-0.0615f,0.9975f,0.0365f,-0.5411f,0.8403f,0.0323f,1.0569f,0f,0f,0f,1f],start_interpolation: 0,interpolation_duration: 0}
$data merge entity $(bone25) {transformation: [-0.828f,-0.5386f,0.1561f,0.8945f,0.2234f,-0.0615f,0.9728f,0.075f,-0.5143f,0.8403f,0.1712f,0.9671f,0f,0f,0f,1f],start_interpolation: 0,interpolation_duration: 0}
$data merge entity $(bone30) {transformation: [-0.1208f,-0.8719f,0.4746f,0.9854f,0.9858f,-0.0491f,0.1607f,-0.1569f,-0.1169f,0.4872f,0.8654f,1.3054f,0f,0f,0f,1f],start_interpolation: 0,interpolation_duration: 0}
$data merge entity $(bone29) {transformation: [-0.345f,-0.8719f,0.3476f,0.9212f,0.7678f,-0.0491f,0.6388f,-0.0054f,-0.5399f,0.4872f,0.6864f,1.1969f,0f,0f,0f,1f],start_interpolation: 0,interpolation_duration: 0}
$data merge entity $(bone28) {transformation: [-0.4741f,-0.8719f,0.1228f,0.8213f,0.334f,-0.0491f,0.9413f,0.0604f,-0.8147f,0.4872f,0.3145f,1.0336f,0f,0f,0f,1f],start_interpolation: 0,interpolation_duration: 0}
$data merge entity $(bone7) {transformation: [0.9633f,-0.0677f,0.2598f,0.6017f,0.0383f,0.9924f,0.1167f,0.9193f,-0.2658f,-0.1025f,0.9586f,0.7205f,0f,0f,0f,1f],start_interpolation: 0,interpolation_duration: 0}
$data merge entity $(bone4) {transformation: [-0.9642f,-0.265f,0.0084f,0.3501f,-0.2471f,0.9095f,0.3343f,1.6094f,-0.0962f,0.3203f,-0.9424f,0.9866f,0f,0f,0f,1f],start_interpolation: 0,interpolation_duration: 0}
$data merge entity $(bone62) {transformation: [-0.9097f,0.3669f,0.1944f,-0.4163f,0.4122f,0.7417f,0.5292f,1.5269f,0.05f,0.5616f,-0.8259f,0.9496f,0f,0f,0f,1f],start_interpolation: 0,interpolation_duration: 0}
$data merge entity $(bone63) {transformation: [0.2469f,0.4889f,0.8367f,-0.5866f,0.5956f,0.6045f,-0.529f,1.371f,-0.7644f,0.6289f,-0.142f,0.8194f,0f,0f,0f,1f],start_interpolation: 0,interpolation_duration: 0}
$data merge entity $(bone65) {transformation: [-0.043f,0.1483f,-0.988f,-0.8448f,0.1713f,0.9754f,0.1389f,0.8028f,0.9843f,-0.1633f,-0.0673f,0.6254f,0f,0f,0f,1f],start_interpolation: 0,interpolation_duration: 0}
$data merge entity $(bone66) {transformation: [-0.043f,0.1483f,-0.988f,-0.9974f,0.1713f,0.9754f,0.1389f,0.9894f,0.9843f,-0.1633f,-0.0673f,0.5789f,0f,0f,0f,1f],start_interpolation: 0,interpolation_duration: 0}
$data merge entity $(bone67) {transformation: [0.0036f,0.1543f,-0.988f,-0.8331f,0.4567f,0.8787f,0.1389f,0.7902f,0.8896f,-0.4517f,-0.0673f,0.5994f,0f,0f,0f,1f],start_interpolation: 0,interpolation_duration: 0}
$data merge entity $(bone69) {transformation: [-0.2603f,0.0963f,-0.9607f,-0.9179f,0.3615f,0.9324f,-0.0045f,0.2243f,0.8953f,-0.3485f,-0.2775f,0.7704f,0f,0f,0f,1f],start_interpolation: 0,interpolation_duration: 0}
$data merge entity $(bone72) {transformation: [0.9236f,0.264f,0.2778f,-0.6344f,-0.3391f,0.2249f,0.9135f,0.1374f,0.1787f,-0.9379f,0.2972f,0.7985f,0f,0f,0f,1f],start_interpolation: 0,interpolation_duration: 0}
$data merge entity $(bone71) {transformation: [0.7407f,0.264f,0.6178f,-0.7289f,-0.6701f,0.2249f,0.7074f,0.2251f,0.0478f,-0.9379f,0.3435f,0.7917f,0f,0f,0f,1f],start_interpolation: 0,interpolation_duration: 0}
$data merge entity $(bone70) {transformation: [0.4847f,0.264f,0.8339f,-0.7922f,-0.8716f,0.2249f,0.4355f,0.338f,-0.0725f,-0.9379f,0.3392f,0.7974f,0f,0f,0f,1f],start_interpolation: 0,interpolation_duration: 0}
$data merge entity $(bone81) {transformation: [0.1496f,0.9886f,0.0185f,-0.803f,-0.4115f,0.0452f,0.9103f,-0.0634f,0.8991f,-0.1438f,0.4136f,1.1188f,0f,0f,0f,1f],start_interpolation: 0,interpolation_duration: 0}
$data merge entity $(bone80) {transformation: [0.1222f,0.9886f,0.0883f,-0.827f,-0.7993f,0.0452f,0.5993f,0.0941f,0.5884f,-0.1438f,0.7957f,1.0029f,0f,0f,0f,1f],start_interpolation: 0,interpolation_duration: 0}
$data merge entity $(bone73) {transformation: [0.15f,0.9886f,0.0146f,-0.8448f,-0.3877f,0.0452f,0.9207f,0.1496f,0.9095f,-0.1438f,0.3901f,0.8682f,0f,0f,0f,1f],start_interpolation: 0,interpolation_duration: 0}
$data merge entity $(bone84) {transformation: [-0.7106f,0.6961f,0.1022f,-1.2587f,0.1145f,-0.029f,0.993f,0.0352f,0.6942f,0.7173f,-0.0591f,1.0203f,0f,0f,0f,1f],start_interpolation: 0,interpolation_duration: 0}
$data merge entity $(bone83) {transformation: [-0.681f,0.7134f,-0.1651f,-1.1489f,-0.2436f,-0.008f,0.9698f,0.074f,0.6906f,0.7007f,0.1793f,0.9181f,0f,0f,0f,1f],start_interpolation: 0,interpolation_duration: 0}
$data merge entity $(bone82) {transformation: [-0.615f,0.7134f,-0.3358f,-1.0339f,-0.4863f,-0.008f,0.8737f,0.1605f,0.6207f,0.7007f,0.3519f,0.8082f,0f,0f,0f,1f],start_interpolation: 0,interpolation_duration: 0}
$data merge entity $(bone103) {transformation: [-0.2846f,0.9515f,-0.117f,-1.0401f,-0.3403f,0.0139f,0.9402f,-0.0674f,0.8962f,0.3074f,0.3198f,1.1581f,0f,0f,0f,1f],start_interpolation: 0,interpolation_duration: 0}
$data merge entity $(bone102) {transformation: [-0.2168f,0.9515f,-0.2183f,-1.0015f,-0.6786f,0.0139f,0.7343f,0.0662f,0.7017f,0.3074f,0.6427f,1.0185f,0f,0f,0f,1f],start_interpolation: 0,interpolation_duration: 0}
$data merge entity $(bone85) {transformation: [-0.2768f,0.9515f,-0.1344f,-0.9411f,-0.3978f,0.0139f,0.9174f,0.1452f,0.8747f,0.3074f,0.3746f,0.8422f,0f,0f,0f,1f],start_interpolation: 0,interpolation_duration: 0}
$data merge entity $(bone64) {transformation: [0.988f,0.15f,-0.0365f,-0.7838f,-0.1389f,0.967f,0.2137f,1.1285f,0.0673f,-0.206f,0.9762f,0.5496f,0f,0f,0f,1f],start_interpolation: 0,interpolation_duration: 0}
$data merge entity $(bone61) {transformation: [-0.8367f,0.512f,0.1944f,-0.3501f,0.529f,0.6635f,0.5292f,1.6094f,0.142f,0.5456f,-0.8259f,0.9866f,0f,0f,0f,1f],start_interpolation: 0,interpolation_duration: 0}
$data merge entity $(bone23) {transformation: [-0.7934f,-0.6088f,0f,0.1071f,-0.0933f,0.1216f,0.9882f,1.5326f,-0.6016f,0.784f,-0.1532f,1.0117f,0f,0f,0f,1f],start_interpolation: 0,interpolation_duration: 0}
$data merge entity $(bone22) {transformation: [-0.7934f,0.6088f,0f,-0.1071f,0.0933f,0.1216f,0.9882f,1.5326f,0.6016f,0.784f,-0.1532f,1.0117f,0f,0f,0f,1f],start_interpolation: 0,interpolation_duration: 0}
$data merge entity $(bone89) {transformation: [-1f,0.0072f,0.0007f,0.002f,0.0055f,0.7015f,0.7126f,2.2409f,0.0046f,0.7126f,-0.7015f,1.4656f,0f,0f,0f,1f],start_interpolation: 0,interpolation_duration: 0}
$data merge entity $(bone90) {transformation: [-1f,0.0069f,0.0019f,0.0013f,0.0055f,0.5671f,0.8236f,2.1772f,0.0046f,0.8236f,-0.5671f,1.3885f,0f,0f,0f,1f],start_interpolation: 0,interpolation_duration: 0}
$data merge entity $(bone88) {transformation: [-1f,0.0071f,0.0013f,0.0312f,0.0055f,0.6367f,0.7711f,2.0347f,0.0046f,0.771f,-0.6368f,1.2749f,0f,0f,0f,1f],start_interpolation: 0,interpolation_duration: 0}
$data merge entity $(bone42) {transformation: [-1f,0f,0f,0f,0f,0.7627f,0.6468f,1.747f,0f,0.6468f,-0.7627f,1.6853f,0f,0f,0f,1f],start_interpolation: 0,interpolation_duration: 0}
$data merge entity $(bone87) {transformation: [-0.9998f,0.0157f,-0.0096f,-0.0044f,0.0033f,0.6639f,0.7478f,1.306f,0.0181f,0.7476f,-0.6639f,2.249f,0f,0f,0f,1f],start_interpolation: 0,interpolation_duration: 0}
$data merge entity $(bone86) {transformation: [-1f,0f,0f,0f,0f,0.7435f,0.6688f,1.455f,0f,0.6688f,-0.7435f,2.0761f,0f,0f,0f,1f],start_interpolation: 0,interpolation_duration: 0}
$data merge entity $(bone92) {transformation: [-0.8818f,0.2593f,-0.3939f,0.1194f,-0.0563f,0.7715f,0.6337f,1.8206f,0.4682f,0.581f,-0.6657f,1.7237f,0f,0f,0f,1f],start_interpolation: 0,interpolation_duration: 0}
$data merge entity $(bone3) {transformation: [-0.8818f,-0.2593f,0.3939f,-0.1194f,0.0563f,0.7715f,0.6337f,1.8206f,-0.4682f,0.581f,-0.6657f,1.7237f,0f,0f,0f,1f],start_interpolation: 0,interpolation_duration: 0}
$data merge entity $(head) {transformation: [-1f,0f,0f,0f,0f,0.7775f,0.6289f,1.7387f,0f,0.6289f,-0.7775f,1.5017f,0f,0f,0f,1f],start_interpolation: 0,interpolation_duration: 0}
$data merge entity $(neck) {transformation: [-1f,0f,0f,0f,0f,0.5882f,0.8087f,1.6395f,0f,0.8087f,-0.5882f,1.3652f,0f,0f,0f,1f],start_interpolation: 0,interpolation_duration: 0}
$data merge entity $(bone2) {transformation: [-1f,0f,0f,0f,0f,0.1532f,0.9882f,1.5702f,0f,0.9882f,-0.1532f,1.0549f,0f,0f,0f,1f],start_interpolation: 0,interpolation_duration: 0}
$data merge entity $(bone136) {transformation: [-1f,0f,0f,0f,0f,0.2047f,1.0685f,1.5475f,0f,0.9788f,-0.2235f,0.8595f,0f,0f,0f,1f],start_interpolation: 0,interpolation_duration: 0}
$data merge entity $(bone118) {transformation: [-0.0895f,-0.849f,-0.5208f,0.2586f,0.992f,-0.1228f,0.0298f,1.7085f,-0.0892f,-0.5139f,0.8532f,0.7668f,0f,0f,0f,1f],start_interpolation: 0,interpolation_duration: 0}
$data merge entity $(bone119) {transformation: [-0.1523f,-0.849f,-0.506f,0.7334f,0.9882f,-0.1228f,-0.0913f,1.7578f,0.0154f,-0.5139f,0.8577f,-0.041f,0f,0f,0f,1f],start_interpolation: 0,interpolation_duration: 0}
$data merge entity $(bone120) {transformation: [-0.4891f,-0.849f,0.2001f,1.63f,-0.1856f,-0.1228f,-0.9749f,1.0393f,0.8523f,-0.5139f,-0.0975f,0.6118f,0f,0f,0f,1f],start_interpolation: 0,interpolation_duration: 0}
$data merge entity $(bone121) {transformation: [0f,0f,0f,0.9818f,0f,0f,0f,1.8728f,0f,0f,0f,-0.4671f,0f,0f,0f,1f],start_interpolation: 0,interpolation_duration: 0}
$data merge entity $(bone123) {transformation: [0.02f,-1.732f,-1.0624f,0.9099f,1.983f,-0.2149f,0.3876f,1.3154f,-0.4427f,-1.0407f,1.6882f,2.4107f,0f,0f,0f,1f],start_interpolation: 0,interpolation_duration: 0}
$data merge entity $(bone124) {transformation: [-0.1258f,-0.8524f,-0.5076f,0.7193f,0.992f,-0.1058f,-0.0684f,2.716f,0.0046f,-0.5122f,0.8589f,-0.2553f,0f,0f,0f,1f],start_interpolation: 0,interpolation_duration: 0}
$data merge entity $(bone122) {transformation: [-0.3897f,-1.3133f,-0.7053f,0.545f,1.4492f,-0.1629f,-0.4973f,2.7005f,0.3493f,-0.7891f,1.2764f,0.0363f,0f,0f,0f,1f],start_interpolation: 0,interpolation_duration: 0}
$data merge entity $(bone126) {transformation: [0.266f,-0.8524f,-0.4502f,1.1356f,0.7555f,-0.1058f,0.6466f,1.998f,-0.5987f,-0.5122f,0.6158f,-0.7988f,0f,0f,0f,1f],start_interpolation: 0,interpolation_duration: 0}
$data merge entity $(bone127) {transformation: [0.1404f,-0.8524f,-0.5038f,0.7903f,0.8971f,-0.1058f,0.429f,2.3969f,-0.4189f,-0.5122f,0.7498f,-0.3076f,0f,0f,0f,1f],start_interpolation: 0,interpolation_duration: 0}
$data merge entity $(bone125) {transformation: [0.0074f,-1.1949f,-0.7331f,0.6229f,1.3704f,-0.1483f,0.2554f,2.5569f,-0.2952f,-0.718f,1.1673f,-0.0546f,0f,0f,0f,1f],start_interpolation: 0,interpolation_duration: 0}
$data merge entity $(bone129) {transformation: [1.0286f,-1.5895f,-0.2266f,0.4469f,0.0853f,-0.1972f,2.0009f,3.8474f,-1.7295f,-0.9551f,-0.0361f,2.6585f,0f,0f,0f,1f],start_interpolation: 0,interpolation_duration: 0}
$data merge entity $(bone130) {transformation: [0.5293f,-0.8524f,-0.1971f,0.8497f,0.1946f,-0.1058f,1.0562f,1.5625f,-0.9211f,-0.5122f,0.1099f,-0.2341f,0f,0f,0f,1f],start_interpolation: 0,interpolation_duration: 0}
$data merge entity $(bone131) {transformation: [0.4485f,-0.8524f,-0.3432f,0.6993f,0.4949f,-0.1058f,0.9531f,2.1413f,-0.8487f,-0.5122f,0.3744f,-0.1033f,0f,0f,0f,1f],start_interpolation: 0,interpolation_duration: 0}
$data merge entity $(bone128) {transformation: [0.3631f,-0.8986f,-0.4719f,0.5891f,0.7641f,-0.1115f,0.8355f,2.4441f,-0.7621f,-0.5399f,0.6128f,0.0069f,0f,0f,0f,1f],start_interpolation: 0,interpolation_duration: 0}
$data merge entity $(bone132) {transformation: [-0.2245f,-0.8524f,-0.4723f,0.4656f,0.9585f,-0.1058f,-0.2648f,2.5787f,0.1757f,-0.5122f,0.8407f,0.2076f,0f,0f,0f,1f],start_interpolation: 0,interpolation_duration: 0}
$data merge entity $(bone133) {transformation: [-0.3926f,-1.447f,-0.6976f,0.5303f,1.676f,-0.1795f,-0.3911f,2.5968f,0.3073f,-0.8695f,1.2417f,0.1079f,0f,0f,0f,1f],start_interpolation: 0,interpolation_duration: 0}
$data merge entity $(w5) {transformation: [-0.2245f,-0.8524f,-0.4723f,0.5392f,0.9585f,-0.1058f,-0.2648f,2.5301f,0.1757f,-0.5122f,0.8407f,0.1198f,0f,0f,0f,1f],start_interpolation: 0,interpolation_duration: 0}
$data merge entity $(w2) {transformation: [-0.5154f,-0.849f,-0.1166f,0.7068f,0.4071f,-0.1228f,-0.9051f,1.7732f,0.7541f,-0.5139f,0.4089f,-0.0241f,0f,0f,0f,1f],start_interpolation: 0,interpolation_duration: 0}
$data merge entity $(wing3) {transformation: [-0.0895f,-0.849f,-0.5208f,0.2175f,0.992f,-0.1228f,0.0298f,1.8114f,-0.0892f,-0.5139f,0.8532f,0.775f,0f,0f,0f,1f],start_interpolation: 0,interpolation_duration: 0}
$data merge entity $(bone104) {transformation: [-0.0895f,0.849f,0.5208f,-0.2586f,-0.992f,-0.1228f,0.0298f,1.7085f,0.0892f,-0.5139f,0.8532f,0.7668f,0f,0f,0f,1f],start_interpolation: 0,interpolation_duration: 0}
$data merge entity $(bone105) {transformation: [-0.1523f,0.849f,0.506f,-0.7334f,-0.9882f,-0.1228f,-0.0913f,1.7578f,-0.0154f,-0.5139f,0.8577f,-0.041f,0f,0f,0f,1f],start_interpolation: 0,interpolation_duration: 0}
$data merge entity $(bone106) {transformation: [-0.4891f,0.849f,-0.2001f,-1.63f,0.1856f,-0.1228f,-0.9749f,1.0393f,-0.8523f,-0.5139f,-0.0975f,0.6118f,0f,0f,0f,1f],start_interpolation: 0,interpolation_duration: 0}
$data merge entity $(bone107) {transformation: [0f,0f,0f,-0.9818f,0f,0f,0f,1.8728f,0f,0f,0f,-0.4671f,0f,0f,0f,1f],start_interpolation: 0,interpolation_duration: 0}
$data merge entity $(bone109) {transformation: [0.0368f,1.732f,0.999f,-0.9418f,-1.8177f,-0.2149f,0.33f,1.4242f,0.4365f,-1.0407f,1.5945f,2.3351f,0f,0f,0f,1f],start_interpolation: 0,interpolation_duration: 0}
$data merge entity $(bone110) {transformation: [-0.1098f,0.8524f,0.4796f,-0.7097f,-0.9061f,-0.1058f,-0.0747f,2.7188f,0.0044f,-0.5122f,0.8136f,-0.2398f,0f,0f,0f,1f],start_interpolation: 0,interpolation_duration: 0}
$data merge entity $(bone108) {transformation: [-0.3546f,1.3133f,0.67f,-0.545f,-1.3188f,-0.1629f,-0.4725f,2.7005f,-0.3179f,-0.7891f,1.2126f,0.0363f,0f,0f,0f,1f],start_interpolation: 0,interpolation_duration: 0}
$data merge entity $(bone112) {transformation: [0.266f,0.8524f,0.4502f,-1.1356f,-0.7555f,-0.1058f,0.6466f,1.998f,0.5987f,-0.5122f,0.6158f,-0.7988f,0f,0f,0f,1f],start_interpolation: 0,interpolation_duration: 0}
$data merge entity $(bone113) {transformation: [0.1404f,0.8524f,0.5038f,-0.7903f,-0.8971f,-0.1058f,0.429f,2.3969f,0.4189f,-0.5122f,0.7498f,-0.3076f,0f,0f,0f,1f],start_interpolation: 0,interpolation_duration: 0}
$data merge entity $(bone111) {transformation: [0.0074f,1.1949f,0.7331f,-0.6229f,-1.3704f,-0.1483f,0.2554f,2.5569f,0.2952f,-0.718f,1.1673f,-0.0546f,0f,0f,0f,1f],start_interpolation: 0,interpolation_duration: 0}
$data merge entity $(bone115) {transformation: [1.0286f,1.5895f,0.2266f,-0.4469f,-0.0853f,-0.1972f,2.0009f,3.8474f,1.7295f,-0.9551f,-0.0361f,2.6585f,0f,0f,0f,1f],start_interpolation: 0,interpolation_duration: 0}
$data merge entity $(bone116) {transformation: [0.5293f,0.8524f,0.1971f,-0.8497f,-0.1946f,-0.1058f,1.0562f,1.5625f,0.9211f,-0.5122f,0.1099f,-0.2341f,0f,0f,0f,1f],start_interpolation: 0,interpolation_duration: 0}
$data merge entity $(bone117) {transformation: [0.4485f,0.8524f,0.3432f,-0.6993f,-0.4949f,-0.1058f,0.9531f,2.1413f,0.8487f,-0.5122f,0.3744f,-0.1033f,0f,0f,0f,1f],start_interpolation: 0,interpolation_duration: 0}
$data merge entity $(bone114) {transformation: [0.3631f,0.8986f,0.4719f,-0.5891f,-0.7641f,-0.1115f,0.8355f,2.4441f,0.7621f,-0.5399f,0.6128f,0.0069f,0f,0f,0f,1f],start_interpolation: 0,interpolation_duration: 0}
$data merge entity $(bone134) {transformation: [-0.2245f,0.8524f,0.4723f,-0.4656f,-0.9585f,-0.1058f,-0.2648f,2.5787f,-0.1757f,-0.5122f,0.8407f,0.2076f,0f,0f,0f,1f],start_interpolation: 0,interpolation_duration: 0}
$data merge entity $(bone135) {transformation: [-0.3926f,1.447f,0.6976f,-0.5303f,-1.676f,-0.1795f,-0.3911f,2.5968f,-0.3073f,-0.8695f,1.2417f,0.1079f,0f,0f,0f,1f],start_interpolation: 0,interpolation_duration: 0}
$data merge entity $(w4) {transformation: [-0.2245f,0.8524f,0.4723f,-0.5392f,-0.9585f,-0.1058f,-0.2648f,2.5301f,-0.1757f,-0.5122f,0.8407f,0.1198f,0f,0f,0f,1f],start_interpolation: 0,interpolation_duration: 0}
$data merge entity $(w3) {transformation: [-0.5154f,0.849f,0.1166f,-0.7068f,-0.4071f,-0.1228f,-0.9051f,1.7732f,-0.7541f,-0.5139f,0.4089f,-0.0241f,0f,0f,0f,1f],start_interpolation: 0,interpolation_duration: 0}
$data merge entity $(wing2) {transformation: [-0.0895f,0.849f,0.5208f,-0.2175f,-0.992f,-0.1228f,0.0298f,1.8114f,0.0892f,-0.5139f,0.8532f,0.775f,0f,0f,0f,1f],start_interpolation: 0,interpolation_duration: 0}
$data merge entity $(bone20) {transformation: [-1f,0f,0f,-0.1563f,0f,-0.151f,0.9885f,1.5543f,0f,0.9885f,0.151f,0.3246f,0f,0f,0f,1f],start_interpolation: 0,interpolation_duration: 0}
$data merge entity $(bone101) {transformation: [-1f,0f,0f,0f,0f,-0.3772f,0.9261f,1.1951f,0f,0.9261f,0.3772f,-2.6846f,0f,0f,0f,1f],start_interpolation: 0,interpolation_duration: 0}
$data merge entity $(bone100) {transformation: [-1f,0f,0f,0f,0f,0.2319f,0.9727f,0.7557f,0f,0.9727f,-0.2319f,-2.5735f,0f,0f,0f,1f],start_interpolation: 0,interpolation_duration: 0}
$data merge entity $(bone99) {transformation: [-1f,0f,0f,0f,0f,0.4652f,0.8852f,0.3076f,0f,0.8852f,-0.4652f,-2.338f,0f,0f,0f,1f],start_interpolation: 0,interpolation_duration: 0}
$data merge entity $(bone98) {transformation: [-1f,0f,0f,0f,0f,0.859f,0.512f,0.0548f,0f,0.512f,-0.859f,-1.9139f,0f,0f,0f,1f],start_interpolation: 0,interpolation_duration: 0}
$data merge entity $(bone97) {transformation: [-1f,0f,0f,0f,0f,0.9879f,-0.1549f,0.1341f,0f,-0.1549f,-0.9879f,-1.4076f,0f,0f,0f,1f],start_interpolation: 0,interpolation_duration: 0}
$data merge entity $(bone96) {transformation: [-1f,0f,0f,0f,0f,0.8535f,-0.5211f,0.3947f,0f,-0.5211f,-0.8535f,-0.9808f,0f,0f,0f,1f],start_interpolation: 0,interpolation_duration: 0}
$data merge entity $(bone95) {transformation: [-1f,0f,0f,0f,0f,0.6573f,-0.7537f,0.7668f,0f,-0.7537f,-0.6573f,-0.6563f,0f,0f,0f,1f],start_interpolation: 0,interpolation_duration: 0}
$data merge entity $(bone94) {transformation: [-1f,0f,0f,0f,0f,0.5891f,-0.8081f,1.1658f,0f,-0.8081f,-0.5891f,-0.3654f,0f,0f,0f,1f],start_interpolation: 0,interpolation_duration: 0}
$data merge entity $(bone93) {transformation: [-1f,0f,0f,0f,0f,0.7204f,-0.6935f,1.4281f,0f,-0.6935f,-0.7204f,-0.093f,0f,0f,0f,1f],start_interpolation: 0,interpolation_duration: 0}
$data merge entity $(bone) {transformation: [-1f,0f,0f,0f,0f,0.5373f,0.8434f,1.3358f,0f,0.8434f,-0.5373f,-0.0343f,0f,0f,0f,1f],start_interpolation: 0,interpolation_duration: 0}
$data merge entity $(bone24) {transformation: [-0.9666f,-0.2565f,-0.0036f,0.1031f,-0.2562f,0.9648f,0.0593f,1.2771f,-0.0118f,0.0582f,-0.9982f,-0.0354f,0f,0f,0f,1f],start_interpolation: 0,interpolation_duration: 0}
$data merge entity $(bone32) {transformation: [-0.9974f,-0.0516f,-0.0513f,0.2282f,-0.0686f,0.4348f,0.8979f,0.6154f,-0.0241f,0.899f,-0.4372f,-0.3183f,0f,0f,0f,1f],start_interpolation: 0,interpolation_duration: 0}
$data merge entity $(bone36) {transformation: [-0.9989f,-0.0232f,-0.0408f,0.3371f,-0.0232f,0.9997f,0.0019f,0.2883f,0.0407f,0.0028f,-0.9992f,-1.0225f,0f,0f,0f,1f],start_interpolation: 0,interpolation_duration: 0}
$data merge entity $(bone35) {transformation: [-0.9989f,0.0003f,-0.0469f,0.2985f,-0.0232f,0.8648f,0.5015f,0.4141f,0.0407f,0.502f,-0.8639f,-0.9428f,0f,0f,0f,1f],start_interpolation: 0,interpolation_duration: 0}
$data merge entity $(bone34) {transformation: [-0.9989f,0.0064f,-0.0464f,0.3004f,-0.0232f,0.792f,0.6101f,0.4914f,0.0407f,0.6105f,-0.791f,-0.8859f,0f,0f,0f,1f],start_interpolation: 0,interpolation_duration: 0}
$data merge entity $(bone77) {transformation: [-0.9323f,0.3602f,-0.033f,0.106f,0.0083f,-0.0698f,-0.9975f,0.0704f,-0.3616f,-0.9303f,0.0621f,-0.3578f,0f,0f,0f,1f],start_interpolation: 0,interpolation_duration: 0}
$data merge entity $(bone75) {transformation: [-0.9323f,0.3602f,-0.033f,0.1694f,0.0083f,-0.0698f,-0.9975f,0.0595f,-0.3616f,-0.9303f,0.0621f,-0.5325f,0f,0f,0f,1f],start_interpolation: 0,interpolation_duration: 0}
$data merge entity $(bone39) {transformation: [-0.9323f,0.3602f,-0.033f,0.2321f,0.0083f,-0.0698f,-0.9975f,0.0455f,-0.3616f,-0.9303f,0.0621f,-0.6908f,0f,0f,0f,1f],start_interpolation: 0,interpolation_duration: 0}
$data merge entity $(bone76) {transformation: [-0.9614f,-0.2749f,-0.0124f,0.4984f,0.0198f,-0.0242f,-0.9995f,0.0518f,0.2745f,-0.9612f,0.0287f,-0.3327f,0f,0f,0f,1f],start_interpolation: 0,interpolation_duration: 0}
$data merge entity $(bone74) {transformation: [-0.9614f,-0.2749f,-0.0124f,0.4829f,0.0198f,-0.0242f,-0.9995f,0.0555f,0.2745f,-0.9612f,0.0287f,-0.5291f,0f,0f,0f,1f],start_interpolation: 0,interpolation_duration: 0}
$data merge entity $(bone40) {transformation: [-0.9614f,-0.2749f,-0.0124f,0.4346f,0.0198f,-0.0242f,-0.9995f,0.0493f,0.2745f,-0.9612f,0.0287f,-0.6928f,0f,0f,0f,1f],start_interpolation: 0,interpolation_duration: 0}
$data merge entity $(bone79) {transformation: [-0.9996f,0.0285f,-0.0004f,0.313f,-0.0003f,-0.0248f,-0.9997f,0.0592f,-0.0285f,-0.9993f,0.0248f,-0.293f,0f,0f,0f,1f],start_interpolation: 0,interpolation_duration: 0}
$data merge entity $(bone78) {transformation: [-0.9996f,0.0285f,-0.0004f,0.3227f,-0.0003f,-0.0248f,-0.9997f,0.0562f,-0.0285f,-0.9993f,0.0248f,-0.4935f,0f,0f,0f,1f],start_interpolation: 0,interpolation_duration: 0}
$data merge entity $(bone41) {transformation: [-0.9996f,0.0285f,-0.0004f,0.327f,-0.0003f,-0.0248f,-0.9997f,0.0492f,-0.0285f,-0.9993f,0.0248f,-0.6926f,0f,0f,0f,1f],start_interpolation: 0,interpolation_duration: 0}
$data merge entity $(bone38) {transformation: [-1f,-0.0016f,-0.0013f,0.3379f,-0.0009f,0.9111f,-0.4122f,0.3081f,0.0019f,-0.4122f,-0.9111f,-0.7857f,0f,0f,0f,1f],start_interpolation: 0,interpolation_duration: 0}
$data merge entity $(bone33) {transformation: [-0.9993f,-0.0303f,-0.0207f,0.3196f,-0.0366f,0.8641f,0.5019f,0.5372f,0.0027f,0.5023f,-0.8647f,-0.6519f,0f,0f,0f,1f],start_interpolation: 0,interpolation_duration: 0}
$data merge entity $(bone31) {transformation: [-0.9974f,-0.0424f,-0.0591f,0.2796f,-0.0686f,0.2806f,0.9574f,0.6523f,-0.0241f,0.9589f,-0.2828f,0.2047f,0f,0f,0f,1f],start_interpolation: 0,interpolation_duration: 0}
$data merge entity $(bone19) {transformation: [-0.9852f,-0.1677f,0.035f,0.1713f,-0.1711f,0.9716f,-0.1634f,1.2847f,-0.0066f,-0.167f,-0.9859f,-0.0343f,0f,0f,0f,1f],start_interpolation: 0,interpolation_duration: 0}
$data merge entity $(bone44) {transformation: [-0.7981f,0.524f,0.2973f,-0.1115f,0.1751f,0.6739f,-0.7178f,1.2789f,-0.5765f,-0.5208f,-0.6296f,-0.001f,0f,0f,0f,1f],start_interpolation: 0,interpolation_duration: 0}
$data merge entity $(bone46) {transformation: [-0.8892f,-0.2337f,0.3932f,-0.2869f,0.062f,0.7901f,0.6099f,0.7878f,-0.4532f,0.5667f,-0.6881f,0.1159f,0f,0f,0f,1f],start_interpolation: 0,interpolation_duration: 0}
$data merge entity $(bone50) {transformation: [-0.871f,-0.1274f,0.4745f,-0.0748f,0.0261f,0.9524f,0.3037f,0.33f,-0.4906f,0.2769f,-0.8262f,-0.5366f,0f,0f,0f,1f],start_interpolation: 0,interpolation_duration: 0}
$data merge entity $(bone49) {transformation: [-0.871f,-0.3476f,0.3472f,-0.0941f,0.0261f,0.6729f,0.7392f,0.4262f,-0.4906f,0.6529f,-0.577f,-0.4181f,0f,0f,0f,1f],start_interpolation: 0,interpolation_duration: 0}
$data merge entity $(bone48) {transformation: [-0.871f,-0.39f,0.2989f,-0.1321f,0.0261f,0.5707f,0.8207f,0.4827f,-0.4906f,0.7227f,-0.4869f,-0.3504f,0f,0f,0f,1f],start_interpolation: 0,interpolation_duration: 0}
$data merge entity $(bone54) {transformation: [-0.9806f,0.1959f,0.0063f,-0.2552f,-0.015f,-0.0427f,-0.999f,0.0654f,-0.1954f,-0.9797f,0.0448f,0.218f,0f,0f,0f,1f],start_interpolation: 0,interpolation_duration: 0}
$data merge entity $(bone53) {transformation: [-0.9806f,0.1959f,0.0063f,-0.2148f,-0.015f,-0.0427f,-0.999f,0.0595f,-0.1954f,-0.9797f,0.0448f,0.0364f,0f,0f,0f,1f],start_interpolation: 0,interpolation_duration: 0}
$data merge entity $(bone52) {transformation: [-0.9806f,0.1959f,0.0063f,-0.1826f,-0.015f,-0.0427f,-0.999f,0.0501f,-0.1954f,-0.9797f,0.0448f,-0.1311f,0f,0f,0f,1f],start_interpolation: 0,interpolation_duration: 0}
$data merge entity $(bone57) {transformation: [-0.7279f,0.6857f,0.0054f,-0.5835f,-0.0141f,-0.0071f,-0.9999f,0.0591f,-0.6856f,-0.7279f,0.0149f,0.0652f,0f,0f,0f,1f],start_interpolation: 0,interpolation_duration: 0}
$data merge entity $(bone56) {transformation: [-0.7279f,0.6857f,0.0054f,-0.4795f,-0.0141f,-0.0071f,-0.9999f,0.0663f,-0.6856f,-0.7279f,0.0149f,-0.102f,0f,0f,0f,1f],start_interpolation: 0,interpolation_duration: 0}
$data merge entity $(bone55) {transformation: [-0.7279f,0.6857f,0.0054f,-0.3614f,-0.0141f,-0.0071f,-0.9999f,0.0631f,-0.6856f,-0.7279f,0.0149f,-0.2254f,0f,0f,0f,1f],start_interpolation: 0,interpolation_duration: 0}
$data merge entity $(bone60) {transformation: [-0.8806f,0.4729f,-0.0306f,-0.4528f,0.0146f,-0.0375f,-0.9992f,0.0732f,-0.4737f,-0.8803f,0.0261f,0.1774f,0f,0f,0f,1f],start_interpolation: 0,interpolation_duration: 0}
$data merge entity $(bone59) {transformation: [-0.8806f,0.4729f,-0.0306f,-0.3613f,0.0146f,-0.0375f,-0.9992f,0.0677f,-0.4737f,-0.8803f,0.0261f,-0.0013f,0f,0f,0f,1f],start_interpolation: 0,interpolation_duration: 0}
$data merge entity $(bone58) {transformation: [-0.8806f,0.4729f,-0.0306f,-0.266f,0.0146f,-0.0375f,-0.9992f,0.0581f,-0.4737f,-0.8803f,0.0261f,-0.176f,0f,0f,0f,1f],start_interpolation: 0,interpolation_duration: 0}
$data merge entity $(bone51) {transformation: [-0.8871f,0.2154f,0.4083f,-0.2259f,0.0458f,0.9211f,-0.3865f,0.3198f,-0.4593f,-0.3242f,-0.827f,-0.252f,0f,0f,0f,1f],start_interpolation: 0,interpolation_duration: 0}
$data merge entity $(bone47) {transformation: [-0.8871f,-0.1209f,0.4455f,-0.249f,0.0458f,0.9373f,0.3455f,0.5683f,-0.4593f,0.3269f,-0.8259f,-0.1601f,0f,0f,0f,1f],start_interpolation: 0,interpolation_duration: 0}
$data merge entity $(bone45) {transformation: [-0.8892f,-0.2954f,0.3492f,-0.5369f,0.062f,0.6786f,0.7319f,1.0531f,-0.4532f,0.6725f,-0.5851f,0.4962f,0f,0f,0f,1f],start_interpolation: 0,interpolation_duration: 0}
$data merge entity $(bone43) {transformation: [-0.8408f,0.5077f,0.1879f,-0.1713f,0.1157f,0.5075f,-0.8538f,1.2847f,-0.5289f,-0.6961f,-0.4855f,-0.0343f,0f,0f,0f,1f],start_interpolation: 0,interpolation_duration: 0}