# This file was generated by Animated Java via MC-Build. It is not recommended to edit this file directly.
$data merge entity $(bone5) {transformation: [-0.9947f,-0.1023f,0.0079f,0.385f,-0.0938f,0.9375f,0.335f,1.5002f,-0.0416f,0.3325f,-0.9422f,0.9766f,0f,0f,0f,1f],start_interpolation: 0,interpolation_duration: 0}
$data merge entity $(bone6) {transformation: [0.0199f,-0.2644f,-0.9642f,0.4944f,-0.4282f,0.8692f,-0.2472f,1.2699f,0.9034f,0.4178f,-0.096f,0.9042f,0f,0f,0f,1f],start_interpolation: 0,interpolation_duration: 0}
$data merge entity $(bone8) {transformation: [-0.2629f,-0.0567f,0.9631f,0.6361f,-0.0736f,0.9965f,0.0386f,0.5805f,-0.962f,-0.0607f,-0.2662f,0.7584f,0f,0f,0f,1f],start_interpolation: 0,interpolation_duration: 0}
$data merge entity $(bone9) {transformation: [-0.2629f,-0.0567f,0.9631f,0.798f,-0.0736f,0.9965f,0.0386f,0.7532f,-0.962f,-0.0607f,-0.2662f,0.6934f,0f,0f,0f,1f],start_interpolation: 0,interpolation_duration: 0}
$data merge entity $(bone10) {transformation: [-0.2337f,-0.1331f,0.9631f,0.6179f,-0.3698f,0.9283f,0.0386f,0.5716f,-0.8992f,-0.3472f,-0.2662f,0.7347f,0f,0f,0f,1f],start_interpolation: 0,interpolation_duration: 0}
$data merge entity $(bone12) {transformation: [-0.1831f,-0.5192f,0.8348f,0.7595f,-0.8942f,0.4408f,0.0781f,0.0656f,-0.4085f,-0.7322f,-0.545f,0.9439f,0f,0f,0f,1f],start_interpolation: 0,interpolation_duration: 0}
$data merge entity $(bone15) {transformation: [0.9847f,-0.1051f,0.1389f,0.373f,-0.1576f,-0.1974f,0.9676f,0.0306f,-0.0742f,-0.9747f,-0.2109f,0.9977f,0f,0f,0f,1f],start_interpolation: 0,interpolation_duration: 0}
$data merge entity $(bone14) {transformation: [0.958f,-0.1051f,-0.2669f,0.4962f,0.243f,-0.1974f,0.9497f,0.063f,-0.1525f,-0.9747f,-0.1635f,0.9766f,0f,0f,0f,1f],start_interpolation: 0,interpolation_duration: 0}
$data merge entity $(bone13) {transformation: [0.8089f,-0.1051f,-0.5785f,0.6016f,0.5531f,-0.1974f,0.8094f,0.1327f,-0.1992f,-0.9747f,-0.1015f,0.9478f,0f,0f,0f,1f],start_interpolation: 0,interpolation_duration: 0}
$data merge entity $(bone18) {transformation: [-0.0525f,-0.9971f,-0.0552f,0.7371f,0.9961f,-0.0483f,-0.0739f,-0.1742f,0.0711f,-0.0589f,0.9957f,1.3305f,0f,0f,0f,1f],start_interpolation: 0,interpolation_duration: 0}
$data merge entity $(bone17) {transformation: [-0.0047f,-0.9971f,-0.076f,0.7362f,0.8106f,-0.0483f,0.5836f,-0.0145f,-0.5856f,-0.0589f,0.8084f,1.2151f,0f,0f,0f,1f],start_interpolation: 0,interpolation_duration: 0}
$data merge entity $(bone16) {transformation: [0.0294f,-0.9971f,-0.0703f,0.7363f,0.4688f,-0.0483f,0.882f,0.0526f,-0.8828f,-0.0589f,0.4661f,1.0846f,0f,0f,0f,1f],start_interpolation: 0,interpolation_duration: 0}
$data merge entity $(bone27) {transformation: [-0.8511f,-0.5194f,-0.076f,1.1809f,-0.0438f,-0.074f,0.9963f,0.0408f,-0.5231f,0.8513f,0.0402f,1.1355f,0f,0f,0f,1f],start_interpolation: 0,interpolation_duration: 0}
$data merge entity $(bone26) {transformation: [-0.8391f,-0.5399f,-0.0658f,1.0474f,-0.0399f,-0.0595f,0.9974f,0.0354f,-0.5425f,0.8396f,0.0284f,1.057f,0f,0f,0f,1f],start_interpolation: 0,interpolation_duration: 0}
$data merge entity $(bone25) {transformation: [-0.8276f,-0.5399f,0.1536f,0.8951f,0.2196f,-0.0595f,0.9738f,0.0733f,-0.5166f,0.8396f,0.1678f,0.9669f,0f,0f,0f,1f],start_interpolation: 0,interpolation_duration: 0}
$data merge entity $(bone30) {transformation: [-0.1043f,-0.8722f,0.478f,0.9825f,0.9908f,-0.0495f,0.1258f,-0.1703f,-0.086f,0.4867f,0.8693f,1.2978f,0f,0f,0f,1f],start_interpolation: 0,interpolation_duration: 0}
$data merge entity $(bone29) {transformation: [-0.3325f,-0.8722f,0.3589f,0.9207f,0.7899f,-0.0495f,0.6113f,-0.0145f,-0.5153f,0.4867f,0.7054f,1.1942f,0f,0f,0f,1f],start_interpolation: 0,interpolation_duration: 0}
$data merge entity $(bone28) {transformation: [-0.4686f,-0.8722f,0.1405f,0.8219f,0.3703f,-0.0495f,0.9276f,0.0587f,-0.802f,0.4867f,0.3462f,1.0334f,0f,0f,0f,1f],start_interpolation: 0,interpolation_duration: 0}
$data merge entity $(bone7) {transformation: [0.9631f,-0.0681f,0.2602f,0.6017f,0.0386f,0.9924f,0.117f,0.9164f,-0.2662f,-0.1026f,0.9584f,0.7198f,0f,0f,0f,1f],start_interpolation: 0,interpolation_duration: 0}
$data merge entity $(bone4) {transformation: [-0.9642f,-0.2651f,0.0079f,0.3501f,-0.2472f,0.9092f,0.335f,1.6063f,-0.096f,0.3211f,-0.9422f,0.9865f,0f,0f,0f,1f],start_interpolation: 0,interpolation_duration: 0}
$data merge entity $(bone62) {transformation: [-0.9096f,0.3661f,0.1963f,-0.4163f,0.4125f,0.7404f,0.5307f,1.5239f,0.0489f,0.5637f,-0.8245f,0.9492f,0f,0f,0f,1f],start_interpolation: 0,interpolation_duration: 0}
$data merge entity $(bone63) {transformation: [0.2486f,0.4879f,0.8367f,-0.5864f,0.597f,0.6031f,-0.5291f,1.3683f,-0.7628f,0.6311f,-0.1413f,0.8184f,0f,0f,0f,1f],start_interpolation: 0,interpolation_duration: 0}
$data merge entity $(bone65) {transformation: [-0.0441f,0.1492f,-0.9878f,-0.8445f,0.1744f,0.9748f,0.1395f,0.801f,0.9837f,-0.1661f,-0.069f,0.6245f,0f,0f,0f,1f],start_interpolation: 0,interpolation_duration: 0}
$data merge entity $(bone66) {transformation: [-0.0441f,0.1492f,-0.9878f,-0.9969f,0.1744f,0.9748f,0.1395f,0.9875f,0.9837f,-0.1661f,-0.069f,0.5772f,0f,0f,0f,1f],start_interpolation: 0,interpolation_duration: 0}
$data merge entity $(bone67) {transformation: [0.0028f,0.1556f,-0.9878f,-0.8328f,0.4594f,0.8772f,0.1395f,0.7882f,0.8882f,-0.4542f,-0.069f,0.5985f,0f,0f,0f,1f],start_interpolation: 0,interpolation_duration: 0}
$data merge entity $(bone69) {transformation: [-0.2615f,0.0965f,-0.9604f,-0.918f,0.361f,0.9326f,-0.0046f,0.2229f,0.8952f,-0.3479f,-0.2787f,0.7705f,0f,0f,0f,1f],start_interpolation: 0,interpolation_duration: 0}
$data merge entity $(bone72) {transformation: [0.9238f,0.2651f,0.2761f,-0.6346f,-0.3378f,0.2254f,0.9138f,0.1359f,0.1801f,-0.9375f,0.2978f,0.799f,0f,0f,0f,1f],start_interpolation: 0,interpolation_duration: 0}
$data merge entity $(bone71) {transformation: [0.7408f,0.2651f,0.6172f,-0.7291f,-0.67f,0.2254f,0.7073f,0.2237f,0.0484f,-0.9375f,0.3446f,0.792f,0f,0f,0f,1f],start_interpolation: 0,interpolation_duration: 0}
$data merge entity $(bone70) {transformation: [0.4851f,0.2651f,0.8333f,-0.7924f,-0.8715f,0.2254f,0.4355f,0.3366f,-0.0724f,-0.9375f,0.3404f,0.7978f,0f,0f,0f,1f],start_interpolation: 0,interpolation_duration: 0}
$data merge entity $(bone81) {transformation: [0.1477f,0.9887f,0.0247f,-0.8038f,-0.4465f,0.0444f,0.8937f,-0.0666f,0.8825f,-0.143f,0.448f,1.1172f,0f,0f,0f,1f],start_interpolation: 0,interpolation_duration: 0}
$data merge entity $(bone80) {transformation: [0.1201f,0.9887f,0.0895f,-0.8274f,-0.8058f,0.0444f,0.5906f,0.0922f,0.5799f,-0.143f,0.802f,1.003f,0f,0f,0f,1f],start_interpolation: 0,interpolation_duration: 0}
$data merge entity $(bone73) {transformation: [0.149f,0.9887f,0.0155f,-0.845f,-0.3905f,0.0444f,0.9195f,0.1481f,0.9085f,-0.143f,0.3927f,0.8684f,0f,0f,0f,1f],start_interpolation: 0,interpolation_duration: 0}
$data merge entity $(bone84) {transformation: [-0.7101f,0.6965f,0.1033f,-1.2592f,0.1155f,-0.0295f,0.9929f,0.035f,0.6946f,0.7169f,-0.0595f,1.0207f,0f,0f,0f,1f],start_interpolation: 0,interpolation_duration: 0}
$data merge entity $(bone83) {transformation: [-0.6814f,0.7139f,-0.1617f,-1.1493f,-0.2395f,-0.0087f,0.9709f,0.0732f,0.6917f,0.7002f,0.1769f,0.9184f,0f,0f,0f,1f],start_interpolation: 0,interpolation_duration: 0}
$data merge entity $(bone82) {transformation: [-0.6163f,0.7139f,-0.3325f,-1.0341f,-0.4826f,-0.0087f,0.8758f,0.159f,0.6223f,0.7002f,0.3498f,0.8082f,0f,0f,0f,1f],start_interpolation: 0,interpolation_duration: 0}
$data merge entity $(bone103) {transformation: [-0.2828f,0.9514f,-0.1218f,-1.0404f,-0.3587f,0.0128f,0.9333f,-0.0698f,0.8896f,0.3076f,0.3377f,1.1574f,0f,0f,0f,1f],start_interpolation: 0,interpolation_duration: 0}
$data merge entity $(bone102) {transformation: [-0.2167f,0.9514f,-0.2188f,-1.0018f,-0.6819f,0.0128f,0.7313f,0.0645f,0.6986f,0.3076f,0.646f,1.0185f,0f,0f,0f,1f],start_interpolation: 0,interpolation_duration: 0}
$data merge entity $(bone85) {transformation: [-0.2773f,0.9514f,-0.1339f,-0.9413f,-0.3987f,0.0128f,0.917f,0.1437f,0.8742f,0.3076f,0.3757f,0.8423f,0f,0f,0f,1f],start_interpolation: 0,interpolation_duration: 0}
$data merge entity $(bone64) {transformation: [0.9878f,0.151f,-0.0375f,-0.7831f,-0.1395f,0.9662f,0.2167f,1.1264f,0.069f,-0.2088f,0.9755f,0.5478f,0f,0f,0f,1f],start_interpolation: 0,interpolation_duration: 0}
$data merge entity $(bone61) {transformation: [-0.8367f,0.5112f,0.1963f,-0.3501f,0.5291f,0.6622f,0.5307f,1.6063f,0.1413f,0.5479f,-0.8245f,0.9865f,0f,0f,0f,1f],start_interpolation: 0,interpolation_duration: 0}
$data merge entity $(bone23) {transformation: [-0.7934f,-0.6088f,0f,0.1071f,-0.0939f,0.1224f,0.988f,1.5295f,-0.6015f,0.7839f,-0.1543f,1.0117f,0f,0f,0f,1f],start_interpolation: 0,interpolation_duration: 0}
$data merge entity $(bone22) {transformation: [-0.7934f,0.6088f,0f,-0.1071f,0.0939f,0.1224f,0.988f,1.5295f,0.6015f,0.7839f,-0.1543f,1.0117f,0f,0f,0f,1f],start_interpolation: 0,interpolation_duration: 0}
$data merge entity $(bone89) {transformation: [-1f,0.0072f,0.0007f,0.002f,0.0056f,0.7076f,0.7066f,2.239f,0.0046f,0.7066f,-0.7076f,1.4604f,0f,0f,0f,1f],start_interpolation: 0,interpolation_duration: 0}
$data merge entity $(bone90) {transformation: [-1f,0.0069f,0.0019f,0.0013f,0.0056f,0.5741f,0.8188f,2.1747f,0.0046f,0.8188f,-0.5741f,1.3838f,0f,0f,0f,1f],start_interpolation: 0,interpolation_duration: 0}
$data merge entity $(bone88) {transformation: [-1f,0.0071f,0.0013f,0.0312f,0.0056f,0.6433f,0.7656f,2.0312f,0.0046f,0.7656f,-0.6433f,1.2714f,0f,0f,0f,1f],start_interpolation: 0,interpolation_duration: 0}
$data merge entity $(bone42) {transformation: [-1f,0f,0f,0f,0f,0.7662f,0.6426f,1.747f,0f,0.6426f,-0.7662f,1.6842f,0f,0f,0f,1f],start_interpolation: 0,interpolation_duration: 0}
$data merge entity $(bone87) {transformation: [-0.9998f,0.0157f,-0.0096f,-0.0044f,0.0035f,0.6703f,0.7421f,1.3108f,0.0181f,0.7419f,-0.6702f,2.2517f,0f,0f,0f,1f],start_interpolation: 0,interpolation_duration: 0}
$data merge entity $(bone86) {transformation: [-1f,0f,0f,0f,0f,0.7492f,0.6624f,1.4583f,0f,0.6624f,-0.7492f,2.0775f,0f,0f,0f,1f],start_interpolation: 0,interpolation_duration: 0}
$data merge entity $(bone92) {transformation: [-0.8818f,0.2593f,-0.3939f,0.1194f,-0.0523f,0.7764f,0.628f,1.821f,0.4687f,0.5744f,-0.6711f,1.722f,0f,0f,0f,1f],start_interpolation: 0,interpolation_duration: 0}
$data merge entity $(bone3) {transformation: [-0.8818f,-0.2593f,0.3939f,-0.1194f,0.0523f,0.7764f,0.628f,1.821f,-0.4687f,0.5744f,-0.6711f,1.722f,0f,0f,0f,1f],start_interpolation: 0,interpolation_duration: 0}
$data merge entity $(head) {transformation: [-1f,0f,0f,0f,0f,0.7828f,0.6223f,1.7372f,0f,0.6223f,-0.7828f,1.5008f,0f,0f,0f,1f],start_interpolation: 0,interpolation_duration: 0}
$data merge entity $(neck) {transformation: [-1f,0f,0f,0f,0f,0.5951f,0.8037f,1.6367f,0f,0.8037f,-0.5951f,1.3651f,0f,0f,0f,1f],start_interpolation: 0,interpolation_duration: 0}
$data merge entity $(bone2) {transformation: [-1f,0f,0f,0f,0f,0.1543f,0.988f,1.5671f,0f,0.988f,-0.1543f,1.0549f,0f,0f,0f,1f],start_interpolation: 0,interpolation_duration: 0}
$data merge entity $(bone136) {transformation: [-1f,0f,0f,0f,0f,0.2058f,1.061f,1.5442f,0f,0.9786f,-0.2232f,0.8595f,0f,0f,0f,1f],start_interpolation: 0,interpolation_duration: 0}
$data merge entity $(bone118) {transformation: [-0.0902f,-0.849f,-0.5206f,0.2586f,0.9919f,-0.1233f,0.0292f,1.7051f,-0.0889f,-0.5138f,0.8533f,0.7665f,0f,0f,0f,1f],start_interpolation: 0,interpolation_duration: 0}
$data merge entity $(bone119) {transformation: [-0.153f,-0.849f,-0.5058f,0.7333f,0.9881f,-0.1233f,-0.0919f,1.755f,0.0157f,-0.5138f,0.8578f,-0.0414f,0f,0f,0f,1f],start_interpolation: 0,interpolation_duration: 0}
$data merge entity $(bone120) {transformation: [-0.4888f,-0.849f,0.2008f,1.6306f,-0.1862f,-0.1233f,-0.9747f,1.037f,0.8523f,-0.5138f,-0.0978f,0.6111f,0f,0f,0f,1f],start_interpolation: 0,interpolation_duration: 0}
$data merge entity $(bone121) {transformation: [0f,0f,0f,0.9815f,0f,0f,0f,1.8703f,0f,0f,0f,-0.4676f,0f,0f,0f,1f],start_interpolation: 0,interpolation_duration: 0}
$data merge entity $(bone123) {transformation: [0.0142f,-1.732f,-1.0625f,0.914f,1.9847f,-0.2159f,0.3785f,1.3052f,-0.4355f,-1.0404f,1.6902f,2.4059f,0f,0f,0f,1f],start_interpolation: 0,interpolation_duration: 0}
$data merge entity $(bone124) {transformation: [-0.1286f,-0.8524f,-0.5069f,0.7179f,0.9917f,-0.1062f,-0.0729f,2.7149f,0.0083f,-0.512f,0.8589f,-0.2549f,0f,0f,0f,1f],start_interpolation: 0,interpolation_duration: 0}
$data merge entity $(bone122) {transformation: [-0.3935f,-1.3133f,-0.7031f,0.5439f,1.4468f,-0.1637f,-0.5039f,2.6978f,0.3548f,-0.7889f,1.275f,0.0368f,0f,0f,0f,1f],start_interpolation: 0,interpolation_duration: 0}
$data merge entity $(bone126) {transformation: [0.2636f,-0.8524f,-0.4516f,1.1359f,0.7584f,-0.1062f,0.6431f,2f,-0.5961f,-0.512f,0.6184f,-0.8012f,0f,0f,0f,1f],start_interpolation: 0,interpolation_duration: 0}
$data merge entity $(bone127) {transformation: [0.1377f,-0.8524f,-0.5045f,0.7898f,0.899f,-0.1062f,0.4249f,2.3962f,-0.4158f,-0.512f,0.7516f,-0.3084f,0f,0f,0f,1f],start_interpolation: 0,interpolation_duration: 0}
$data merge entity $(bone125) {transformation: [0.0034f,-1.1949f,-0.7331f,0.6221f,1.3715f,-0.1489f,0.2492f,2.5548f,-0.2903f,-0.7178f,1.1687f,-0.0547f,0f,0f,0f,1f],start_interpolation: 0,interpolation_duration: 0}
$data merge entity $(bone129) {transformation: [1.0273f,-1.5895f,-0.2321f,0.4441f,0.0944f,-0.1981f,2.0004f,3.8349f,-1.7297f,-0.9548f,-0.0286f,2.6632f,0f,0f,0f,1f],start_interpolation: 0,interpolation_duration: 0}
$data merge entity $(bone130) {transformation: [0.5282f,-0.8524f,-0.1999f,0.8515f,0.1994f,-0.1062f,1.0552f,1.5616f,-0.9207f,-0.512f,0.1139f,-0.238f,0f,0f,0f,1f],start_interpolation: 0,interpolation_duration: 0}
$data merge entity $(bone131) {transformation: [0.4467f,-0.8524f,-0.3456f,0.6996f,0.4992f,-0.1062f,0.9508f,2.1395f,-0.8471f,-0.512f,0.3781f,-0.105f,0f,0f,0f,1f],start_interpolation: 0,interpolation_duration: 0}
$data merge entity $(bone128) {transformation: [0.3605f,-0.8986f,-0.4738f,0.5886f,0.7678f,-0.112f,0.832f,2.4416f,-0.7595f,-0.5398f,0.6162f,0.0064f,0f,0f,0f,1f],start_interpolation: 0,interpolation_duration: 0}
$data merge entity $(bone132) {transformation: [-0.227f,-0.8524f,-0.4711f,0.4649f,0.9572f,-0.1062f,-0.2691f,2.5752f,0.1793f,-0.512f,0.84f,0.2076f,0f,0f,0f,1f],start_interpolation: 0,interpolation_duration: 0}
$data merge entity $(bone133) {transformation: [-0.397f,-1.4471f,-0.6958f,0.5294f,1.6738f,-0.1804f,-0.3975f,2.5939f,0.3136f,-0.8693f,1.2407f,0.108f,0f,0f,0f,1f],start_interpolation: 0,interpolation_duration: 0}
$data merge entity $(w5) {transformation: [-0.227f,-0.8524f,-0.4711f,0.5386f,0.9572f,-0.1062f,-0.2691f,2.5272f,0.1793f,-0.512f,0.84f,0.1197f,0f,0f,0f,1f],start_interpolation: 0,interpolation_duration: 0}
$data merge entity $(w2) {transformation: [-0.5155f,-0.849f,-0.1159f,0.7066f,0.4065f,-0.1233f,-0.9053f,1.7704f,0.7543f,-0.5138f,0.4087f,-0.0245f,0f,0f,0f,1f],start_interpolation: 0,interpolation_duration: 0}
$data merge entity $(wing3) {transformation: [-0.0902f,-0.849f,-0.5206f,0.2175f,0.9919f,-0.1233f,0.0292f,1.808f,-0.0889f,-0.5138f,0.8533f,0.7747f,0f,0f,0f,1f],start_interpolation: 0,interpolation_duration: 0}
$data merge entity $(bone104) {transformation: [-0.0902f,0.849f,0.5206f,-0.2586f,-0.9919f,-0.1233f,0.0292f,1.7051f,0.0889f,-0.5138f,0.8533f,0.7665f,0f,0f,0f,1f],start_interpolation: 0,interpolation_duration: 0}
$data merge entity $(bone105) {transformation: [-0.153f,0.849f,0.5058f,-0.7333f,-0.9881f,-0.1233f,-0.0919f,1.755f,-0.0157f,-0.5138f,0.8578f,-0.0414f,0f,0f,0f,1f],start_interpolation: 0,interpolation_duration: 0}
$data merge entity $(bone106) {transformation: [-0.4888f,0.849f,-0.2008f,-1.6306f,0.1862f,-0.1233f,-0.9747f,1.037f,-0.8523f,-0.5138f,-0.0978f,0.6111f,0f,0f,0f,1f],start_interpolation: 0,interpolation_duration: 0}
$data merge entity $(bone107) {transformation: [0f,0f,0f,-0.9815f,0f,0f,0f,1.8703f,0f,0f,0f,-0.4676f,0f,0f,0f,1f],start_interpolation: 0,interpolation_duration: 0}
$data merge entity $(bone109) {transformation: [0.0315f,1.732f,0.999f,-0.9456f,-1.8194f,-0.2159f,0.3214f,1.4143f,0.4299f,-1.0404f,1.5963f,2.3307f,0f,0f,0f,1f],start_interpolation: 0,interpolation_duration: 0}
$data merge entity $(bone110) {transformation: [-0.1123f,0.8524f,0.4789f,-0.7083f,-0.9058f,-0.1062f,-0.0789f,2.7176f,0.001f,-0.512f,0.8136f,-0.2394f,0f,0f,0f,1f],start_interpolation: 0,interpolation_duration: 0}
$data merge entity $(bone108) {transformation: [-0.3581f,1.3133f,0.668f,-0.5439f,-1.3166f,-0.1637f,-0.4787f,2.6978f,-0.3229f,-0.7889f,1.2113f,0.0368f,0f,0f,0f,1f],start_interpolation: 0,interpolation_duration: 0}
$data merge entity $(bone112) {transformation: [0.2636f,0.8524f,0.4516f,-1.1359f,-0.7584f,-0.1062f,0.6431f,2f,0.5961f,-0.512f,0.6184f,-0.8012f,0f,0f,0f,1f],start_interpolation: 0,interpolation_duration: 0}
$data merge entity $(bone113) {transformation: [0.1377f,0.8524f,0.5045f,-0.7898f,-0.899f,-0.1062f,0.4249f,2.3962f,0.4158f,-0.512f,0.7516f,-0.3084f,0f,0f,0f,1f],start_interpolation: 0,interpolation_duration: 0}
$data merge entity $(bone111) {transformation: [0.0034f,1.1949f,0.7331f,-0.6221f,-1.3715f,-0.1489f,0.2492f,2.5548f,0.2903f,-0.7178f,1.1687f,-0.0547f,0f,0f,0f,1f],start_interpolation: 0,interpolation_duration: 0}
$data merge entity $(bone115) {transformation: [1.0273f,1.5895f,0.2321f,-0.4441f,-0.0944f,-0.1981f,2.0004f,3.8349f,1.7297f,-0.9548f,-0.0286f,2.6632f,0f,0f,0f,1f],start_interpolation: 0,interpolation_duration: 0}
$data merge entity $(bone116) {transformation: [0.5282f,0.8524f,0.1999f,-0.8515f,-0.1994f,-0.1062f,1.0552f,1.5616f,0.9207f,-0.512f,0.1139f,-0.238f,0f,0f,0f,1f],start_interpolation: 0,interpolation_duration: 0}
$data merge entity $(bone117) {transformation: [0.4467f,0.8524f,0.3456f,-0.6996f,-0.4992f,-0.1062f,0.9508f,2.1395f,0.8471f,-0.512f,0.3781f,-0.105f,0f,0f,0f,1f],start_interpolation: 0,interpolation_duration: 0}
$data merge entity $(bone114) {transformation: [0.3605f,0.8986f,0.4738f,-0.5886f,-0.7678f,-0.112f,0.832f,2.4416f,0.7595f,-0.5398f,0.6162f,0.0064f,0f,0f,0f,1f],start_interpolation: 0,interpolation_duration: 0}
$data merge entity $(bone134) {transformation: [-0.227f,0.8524f,0.4711f,-0.4649f,-0.9572f,-0.1062f,-0.2691f,2.5752f,-0.1793f,-0.512f,0.84f,0.2076f,0f,0f,0f,1f],start_interpolation: 0,interpolation_duration: 0}
$data merge entity $(bone135) {transformation: [-0.397f,1.4471f,0.6958f,-0.5294f,-1.6738f,-0.1804f,-0.3975f,2.5939f,-0.3136f,-0.8693f,1.2407f,0.108f,0f,0f,0f,1f],start_interpolation: 0,interpolation_duration: 0}
$data merge entity $(w4) {transformation: [-0.227f,0.8524f,0.4711f,-0.5386f,-0.9572f,-0.1062f,-0.2691f,2.5272f,-0.1793f,-0.512f,0.84f,0.1197f,0f,0f,0f,1f],start_interpolation: 0,interpolation_duration: 0}
$data merge entity $(w3) {transformation: [-0.5155f,0.849f,0.1159f,-0.7066f,-0.4065f,-0.1233f,-0.9053f,1.7704f,-0.7543f,-0.5138f,0.4087f,-0.0245f,0f,0f,0f,1f],start_interpolation: 0,interpolation_duration: 0}
$data merge entity $(wing2) {transformation: [-0.0902f,0.849f,0.5206f,-0.2175f,-0.9919f,-0.1233f,0.0292f,1.808f,0.0889f,-0.5138f,0.8533f,0.7747f,0f,0f,0f,1f],start_interpolation: 0,interpolation_duration: 0}
$data merge entity $(bone20) {transformation: [-1f,0f,0f,-0.1563f,0f,-0.1499f,0.9887f,1.5504f,0f,0.9887f,0.1499f,0.3246f,0f,0f,0f,1f],start_interpolation: 0,interpolation_duration: 0}
$data merge entity $(bone101) {transformation: [-1f,0f,0f,0f,0f,-0.3661f,0.9306f,1.199f,0f,0.9306f,0.3661f,-2.6809f,0f,0f,0f,1f],start_interpolation: 0,interpolation_duration: 0}
$data merge entity $(bone100) {transformation: [-1f,0f,0f,0f,0f,0.2291f,0.9734f,0.7594f,0f,0.9734f,-0.2291f,-2.571f,0f,0f,0f,1f],start_interpolation: 0,interpolation_duration: 0}
$data merge entity $(bone99) {transformation: [-1f,0f,0f,0f,0f,0.4571f,0.8894f,0.3091f,0f,0.8894f,-0.4571f,-2.3396f,0f,0f,0f,1f],start_interpolation: 0,interpolation_duration: 0}
$data merge entity $(bone98) {transformation: [-1f,0f,0f,0f,0f,0.8568f,0.5157f,0.0545f,0f,0.5157f,-0.8568f,-1.9166f,0f,0f,0f,1f],start_interpolation: 0,interpolation_duration: 0}
$data merge entity $(bone97) {transformation: [-1f,0f,0f,0f,0f,0.9882f,-0.1529f,0.1329f,0f,-0.1529f,-0.9882f,-1.4101f,0f,0f,0f,1f],start_interpolation: 0,interpolation_duration: 0}
$data merge entity $(bone96) {transformation: [-1f,0f,0f,0f,0f,0.8545f,-0.5195f,0.3926f,0f,-0.5195f,-0.8545f,-0.9829f,0f,0f,0f,1f],start_interpolation: 0,interpolation_duration: 0}
$data merge entity $(bone95) {transformation: [-1f,0f,0f,0f,0f,0.6587f,-0.7524f,0.7641f,0f,-0.7524f,-0.6587f,-0.6576f,0f,0f,0f,1f],start_interpolation: 0,interpolation_duration: 0}
$data merge entity $(bone94) {transformation: [-1f,0f,0f,0f,0f,0.5907f,-0.8069f,1.1625f,0f,-0.8069f,-0.5907f,-0.366f,0f,0f,0f,1f],start_interpolation: 0,interpolation_duration: 0}
$data merge entity $(bone93) {transformation: [-1f,0f,0f,0f,0f,0.7218f,-0.6921f,1.4242f,0f,-0.6921f,-0.7218f,-0.093f,0f,0f,0f,1f],start_interpolation: 0,interpolation_duration: 0}
$data merge entity $(bone) {transformation: [-1f,0f,0f,0f,0f,0.5373f,0.8434f,1.3319f,0f,0.8434f,-0.5373f,-0.0343f,0f,0f,0f,1f],start_interpolation: 0,interpolation_duration: 0}
$data merge entity $(bone24) {transformation: [-0.9666f,-0.2564f,-0.0044f,0.1031f,-0.2562f,0.9645f,0.0642f,1.2732f,-0.0122f,0.0631f,-0.9979f,-0.0354f,0f,0f,0f,1f],start_interpolation: 0,interpolation_duration: 0}
$data merge entity $(bone32) {transformation: [-0.9974f,-0.0508f,-0.0518f,0.2279f,-0.0686f,0.4286f,0.9009f,0.614f,-0.0235f,0.902f,-0.431f,-0.3217f,0f,0f,0f,1f],start_interpolation: 0,interpolation_duration: 0}
$data merge entity $(bone36) {transformation: [-0.9989f,-0.0249f,-0.0401f,0.3372f,-0.0247f,0.9997f,-0.0061f,0.2862f,0.0402f,-0.0051f,-0.9992f,-1.0245f,0f,0f,0f,1f],start_interpolation: 0,interpolation_duration: 0}
$data merge entity $(bone35) {transformation: [-0.9989f,-0.0015f,-0.0471f,0.2983f,-0.0247f,0.8688f,0.4946f,0.4126f,0.0402f,0.4952f,-0.8679f,-0.9458f,0f,0f,0f,1f],start_interpolation: 0,interpolation_duration: 0}
$data merge entity $(bone34) {transformation: [-0.9989f,0.0046f,-0.0469f,0.3f,-0.0247f,0.7968f,0.6038f,0.4903f,0.0402f,0.6042f,-0.7958f,-0.8895f,0f,0f,0f,1f],start_interpolation: 0,interpolation_duration: 0}
$data merge entity $(bone77) {transformation: [-0.932f,0.3612f,-0.0292f,0.1059f,0.005f,-0.0677f,-0.9977f,0.0701f,-0.3624f,-0.93f,0.0613f,-0.3581f,0f,0f,0f,1f],start_interpolation: 0,interpolation_duration: 0}
$data merge entity $(bone75) {transformation: [-0.932f,0.3612f,-0.0292f,0.1695f,0.005f,-0.0677f,-0.9977f,0.0595f,-0.3624f,-0.93f,0.0613f,-0.5327f,0f,0f,0f,1f],start_interpolation: 0,interpolation_duration: 0}
$data merge entity $(bone39) {transformation: [-0.932f,0.3612f,-0.0292f,0.2324f,0.005f,-0.0677f,-0.9977f,0.0459f,-0.3624f,-0.93f,0.0613f,-0.6909f,0f,0f,0f,1f],start_interpolation: 0,interpolation_duration: 0}
$data merge entity $(bone76) {transformation: [-0.9618f,-0.2735f,-0.0115f,0.4982f,0.0184f,-0.0224f,-0.9996f,0.0518f,0.2732f,-0.9616f,0.0266f,-0.3326f,0f,0f,0f,1f],start_interpolation: 0,interpolation_duration: 0}
$data merge entity $(bone74) {transformation: [-0.9618f,-0.2735f,-0.0115f,0.4829f,0.0184f,-0.0224f,-0.9996f,0.0559f,0.2732f,-0.9616f,0.0266f,-0.529f,0f,0f,0f,1f],start_interpolation: 0,interpolation_duration: 0}
$data merge entity $(bone40) {transformation: [-0.9618f,-0.2735f,-0.0115f,0.4349f,0.0184f,-0.0224f,-0.9996f,0.05f,0.2732f,-0.9616f,0.0266f,-0.6928f,0f,0f,0f,1f],start_interpolation: 0,interpolation_duration: 0}
$data merge entity $(bone79) {transformation: [-0.9995f,0.0306f,0.0016f,0.3124f,-0.0023f,-0.0232f,-0.9997f,0.0591f,-0.0306f,-0.9993f,0.0232f,-0.2931f,0f,0f,0f,1f],start_interpolation: 0,interpolation_duration: 0}
$data merge entity $(bone78) {transformation: [-0.9995f,0.0306f,0.0016f,0.3225f,-0.0023f,-0.0232f,-0.9997f,0.0564f,-0.0306f,-0.9993f,0.0232f,-0.4936f,0f,0f,0f,1f],start_interpolation: 0,interpolation_duration: 0}
$data merge entity $(bone41) {transformation: [-0.9995f,0.0306f,0.0016f,0.3273f,-0.0023f,-0.0232f,-0.9997f,0.0497f,-0.0306f,-0.9993f,0.0232f,-0.6927f,0f,0f,0f,1f],start_interpolation: 0,interpolation_duration: 0}
$data merge entity $(bone38) {transformation: [-1f,-0.0029f,0f,0.3378f,-0.0026f,0.9078f,-0.4194f,0.3079f,0.0012f,-0.4194f,-0.9078f,-0.7879f,0f,0f,0f,1f],start_interpolation: 0,interpolation_duration: 0}
$data merge entity $(bone33) {transformation: [-0.9993f,-0.0321f,-0.021f,0.319f,-0.0383f,0.868f,0.495f,0.538f,0.0023f,0.4955f,-0.8686f,-0.6559f,0f,0f,0f,1f],start_interpolation: 0,interpolation_duration: 0}
$data merge entity $(bone31) {transformation: [-0.9974f,-0.0415f,-0.0594f,0.2798f,-0.0686f,0.2741f,0.9593f,0.6473f,-0.0235f,0.9608f,-0.2762f,0.2016f,0f,0f,0f,1f],start_interpolation: 0,interpolation_duration: 0}
$data merge entity $(bone19) {transformation: [-0.9852f,-0.1678f,0.0342f,0.1713f,-0.1711f,0.9724f,-0.1586f,1.2808f,-0.0066f,-0.1622f,-0.9867f,-0.0343f,0f,0f,0f,1f],start_interpolation: 0,interpolation_duration: 0}
$data merge entity $(bone44) {transformation: [-0.798f,0.5255f,0.2951f,-0.1115f,0.1748f,0.6704f,-0.7212f,1.275f,-0.5767f,-0.5239f,-0.6268f,-0.001f,0f,0f,0f,1f],start_interpolation: 0,interpolation_duration: 0}
$data merge entity $(bone46) {transformation: [-0.8893f,-0.2333f,0.3933f,-0.2874f,0.0624f,0.79f,0.6099f,0.787f,-0.453f,0.5669f,-0.688f,0.1169f,0f,0f,0f,1f],start_interpolation: 0,interpolation_duration: 0}
$data merge entity $(bone50) {transformation: [-0.8711f,-0.1279f,0.4742f,-0.0754f,0.0266f,0.9518f,0.3056f,0.3302f,-0.4904f,0.2789f,-0.8257f,-0.5361f,0f,0f,0f,1f],start_interpolation: 0,interpolation_duration: 0}
$data merge entity $(bone49) {transformation: [-0.8711f,-0.3479f,0.3467f,-0.0947f,0.0266f,0.6715f,0.7406f,0.4261f,-0.4904f,0.6543f,-0.5756f,-0.4174f,0f,0f,0f,1f],start_interpolation: 0,interpolation_duration: 0}
$data merge entity $(bone48) {transformation: [-0.8711f,-0.3901f,0.2983f,-0.1327f,0.0266f,0.569f,0.8219f,0.4825f,-0.4904f,0.7239f,-0.4853f,-0.3496f,0f,0f,0f,1f],start_interpolation: 0,interpolation_duration: 0}
$data merge entity $(bone54) {transformation: [-0.9807f,0.1957f,0.0041f,-0.2555f,-0.0131f,-0.045f,-0.9989f,0.0655f,-0.1953f,-0.9796f,0.0467f,0.2179f,0f,0f,0f,1f],start_interpolation: 0,interpolation_duration: 0}
$data merge entity $(bone53) {transformation: [-0.9807f,0.1957f,0.0041f,-0.2151f,-0.0131f,-0.045f,-0.9989f,0.0592f,-0.1953f,-0.9796f,0.0467f,0.0363f,0f,0f,0f,1f],start_interpolation: 0,interpolation_duration: 0}
$data merge entity $(bone52) {transformation: [-0.9807f,0.1957f,0.0041f,-0.183f,-0.0131f,-0.045f,-0.9989f,0.0494f,-0.1953f,-0.9796f,0.0467f,-0.1312f,0f,0f,0f,1f],start_interpolation: 0,interpolation_duration: 0}
$data merge entity $(bone57) {transformation: [-0.728f,0.6856f,0.0039f,-0.5838f,-0.0131f,-0.0083f,-0.9999f,0.0589f,-0.6855f,-0.728f,0.015f,0.0652f,0f,0f,0f,1f],start_interpolation: 0,interpolation_duration: 0}
$data merge entity $(bone56) {transformation: [-0.728f,0.6856f,0.0039f,-0.4799f,-0.0131f,-0.0083f,-0.9999f,0.0659f,-0.6855f,-0.728f,0.015f,-0.102f,0f,0f,0f,1f],start_interpolation: 0,interpolation_duration: 0}
$data merge entity $(bone55) {transformation: [-0.728f,0.6856f,0.0039f,-0.3618f,-0.0131f,-0.0083f,-0.9999f,0.0625f,-0.6855f,-0.728f,0.015f,-0.2254f,0f,0f,0f,1f],start_interpolation: 0,interpolation_duration: 0}
$data merge entity $(bone60) {transformation: [-0.8807f,0.4727f,-0.0319f,-0.4531f,0.0151f,-0.0392f,-0.9991f,0.0732f,-0.4735f,-0.8804f,0.0274f,0.1774f,0f,0f,0f,1f],start_interpolation: 0,interpolation_duration: 0}
$data merge entity $(bone59) {transformation: [-0.8807f,0.4727f,-0.0319f,-0.3617f,0.0151f,-0.0392f,-0.9991f,0.0674f,-0.4735f,-0.8804f,0.0274f,-0.0013f,0f,0f,0f,1f],start_interpolation: 0,interpolation_duration: 0}
$data merge entity $(bone58) {transformation: [-0.8807f,0.4727f,-0.0319f,-0.2664f,0.0151f,-0.0392f,-0.9991f,0.0575f,-0.4735f,-0.8804f,0.0274f,-0.176f,0f,0f,0f,1f],start_interpolation: 0,interpolation_duration: 0}
$data merge entity $(bone51) {transformation: [-0.8872f,0.2149f,0.4083f,-0.2264f,0.0462f,0.9219f,-0.3847f,0.3193f,-0.4591f,-0.3224f,-0.8278f,-0.2515f,0f,0f,0f,1f],start_interpolation: 0,interpolation_duration: 0}
$data merge entity $(bone47) {transformation: [-0.8872f,-0.1213f,0.4452f,-0.2497f,0.0462f,0.9366f,0.3474f,0.5676f,-0.4591f,0.3288f,-0.8253f,-0.1591f,0f,0f,0f,1f],start_interpolation: 0,interpolation_duration: 0}
$data merge entity $(bone45) {transformation: [-0.8893f,-0.295f,0.3494f,-0.5372f,0.0624f,0.6785f,0.7319f,1.0524f,-0.453f,0.6727f,-0.585f,0.4974f,0f,0f,0f,1f],start_interpolation: 0,interpolation_duration: 0}
$data merge entity $(bone43) {transformation: [-0.8408f,0.5087f,0.1854f,-0.1713f,0.1157f,0.5033f,-0.8563f,1.2808f,-0.5289f,-0.6985f,-0.482f,-0.0343f,0f,0f,0f,1f],start_interpolation: 0,interpolation_duration: 0}