# This file was generated by Animated Java via MC-Build. It is not recommended to edit this file directly.
$data merge entity $(bone5) {transformation: [-0.9947f,-0.1023f,0.0074f,0.3851f,-0.0939f,0.9372f,0.3359f,1.4968f,-0.0413f,0.3334f,-0.9419f,0.9765f,0f,0f,0f,1f],start_interpolation: 0,interpolation_duration: 0}
$data merge entity $(bone6) {transformation: [0.0204f,-0.2644f,-0.9642f,0.4944f,-0.4291f,0.8688f,-0.2473f,1.2666f,0.903f,0.4187f,-0.0957f,0.9038f,0f,0f,0f,1f],start_interpolation: 0,interpolation_duration: 0}
$data merge entity $(bone8) {transformation: [-0.2633f,-0.0571f,0.963f,0.6362f,-0.0741f,0.9965f,0.0388f,0.5774f,-0.9619f,-0.0612f,-0.2666f,0.7578f,0f,0f,0f,1f],start_interpolation: 0,interpolation_duration: 0}
$data merge entity $(bone9) {transformation: [-0.2633f,-0.0571f,0.963f,0.798f,-0.0741f,0.9965f,0.0388f,0.7502f,-0.9619f,-0.0612f,-0.2666f,0.6926f,0f,0f,0f,1f],start_interpolation: 0,interpolation_duration: 0}
$data merge entity $(bone10) {transformation: [-0.2339f,-0.1336f,0.963f,0.618f,-0.3704f,0.9281f,0.0388f,0.5685f,-0.899f,-0.3476f,-0.2666f,0.734f,0f,0f,0f,1f],start_interpolation: 0,interpolation_duration: 0}
$data merge entity $(bone12) {transformation: [-0.181f,-0.5203f,0.8346f,0.7601f,-0.896f,0.437f,0.0781f,0.0632f,-0.4054f,-0.7337f,-0.5454f,0.9437f,0f,0f,0f,1f],start_interpolation: 0,interpolation_duration: 0}
$data merge entity $(bone15) {transformation: [0.9847f,-0.1049f,0.139f,0.372f,-0.1579f,-0.2014f,0.9667f,0.031f,-0.0734f,-0.9739f,-0.2148f,0.9973f,0f,0f,0f,1f],start_interpolation: 0,interpolation_duration: 0}
$data merge entity $(bone14) {transformation: [0.9613f,-0.1049f,-0.2546f,0.4957f,0.2302f,-0.2014f,0.9521f,0.0617f,-0.1511f,-0.9739f,-0.1694f,0.9763f,0f,0f,0f,1f],start_interpolation: 0,interpolation_duration: 0}
$data merge entity $(bone13) {transformation: [0.8163f,-0.1049f,-0.568f,0.602f,0.5419f,-0.2014f,0.8159f,0.1299f,-0.2f,-0.9739f,-0.1075f,0.9474f,0f,0f,0f,1f],start_interpolation: 0,interpolation_duration: 0}
$data merge entity $(bone18) {transformation: [-0.053f,-0.997f,-0.0565f,0.7377f,0.9921f,-0.0461f,-0.117f,-0.1878f,0.114f,-0.0622f,0.9915f,1.3196f,0f,0f,0f,1f],start_interpolation: 0,interpolation_duration: 0}
$data merge entity $(bone17) {transformation: [-0.0043f,-0.997f,-0.0773f,0.7368f,0.8352f,-0.0461f,0.5481f,-0.0232f,-0.55f,-0.0622f,0.8329f,1.2113f,0f,0f,0f,1f],start_interpolation: 0,interpolation_duration: 0}
$data merge entity $(bone16) {transformation: [0.0297f,-0.997f,-0.0715f,0.737f,0.5149f,-0.0461f,0.856f,0.0507f,-0.8568f,-0.0622f,0.512f,1.0845f,0f,0f,0f,1f],start_interpolation: 0,interpolation_duration: 0}
$data merge entity $(bone27) {transformation: [-0.8501f,-0.5209f,-0.0781f,1.1812f,-0.0475f,-0.0718f,0.9963f,0.04f,-0.5245f,0.8506f,0.0363f,1.136f,0f,0f,0f,1f],start_interpolation: 0,interpolation_duration: 0}
$data merge entity $(bone26) {transformation: [-0.838f,-0.5414f,-0.0679f,1.0479f,-0.0437f,-0.0574f,0.9974f,0.0341f,-0.5439f,0.8388f,0.0245f,1.0573f,0f,0f,0f,1f],start_interpolation: 0,interpolation_duration: 0}
$data merge entity $(bone25) {transformation: [-0.827f,-0.5414f,0.1514f,0.8957f,0.216f,-0.0574f,0.9747f,0.0713f,-0.519f,0.8388f,0.1644f,0.9667f,0f,0f,0f,1f],start_interpolation: 0,interpolation_duration: 0}
$data merge entity $(bone30) {transformation: [-0.0867f,-0.8725f,0.4809f,0.9791f,0.9948f,-0.0498f,0.0889f,-0.1842f,-0.0536f,0.4861f,0.8722f,1.2896f,0f,0f,0f,1f],start_interpolation: 0,interpolation_duration: 0}
$data merge entity $(bone29) {transformation: [-0.3188f,-0.8725f,0.3704f,0.9201f,0.812f,-0.0498f,0.5815f,-0.024f,-0.4889f,0.4861f,0.7243f,1.1912f,0f,0f,0f,1f],start_interpolation: 0,interpolation_duration: 0}
$data merge entity $(bone28) {transformation: [-0.4621f,-0.8725f,0.159f,0.8225f,0.4077f,-0.0498f,0.9118f,0.0567f,-0.7876f,0.4861f,0.3787f,1.0333f,0f,0f,0f,1f],start_interpolation: 0,interpolation_duration: 0}
$data merge entity $(bone7) {transformation: [0.963f,-0.0685f,0.2605f,0.6017f,0.0388f,0.9923f,0.1175f,0.9133f,-0.2666f,-0.1031f,0.9583f,0.719f,0f,0f,0f,1f],start_interpolation: 0,interpolation_duration: 0}
$data merge entity $(bone4) {transformation: [-0.9642f,-0.2651f,0.0074f,0.3501f,-0.2473f,0.9089f,0.3359f,1.6028f,-0.0957f,0.3221f,-0.9419f,0.9865f,0f,0f,0f,1f],start_interpolation: 0,interpolation_duration: 0}
$data merge entity $(bone62) {transformation: [-0.9096f,0.3652f,0.1982f,-0.4162f,0.4127f,0.7391f,0.5323f,1.5206f,0.0479f,0.566f,-0.823f,0.9488f,0f,0f,0f,1f],start_interpolation: 0,interpolation_duration: 0}
$data merge entity $(bone63) {transformation: [0.2504f,0.4868f,0.8369f,-0.5861f,0.5985f,0.6016f,-0.529f,1.3653f,-0.761f,0.6333f,-0.1407f,0.8173f,0f,0f,0f,1f],start_interpolation: 0,interpolation_duration: 0}
$data merge entity $(bone65) {transformation: [-0.0453f,0.1501f,-0.9876f,-0.8441f,0.1774f,0.9741f,0.14f,0.7989f,0.9831f,-0.1689f,-0.0707f,0.6235f,0f,0f,0f,1f],start_interpolation: 0,interpolation_duration: 0}
$data merge entity $(bone66) {transformation: [-0.0453f,0.1501f,-0.9876f,-0.9963f,0.1774f,0.9741f,0.14f,0.9854f,0.9831f,-0.1689f,-0.0707f,0.5754f,0f,0f,0f,1f],start_interpolation: 0,interpolation_duration: 0}
$data merge entity $(bone67) {transformation: [0.002f,0.1568f,-0.9876f,-0.8323f,0.4621f,0.8757f,0.14f,0.7861f,0.8868f,-0.4567f,-0.0707f,0.5976f,0f,0f,0f,1f],start_interpolation: 0,interpolation_duration: 0}
$data merge entity $(bone69) {transformation: [-0.2627f,0.0968f,-0.96f,-0.918f,0.3611f,0.9325f,-0.0048f,0.2212f,0.8947f,-0.3479f,-0.28f,0.7707f,0f,0f,0f,1f],start_interpolation: 0,interpolation_duration: 0}
$data merge entity $(bone72) {transformation: [0.9242f,0.2663f,0.2738f,-0.6346f,-0.3359f,0.2253f,0.9145f,0.1343f,0.1819f,-0.9372f,0.2977f,0.7995f,0f,0f,0f,1f],start_interpolation: 0,interpolation_duration: 0}
$data merge entity $(bone71) {transformation: [0.7409f,0.2663f,0.6166f,-0.7291f,-0.6698f,0.2253f,0.7075f,0.222f,0.0495f,-0.9372f,0.3453f,0.7924f,0f,0f,0f,1f],start_interpolation: 0,interpolation_duration: 0}
$data merge entity $(bone70) {transformation: [0.4853f,0.2663f,0.8328f,-0.7925f,-0.8714f,0.2253f,0.4357f,0.3349f,-0.0716f,-0.9372f,0.3414f,0.7981f,0f,0f,0f,1f],start_interpolation: 0,interpolation_duration: 0}
$data merge entity $(bone81) {transformation: [0.1453f,0.9887f,0.0355f,-0.8045f,-0.5026f,0.0429f,0.8634f,-0.0713f,0.8522f,-0.1433f,0.5032f,1.1144f,0f,0f,0f,1f],start_interpolation: 0,interpolation_duration: 0}
$data merge entity $(bone80) {transformation: [0.1176f,0.9887f,0.0925f,-0.8277f,-0.8154f,0.0429f,0.5772f,0.0894f,0.5668f,-0.1433f,0.8113f,1.0027f,0f,0f,0f,1f],start_interpolation: 0,interpolation_duration: 0}
$data merge entity $(bone73) {transformation: [0.1485f,0.9887f,0.0183f,-0.8452f,-0.3985f,0.0429f,0.9162f,0.1465f,0.9051f,-0.1433f,0.4004f,0.8687f,0f,0f,0f,1f],start_interpolation: 0,interpolation_duration: 0}
$data merge entity $(bone84) {transformation: [-0.7096f,0.6969f,0.1044f,-1.2595f,0.1167f,-0.0299f,0.9927f,0.0345f,0.6949f,0.7166f,-0.0601f,1.0211f,0f,0f,0f,1f],start_interpolation: 0,interpolation_duration: 0}
$data merge entity $(bone83) {transformation: [-0.6817f,0.7142f,-0.1586f,-1.1495f,-0.2357f,-0.0092f,0.9718f,0.0721f,0.6926f,0.6999f,0.1746f,0.9186f,0f,0f,0f,1f],start_interpolation: 0,interpolation_duration: 0}
$data merge entity $(bone82) {transformation: [-0.6174f,0.7142f,-0.3297f,-1.0342f,-0.4792f,-0.0092f,0.8777f,0.1573f,0.6238f,0.6999f,0.3479f,0.8082f,0f,0f,0f,1f],start_interpolation: 0,interpolation_duration: 0}
$data merge entity $(bone103) {transformation: [-0.2804f,0.9513f,-0.128f,-1.0404f,-0.382f,0.0118f,0.9241f,-0.0734f,0.8806f,0.3081f,0.3601f,1.1561f,0f,0f,0f,1f],start_interpolation: 0,interpolation_duration: 0}
$data merge entity $(bone102) {transformation: [-0.2159f,0.9513f,-0.22f,-1.0019f,-0.6878f,0.0118f,0.7258f,0.062f,0.6931f,0.3081f,0.6517f,1.0182f,0f,0f,0f,1f],start_interpolation: 0,interpolation_duration: 0}
$data merge entity $(bone85) {transformation: [-0.2775f,0.9513f,-0.1344f,-0.9415f,-0.4028f,0.0118f,0.9152f,0.1421f,0.8722f,0.3081f,0.3799f,0.8424f,0f,0f,0f,1f],start_interpolation: 0,interpolation_duration: 0}
$data merge entity $(bone64) {transformation: [0.9876f,0.152f,-0.0387f,-0.7824f,-0.14f,0.9655f,0.2197f,1.124f,0.0707f,-0.2116f,0.9748f,0.5458f,0f,0f,0f,1f],start_interpolation: 0,interpolation_duration: 0}
$data merge entity $(bone61) {transformation: [-0.8369f,0.5103f,0.1982f,-0.3501f,0.529f,0.6609f,0.5323f,1.6028f,0.1407f,0.5503f,-0.823f,0.9865f,0f,0f,0f,1f],start_interpolation: 0,interpolation_duration: 0}
$data merge entity $(bone23) {transformation: [-0.7934f,-0.6088f,0f,0.1071f,-0.0945f,0.1232f,0.9879f,1.5261f,-0.6014f,0.7837f,-0.1552f,1.0117f,0f,0f,0f,1f],start_interpolation: 0,interpolation_duration: 0}
$data merge entity $(bone22) {transformation: [-0.7934f,0.6088f,0f,-0.1071f,0.0945f,0.1232f,0.9879f,1.5261f,0.6014f,0.7837f,-0.1552f,1.0117f,0f,0f,0f,1f],start_interpolation: 0,interpolation_duration: 0}
$data merge entity $(bone89) {transformation: [-1f,0.0072f,0.0007f,0.002f,0.0056f,0.7136f,0.7005f,2.2368f,0.0045f,0.7005f,-0.7136f,1.4551f,0f,0f,0f,1f],start_interpolation: 0,interpolation_duration: 0}
$data merge entity $(bone90) {transformation: [-1f,0.0069f,0.0019f,0.0013f,0.0056f,0.5811f,0.8138f,2.1718f,0.0045f,0.8138f,-0.5811f,1.3791f,0f,0f,0f,1f],start_interpolation: 0,interpolation_duration: 0}
$data merge entity $(bone88) {transformation: [-1f,0.0071f,0.0013f,0.0312f,0.0056f,0.6498f,0.7601f,2.0274f,0.0045f,0.76f,-0.6498f,1.268f,0f,0f,0f,1f],start_interpolation: 0,interpolation_duration: 0}
$data merge entity $(bone42) {transformation: [-1f,0f,0f,0f,0f,0.7682f,0.6402f,1.7467f,0f,0.6402f,-0.7682f,1.6832f,0f,0f,0f,1f],start_interpolation: 0,interpolation_duration: 0}
$data merge entity $(bone87) {transformation: [-0.9998f,0.0157f,-0.0096f,-0.0044f,0.0036f,0.6766f,0.7363f,1.3154f,0.018f,0.7362f,-0.6766f,2.2544f,0f,0f,0f,1f],start_interpolation: 0,interpolation_duration: 0}
$data merge entity $(bone86) {transformation: [-1f,0f,0f,0f,0f,0.7548f,0.6559f,1.4614f,0f,0.6559f,-0.7548f,2.0789f,0f,0f,0f,1f],start_interpolation: 0,interpolation_duration: 0}
$data merge entity $(bone92) {transformation: [-0.8818f,0.2593f,-0.3939f,0.1194f,-0.0483f,0.7813f,0.6223f,1.821f,0.4691f,0.5677f,-0.6765f,1.7204f,0f,0f,0f,1f],start_interpolation: 0,interpolation_duration: 0}
$data merge entity $(bone3) {transformation: [-0.8818f,-0.2593f,0.3939f,-0.1194f,0.0483f,0.7813f,0.6223f,1.821f,-0.4691f,0.5677f,-0.6765f,1.7204f,0f,0f,0f,1f],start_interpolation: 0,interpolation_duration: 0}
$data merge entity $(head) {transformation: [-1f,0f,0f,0f,0f,0.7881f,0.6155f,1.7353f,0f,0.6155f,-0.7881f,1.4998f,0f,0f,0f,1f],start_interpolation: 0,interpolation_duration: 0}
$data merge entity $(neck) {transformation: [-1f,0f,0f,0f,0f,0.6019f,0.7985f,1.6337f,0f,0.7985f,-0.6019f,1.3651f,0f,0f,0f,1f],start_interpolation: 0,interpolation_duration: 0}
$data merge entity $(bone2) {transformation: [-1f,0f,0f,0f,0f,0.1552f,0.9879f,1.5638f,0f,0.9879f,-0.1552f,1.0549f,0f,0f,0f,1f],start_interpolation: 0,interpolation_duration: 0}
$data merge entity $(bone136) {transformation: [-1f,0f,0f,0f,0f,0.2067f,1.0534f,1.5407f,0f,0.9784f,-0.2226f,0.8595f,0f,0f,0f,1f],start_interpolation: 0,interpolation_duration: 0}
$data merge entity $(bone118) {transformation: [-0.0908f,-0.849f,-0.5205f,0.2587f,0.9919f,-0.1237f,0.0288f,1.7016f,-0.0888f,-0.5137f,0.8534f,0.7662f,0f,0f,0f,1f],start_interpolation: 0,interpolation_duration: 0}
$data merge entity $(bone119) {transformation: [-0.1535f,-0.849f,-0.5056f,0.7332f,0.988f,-0.1237f,-0.0923f,1.7518f,0.0159f,-0.5137f,0.8578f,-0.0417f,0f,0f,0f,1f],start_interpolation: 0,interpolation_duration: 0}
$data merge entity $(bone120) {transformation: [-0.4885f,-0.849f,0.2013f,1.631f,-0.1866f,-0.1237f,-0.9746f,1.0342f,0.8524f,-0.5137f,-0.098f,0.6105f,0f,0f,0f,1f],start_interpolation: 0,interpolation_duration: 0}
$data merge entity $(bone121) {transformation: [0f,0f,0f,0.9813f,0f,0f,0f,1.8673f,0f,0f,0f,-0.4679f,0f,0f,0f,1f],start_interpolation: 0,interpolation_duration: 0}
$data merge entity $(bone123) {transformation: [0.0088f,-1.732f,-1.0625f,0.9181f,1.9863f,-0.2167f,0.3696f,1.2946f,-0.4283f,-1.0402f,1.6921f,2.4011f,0f,0f,0f,1f],start_interpolation: 0,interpolation_duration: 0}
$data merge entity $(bone124) {transformation: [-0.1312f,-0.8524f,-0.5062f,0.7167f,0.9913f,-0.1066f,-0.0773f,2.7133f,0.0119f,-0.5119f,0.8589f,-0.2545f,0f,0f,0f,1f],start_interpolation: 0,interpolation_duration: 0}
$data merge entity $(bone122) {transformation: [-0.3971f,-1.3133f,-0.701f,0.5429f,1.4445f,-0.1643f,-0.5104f,2.6948f,0.3603f,-0.7888f,1.2736f,0.0372f,0f,0f,0f,1f],start_interpolation: 0,interpolation_duration: 0}
$data merge entity $(bone126) {transformation: [0.2612f,-0.8524f,-0.453f,1.1362f,0.7612f,-0.1066f,0.6397f,2.0015f,-0.5935f,-0.5119f,0.621f,-0.8036f,0f,0f,0f,1f],start_interpolation: 0,interpolation_duration: 0}
$data merge entity $(bone127) {transformation: [0.1351f,-0.8524f,-0.5052f,0.7894f,0.9008f,-0.1066f,0.4209f,2.3951f,-0.4126f,-0.5119f,0.7535f,-0.3092f,0f,0f,0f,1f],start_interpolation: 0,interpolation_duration: 0}
$data merge entity $(bone125) {transformation: [-0.0004f,-1.1949f,-0.7331f,0.6214f,1.3725f,-0.1495f,0.243f,2.5523f,-0.2853f,-0.7177f,1.17f,-0.0549f,0f,0f,0f,1f],start_interpolation: 0,interpolation_duration: 0}
$data merge entity $(bone129) {transformation: [1.026f,-1.5896f,-0.2374f,0.4417f,0.1034f,-0.1989f,1.9999f,3.8221f,-1.73f,-0.9546f,-0.0213f,2.6677f,0f,0f,0f,1f],start_interpolation: 0,interpolation_duration: 0}
$data merge entity $(bone130) {transformation: [0.5271f,-0.8524f,-0.2026f,0.8533f,0.2041f,-0.1066f,1.0543f,1.5604f,-0.9202f,-0.5119f,0.1178f,-0.2418f,0f,0f,0f,1f],start_interpolation: 0,interpolation_duration: 0}
$data merge entity $(bone131) {transformation: [0.4449f,-0.8524f,-0.3479f,0.7f,0.5035f,-0.1066f,0.9485f,2.1375f,-0.8456f,-0.5119f,0.3817f,-0.1067f,0f,0f,0f,1f],start_interpolation: 0,interpolation_duration: 0}
$data merge entity $(bone128) {transformation: [0.3581f,-0.8986f,-0.4757f,0.5883f,0.7715f,-0.1124f,0.8285f,2.4389f,-0.7569f,-0.5397f,0.6194f,0.0058f,0f,0f,0f,1f],start_interpolation: 0,interpolation_duration: 0}
$data merge entity $(bone132) {transformation: [-0.2295f,-0.8524f,-0.4699f,0.4643f,0.956f,-0.1066f,-0.2734f,2.5713f,0.1829f,-0.5119f,0.8393f,0.2076f,0f,0f,0f,1f],start_interpolation: 0,interpolation_duration: 0}
$data merge entity $(bone133) {transformation: [-0.4012f,-1.4471f,-0.694f,0.5287f,1.6716f,-0.181f,-0.4038f,2.5905f,0.3199f,-0.8691f,1.2397f,0.1081f,0f,0f,0f,1f],start_interpolation: 0,interpolation_duration: 0}
$data merge entity $(w5) {transformation: [-0.2295f,-0.8524f,-0.4699f,0.5381f,0.956f,-0.1066f,-0.2734f,2.5238f,0.1829f,-0.5119f,0.8393f,0.1195f,0f,0f,0f,1f],start_interpolation: 0,interpolation_duration: 0}
$data merge entity $(w2) {transformation: [-0.5157f,-0.849f,-0.1153f,0.7066f,0.4062f,-0.1237f,-0.9054f,1.7671f,0.7544f,-0.5137f,0.4086f,-0.0248f,0f,0f,0f,1f],start_interpolation: 0,interpolation_duration: 0}
$data merge entity $(wing3) {transformation: [-0.0908f,-0.849f,-0.5205f,0.2175f,0.9919f,-0.1237f,0.0288f,1.8044f,-0.0888f,-0.5137f,0.8534f,0.7745f,0f,0f,0f,1f],start_interpolation: 0,interpolation_duration: 0}
$data merge entity $(bone104) {transformation: [-0.0908f,0.849f,0.5205f,-0.2587f,-0.9919f,-0.1237f,0.0288f,1.7016f,0.0888f,-0.5137f,0.8534f,0.7662f,0f,0f,0f,1f],start_interpolation: 0,interpolation_duration: 0}
$data merge entity $(bone105) {transformation: [-0.1535f,0.849f,0.5056f,-0.7332f,-0.988f,-0.1237f,-0.0923f,1.7518f,-0.0159f,-0.5137f,0.8578f,-0.0417f,0f,0f,0f,1f],start_interpolation: 0,interpolation_duration: 0}
$data merge entity $(bone106) {transformation: [-0.4885f,0.849f,-0.2013f,-1.631f,0.1866f,-0.1237f,-0.9746f,1.0342f,-0.8524f,-0.5137f,-0.098f,0.6105f,0f,0f,0f,1f],start_interpolation: 0,interpolation_duration: 0}
$data merge entity $(bone107) {transformation: [0f,0f,0f,-0.9813f,0f,0f,0f,1.8673f,0f,0f,0f,-0.4679f,0f,0f,0f,1f],start_interpolation: 0,interpolation_duration: 0}
$data merge entity $(bone109) {transformation: [0.0265f,1.732f,0.9989f,-0.9493f,-1.821f,-0.2167f,0.313f,1.4041f,0.4234f,-1.0402f,1.598f,2.3262f,0f,0f,0f,1f],start_interpolation: 0,interpolation_duration: 0}
$data merge entity $(bone110) {transformation: [-0.1147f,0.8524f,0.4782f,-0.7071f,-0.9055f,-0.1066f,-0.0831f,2.716f,-0.0023f,-0.5119f,0.8136f,-0.239f,0f,0f,0f,1f],start_interpolation: 0,interpolation_duration: 0}
$data merge entity $(bone108) {transformation: [-0.3613f,1.3133f,0.666f,-0.5429f,-1.3145f,-0.1643f,-0.4848f,2.6948f,-0.3278f,-0.7888f,1.2099f,0.0372f,0f,0f,0f,1f],start_interpolation: 0,interpolation_duration: 0}
$data merge entity $(bone112) {transformation: [0.2612f,0.8524f,0.453f,-1.1362f,-0.7612f,-0.1066f,0.6397f,2.0015f,0.5935f,-0.5119f,0.621f,-0.8036f,0f,0f,0f,1f],start_interpolation: 0,interpolation_duration: 0}
$data merge entity $(bone113) {transformation: [0.1351f,0.8524f,0.5052f,-0.7894f,-0.9008f,-0.1066f,0.4209f,2.3951f,0.4126f,-0.5119f,0.7535f,-0.3092f,0f,0f,0f,1f],start_interpolation: 0,interpolation_duration: 0}
$data merge entity $(bone111) {transformation: [-0.0004f,1.1949f,0.7331f,-0.6214f,-1.3725f,-0.1495f,0.243f,2.5523f,0.2853f,-0.7177f,1.17f,-0.0549f,0f,0f,0f,1f],start_interpolation: 0,interpolation_duration: 0}
$data merge entity $(bone115) {transformation: [1.026f,1.5896f,0.2374f,-0.4417f,-0.1034f,-0.1989f,1.9999f,3.8221f,1.73f,-0.9546f,-0.0213f,2.6677f,0f,0f,0f,1f],start_interpolation: 0,interpolation_duration: 0}
$data merge entity $(bone116) {transformation: [0.5271f,0.8524f,0.2026f,-0.8533f,-0.2041f,-0.1066f,1.0543f,1.5604f,0.9202f,-0.5119f,0.1178f,-0.2418f,0f,0f,0f,1f],start_interpolation: 0,interpolation_duration: 0}
$data merge entity $(bone117) {transformation: [0.4449f,0.8524f,0.3479f,-0.7f,-0.5035f,-0.1066f,0.9485f,2.1375f,0.8456f,-0.5119f,0.3817f,-0.1067f,0f,0f,0f,1f],start_interpolation: 0,interpolation_duration: 0}
$data merge entity $(bone114) {transformation: [0.3581f,0.8986f,0.4757f,-0.5883f,-0.7715f,-0.1124f,0.8285f,2.4389f,0.7569f,-0.5397f,0.6194f,0.0058f,0f,0f,0f,1f],start_interpolation: 0,interpolation_duration: 0}
$data merge entity $(bone134) {transformation: [-0.2295f,0.8524f,0.4699f,-0.4643f,-0.956f,-0.1066f,-0.2734f,2.5713f,-0.1829f,-0.5119f,0.8393f,0.2076f,0f,0f,0f,1f],start_interpolation: 0,interpolation_duration: 0}
$data merge entity $(bone135) {transformation: [-0.4012f,1.4471f,0.694f,-0.5287f,-1.6716f,-0.181f,-0.4038f,2.5905f,-0.3199f,-0.8691f,1.2397f,0.1081f,0f,0f,0f,1f],start_interpolation: 0,interpolation_duration: 0}
$data merge entity $(w4) {transformation: [-0.2295f,0.8524f,0.4699f,-0.5381f,-0.956f,-0.1066f,-0.2734f,2.5238f,-0.1829f,-0.5119f,0.8393f,0.1195f,0f,0f,0f,1f],start_interpolation: 0,interpolation_duration: 0}
$data merge entity $(w3) {transformation: [-0.5157f,0.849f,0.1153f,-0.7066f,-0.4062f,-0.1237f,-0.9054f,1.7671f,-0.7544f,-0.5137f,0.4086f,-0.0248f,0f,0f,0f,1f],start_interpolation: 0,interpolation_duration: 0}
$data merge entity $(wing2) {transformation: [-0.0908f,0.849f,0.5205f,-0.2175f,-0.9919f,-0.1237f,0.0288f,1.8044f,0.0888f,-0.5137f,0.8534f,0.7745f,0f,0f,0f,1f],start_interpolation: 0,interpolation_duration: 0}
$data merge entity $(bone20) {transformation: [-1f,0f,0f,-0.1563f,0f,-0.149f,0.9888f,1.5464f,0f,0.9888f,0.149f,0.3246f,0f,0f,0f,1f],start_interpolation: 0,interpolation_duration: 0}
$data merge entity $(bone101) {transformation: [-1f,0f,0f,0f,0f,-0.3556f,0.9346f,1.2028f,0f,0.9346f,0.3556f,-2.677f,0f,0f,0f,1f],start_interpolation: 0,interpolation_duration: 0}
$data merge entity $(bone100) {transformation: [-1f,0f,0f,0f,0f,0.2251f,0.9743f,0.7627f,0f,0.9743f,-0.2251f,-2.5689f,0f,0f,0f,1f],start_interpolation: 0,interpolation_duration: 0}
$data merge entity $(bone99) {transformation: [-1f,0f,0f,0f,0f,0.4492f,0.8934f,0.3104f,0f,0.8934f,-0.4492f,-2.3415f,0f,0f,0f,1f],start_interpolation: 0,interpolation_duration: 0}
$data merge entity $(bone98) {transformation: [-1f,0f,0f,0f,0f,0.8549f,0.5189f,0.0542f,0f,0.5189f,-0.8549f,-1.9194f,0f,0f,0f,1f],start_interpolation: 0,interpolation_duration: 0}
$data merge entity $(bone97) {transformation: [-1f,0f,0f,0f,0f,0.9885f,-0.1509f,0.1315f,0f,-0.1509f,-0.9885f,-1.4127f,0f,0f,0f,1f],start_interpolation: 0,interpolation_duration: 0}
$data merge entity $(bone96) {transformation: [-1f,0f,0f,0f,0f,0.8556f,-0.5177f,0.3904f,0f,-0.5177f,-0.8556f,-0.985f,0f,0f,0f,1f],start_interpolation: 0,interpolation_duration: 0}
$data merge entity $(bone95) {transformation: [-1f,0f,0f,0f,0f,0.6603f,-0.751f,0.7612f,0f,-0.751f,-0.6603f,-0.659f,0f,0f,0f,1f],start_interpolation: 0,interpolation_duration: 0}
$data merge entity $(bone94) {transformation: [-1f,0f,0f,0f,0f,0.5923f,-0.8057f,1.159f,0f,-0.8057f,-0.5923f,-0.3665f,0f,0f,0f,1f],start_interpolation: 0,interpolation_duration: 0}
$data merge entity $(bone93) {transformation: [-1f,0f,0f,0f,0f,0.7232f,-0.6906f,1.4202f,0f,-0.6906f,-0.7232f,-0.093f,0f,0f,0f,1f],start_interpolation: 0,interpolation_duration: 0}
$data merge entity $(bone) {transformation: [-1f,0f,0f,0f,0f,0.5373f,0.8434f,1.3279f,0f,0.8434f,-0.5373f,-0.0343f,0f,0f,0f,1f],start_interpolation: 0,interpolation_duration: 0}
$data merge entity $(bone24) {transformation: [-0.9666f,-0.2564f,-0.0053f,0.1031f,-0.2562f,0.9642f,0.0692f,1.2692f,-0.0126f,0.0682f,-0.9976f,-0.0354f,0f,0f,0f,1f],start_interpolation: 0,interpolation_duration: 0}
$data merge entity $(bone32) {transformation: [-0.9974f,-0.0499f,-0.0523f,0.2276f,-0.0685f,0.4223f,0.9039f,0.6125f,-0.023f,0.9051f,-0.4246f,-0.3251f,0f,0f,0f,1f],start_interpolation: 0,interpolation_duration: 0}
$data merge entity $(bone36) {transformation: [-0.9989f,-0.0267f,-0.0393f,0.3373f,-0.0261f,0.9996f,-0.0143f,0.2841f,0.0396f,-0.0133f,-0.9991f,-1.0265f,0f,0f,0f,1f],start_interpolation: 0,interpolation_duration: 0}
$data merge entity $(bone35) {transformation: [-0.9989f,-0.0034f,-0.0474f,0.2982f,-0.0261f,0.8728f,0.4874f,0.411f,0.0396f,0.4881f,-0.8719f,-0.9489f,0f,0f,0f,1f],start_interpolation: 0,interpolation_duration: 0}
$data merge entity $(bone34) {transformation: [-0.9989f,0.0028f,-0.0474f,0.2997f,-0.0261f,0.8017f,0.5971f,0.4892f,0.0396f,0.5977f,-0.8007f,-0.8932f,0f,0f,0f,1f],start_interpolation: 0,interpolation_duration: 0}
$data merge entity $(bone77) {transformation: [-0.9317f,0.3623f,-0.0253f,0.1058f,0.0016f,-0.0656f,-0.9978f,0.0698f,-0.3632f,-0.9298f,0.0606f,-0.3583f,0f,0f,0f,1f],start_interpolation: 0,interpolation_duration: 0}
$data merge entity $(bone75) {transformation: [-0.9317f,0.3623f,-0.0253f,0.1696f,0.0016f,-0.0656f,-0.9978f,0.0596f,-0.3632f,-0.9298f,0.0606f,-0.5329f,0f,0f,0f,1f],start_interpolation: 0,interpolation_duration: 0}
$data merge entity $(bone39) {transformation: [-0.9317f,0.3623f,-0.0253f,0.2327f,0.0016f,-0.0656f,-0.9978f,0.0463f,-0.3632f,-0.9298f,0.0606f,-0.691f,0f,0f,0f,1f],start_interpolation: 0,interpolation_duration: 0}
$data merge entity $(bone76) {transformation: [-0.9622f,-0.2721f,-0.0106f,0.4979f,0.0168f,-0.0206f,-0.9996f,0.0518f,0.2718f,-0.962f,0.0244f,-0.3325f,0f,0f,0f,1f],start_interpolation: 0,interpolation_duration: 0}
$data merge entity $(bone74) {transformation: [-0.9622f,-0.2721f,-0.0106f,0.4829f,0.0168f,-0.0206f,-0.9996f,0.0564f,0.2718f,-0.962f,0.0244f,-0.529f,0f,0f,0f,1f],start_interpolation: 0,interpolation_duration: 0}
$data merge entity $(bone40) {transformation: [-0.9622f,-0.2721f,-0.0106f,0.4351f,0.0168f,-0.0206f,-0.9996f,0.0508f,0.2718f,-0.962f,0.0244f,-0.6928f,0f,0f,0f,1f],start_interpolation: 0,interpolation_duration: 0}
$data merge entity $(bone79) {transformation: [-0.9995f,0.0328f,0.0037f,0.3118f,-0.0044f,-0.0215f,-0.9998f,0.059f,-0.0327f,-0.9992f,0.0216f,-0.2932f,0f,0f,0f,1f],start_interpolation: 0,interpolation_duration: 0}
$data merge entity $(bone78) {transformation: [-0.9995f,0.0328f,0.0037f,0.3224f,-0.0044f,-0.0215f,-0.9998f,0.0567f,-0.0327f,-0.9992f,0.0216f,-0.4937f,0f,0f,0f,1f],start_interpolation: 0,interpolation_duration: 0}
$data merge entity $(bone41) {transformation: [-0.9995f,0.0328f,0.0037f,0.3276f,-0.0044f,-0.0215f,-0.9998f,0.0503f,-0.0327f,-0.9992f,0.0216f,-0.6928f,0f,0f,0f,1f],start_interpolation: 0,interpolation_duration: 0}
$data merge entity $(bone38) {transformation: [-1f,-0.0042f,0.0015f,0.3377f,-0.0044f,0.9043f,-0.4268f,0.3078f,0.0005f,-0.4268f,-0.9043f,-0.7901f,0f,0f,0f,1f],start_interpolation: 0,interpolation_duration: 0}
$data merge entity $(bone33) {transformation: [-0.9992f,-0.0341f,-0.0212f,0.3184f,-0.0401f,0.872f,0.4879f,0.5389f,0.0018f,0.4883f,-0.8727f,-0.6599f,0f,0f,0f,1f],start_interpolation: 0,interpolation_duration: 0}
$data merge entity $(bone31) {transformation: [-0.9974f,-0.0406f,-0.0598f,0.28f,-0.0685f,0.2673f,0.9612f,0.6421f,-0.023f,0.9628f,-0.2694f,0.1983f,0f,0f,0f,1f],start_interpolation: 0,interpolation_duration: 0}
$data merge entity $(bone19) {transformation: [-0.9852f,-0.168f,0.0333f,0.1713f,-0.1711f,0.9732f,-0.1537f,1.2768f,-0.0066f,-0.1571f,-0.9876f,-0.0343f,0f,0f,0f,1f],start_interpolation: 0,interpolation_duration: 0}
$data merge entity $(bone44) {transformation: [-0.7979f,0.527f,0.2927f,-0.1115f,0.1745f,0.6667f,-0.7246f,1.271f,-0.577f,-0.5271f,-0.6239f,-0.001f,0f,0f,0f,1f],start_interpolation: 0,interpolation_duration: 0}
$data merge entity $(bone46) {transformation: [-0.8894f,-0.2328f,0.3933f,-0.2879f,0.0629f,0.79f,0.6099f,0.7863f,-0.4527f,0.5672f,-0.688f,0.118f,0f,0f,0f,1f],start_interpolation: 0,interpolation_duration: 0}
$data merge entity $(bone50) {transformation: [-0.8712f,-0.1284f,0.4739f,-0.076f,0.0272f,0.9511f,0.3076f,0.3304f,-0.4902f,0.2808f,-0.8251f,-0.5357f,0f,0f,0f,1f],start_interpolation: 0,interpolation_duration: 0}
$data merge entity $(bone49) {transformation: [-0.8712f,-0.3481f,0.3462f,-0.0954f,0.0272f,0.6699f,0.7419f,0.426f,-0.4902f,0.6558f,-0.5742f,-0.4168f,0f,0f,0f,1f],start_interpolation: 0,interpolation_duration: 0}
$data merge entity $(bone48) {transformation: [-0.8712f,-0.3903f,0.2978f,-0.1334f,0.0272f,0.5673f,0.823f,0.4822f,-0.4902f,0.7251f,-0.4837f,-0.3488f,0f,0f,0f,1f],start_interpolation: 0,interpolation_duration: 0}
$data merge entity $(bone54) {transformation: [-0.9807f,0.1955f,0.0017f,-0.2558f,-0.0112f,-0.0475f,-0.9988f,0.0657f,-0.1952f,-0.9796f,0.0488f,0.2178f,0f,0f,0f,1f],start_interpolation: 0,interpolation_duration: 0}
$data merge entity $(bone53) {transformation: [-0.9807f,0.1955f,0.0017f,-0.2155f,-0.0112f,-0.0475f,-0.9988f,0.0589f,-0.1952f,-0.9796f,0.0488f,0.0362f,0f,0f,0f,1f],start_interpolation: 0,interpolation_duration: 0}
$data merge entity $(bone52) {transformation: [-0.9807f,0.1955f,0.0017f,-0.1834f,-0.0112f,-0.0475f,-0.9988f,0.0487f,-0.1952f,-0.9796f,0.0488f,-0.1313f,0f,0f,0f,1f],start_interpolation: 0,interpolation_duration: 0}
$data merge entity $(bone57) {transformation: [-0.7281f,0.6855f,0.0024f,-0.5842f,-0.0121f,-0.0094f,-0.9999f,0.0587f,-0.6854f,-0.728f,0.0152f,0.0652f,0f,0f,0f,1f],start_interpolation: 0,interpolation_duration: 0}
$data merge entity $(bone56) {transformation: [-0.7281f,0.6855f,0.0024f,-0.4802f,-0.0121f,-0.0094f,-0.9999f,0.0655f,-0.6854f,-0.728f,0.0152f,-0.102f,0f,0f,0f,1f],start_interpolation: 0,interpolation_duration: 0}
$data merge entity $(bone55) {transformation: [-0.7281f,0.6855f,0.0024f,-0.3622f,-0.0121f,-0.0094f,-0.9999f,0.0618f,-0.6854f,-0.728f,0.0152f,-0.2254f,0f,0f,0f,1f],start_interpolation: 0,interpolation_duration: 0}
$data merge entity $(bone60) {transformation: [-0.8808f,0.4724f,-0.0331f,-0.4534f,0.0156f,-0.0409f,-0.999f,0.0732f,-0.4733f,-0.8804f,0.0287f,0.1773f,0f,0f,0f,1f],start_interpolation: 0,interpolation_duration: 0}
$data merge entity $(bone59) {transformation: [-0.8808f,0.4724f,-0.0331f,-0.362f,0.0156f,-0.0409f,-0.999f,0.0671f,-0.4733f,-0.8804f,0.0287f,-0.0014f,0f,0f,0f,1f],start_interpolation: 0,interpolation_duration: 0}
$data merge entity $(bone58) {transformation: [-0.8808f,0.4724f,-0.0331f,-0.2668f,0.0156f,-0.0409f,-0.999f,0.0568f,-0.4733f,-0.8804f,0.0287f,-0.1761f,0f,0f,0f,1f],start_interpolation: 0,interpolation_duration: 0}
$data merge entity $(bone51) {transformation: [-0.8873f,0.2143f,0.4084f,-0.2269f,0.0467f,0.9227f,-0.3827f,0.3188f,-0.4588f,-0.3205f,-0.8287f,-0.251f,0f,0f,0f,1f],start_interpolation: 0,interpolation_duration: 0}
$data merge entity $(bone47) {transformation: [-0.8873f,-0.1218f,0.4448f,-0.2504f,0.0467f,0.9358f,0.3493f,0.5669f,-0.4588f,0.3307f,-0.8247f,-0.1581f,0f,0f,0f,1f],start_interpolation: 0,interpolation_duration: 0}
$data merge entity $(bone45) {transformation: [-0.8894f,-0.2946f,0.3495f,-0.5375f,0.0629f,0.6785f,0.7319f,1.0516f,-0.4527f,0.673f,-0.5849f,0.4986f,0f,0f,0f,1f],start_interpolation: 0,interpolation_duration: 0}
$data merge entity $(bone43) {transformation: [-0.8408f,0.5096f,0.1828f,-0.1713f,0.1157f,0.4989f,-0.8589f,1.2768f,-0.5289f,-0.701f,-0.4784f,-0.0343f,0f,0f,0f,1f],start_interpolation: 0,interpolation_duration: 0}