# This file was generated by Animated Java via MC-Build. It is not recommended to edit this file directly.
$data merge entity $(bone5) {transformation: [-0.9947f,-0.1023f,0.0069f,0.3851f,-0.094f,0.9368f,0.3369f,1.4932f,-0.0409f,0.3345f,-0.9415f,0.9763f,0f,0f,0f,1f],start_interpolation: 0,interpolation_duration: 0}
$data merge entity $(bone6) {transformation: [0.0209f,-0.2643f,-0.9642f,0.4944f,-0.43f,0.8683f,-0.2474f,1.2631f,0.9026f,0.4198f,-0.0955f,0.9033f,0f,0f,0f,1f],start_interpolation: 0,interpolation_duration: 0}
$data merge entity $(bone8) {transformation: [-0.2636f,-0.0575f,0.9629f,0.6364f,-0.075f,0.9964f,0.039f,0.5742f,-0.9617f,-0.062f,-0.2669f,0.7571f,0f,0f,0f,1f],start_interpolation: 0,interpolation_duration: 0}
$data merge entity $(bone9) {transformation: [-0.2636f,-0.0575f,0.9629f,0.7981f,-0.075f,0.9964f,0.039f,0.7469f,-0.9617f,-0.062f,-0.2669f,0.6918f,0f,0f,0f,1f],start_interpolation: 0,interpolation_duration: 0}
$data merge entity $(bone10) {transformation: [-0.2341f,-0.1341f,0.9629f,0.6182f,-0.3712f,0.9277f,0.039f,0.5652f,-0.8986f,-0.3483f,-0.2669f,0.7334f,0f,0f,0f,1f],start_interpolation: 0,interpolation_duration: 0}
$data merge entity $(bone12) {transformation: [-0.1792f,-0.5213f,0.8343f,0.7606f,-0.8978f,0.4334f,0.078f,0.0607f,-0.4023f,-0.7351f,-0.5457f,0.9438f,0f,0f,0f,1f],start_interpolation: 0,interpolation_duration: 0}
$data merge entity $(bone15) {transformation: [0.9847f,-0.1047f,0.1395f,0.371f,-0.1586f,-0.2051f,0.9658f,0.0314f,-0.0725f,-0.9731f,-0.2185f,0.9969f,0f,0f,0f,1f],start_interpolation: 0,interpolation_duration: 0}
$data merge entity $(bone14) {transformation: [0.9647f,-0.1047f,-0.2416f,0.4951f,0.2168f,-0.2051f,0.9544f,0.0604f,-0.1494f,-0.9731f,-0.1751f,0.9762f,0f,0f,0f,1f],start_interpolation: 0,interpolation_duration: 0}
$data merge entity $(bone13) {transformation: [0.8239f,-0.1047f,-0.557f,0.6024f,0.5302f,-0.2051f,0.8227f,0.127f,-0.2003f,-0.9731f,-0.1134f,0.9473f,0f,0f,0f,1f],start_interpolation: 0,interpolation_duration: 0}
$data merge entity $(bone18) {transformation: [-0.0528f,-0.9969f,-0.0575f,0.7381f,0.986f,-0.0429f,-0.161f,-0.2013f,0.1581f,-0.0652f,0.9853f,1.3081f,0f,0f,0f,1f],start_interpolation: 0,interpolation_duration: 0}
$data merge entity $(bone17) {transformation: [-0.0035f,-0.9969f,-0.078f,0.7374f,0.8588f,-0.0429f,0.5104f,-0.0321f,-0.5122f,-0.0652f,0.8564f,1.2072f,0f,0f,0f,1f],start_interpolation: 0,interpolation_duration: 0}
$data merge entity $(bone16) {transformation: [0.03f,-0.9969f,-0.0721f,0.7376f,0.5605f,-0.0429f,0.8271f,0.0485f,-0.8276f,-0.0652f,0.5575f,1.0846f,0f,0f,0f,1f],start_interpolation: 0,interpolation_duration: 0}
$data merge entity $(bone27) {transformation: [-0.849f,-0.5224f,-0.0799f,1.1815f,-0.0509f,-0.0695f,0.9963f,0.039f,-0.526f,0.8499f,0.0324f,1.1367f,0f,0f,0f,1f],start_interpolation: 0,interpolation_duration: 0}
$data merge entity $(bone26) {transformation: [-0.8369f,-0.5429f,-0.0696f,1.0484f,-0.0472f,-0.0552f,0.9974f,0.0325f,-0.5453f,0.838f,0.0206f,1.0577f,0f,0f,0f,1f],start_interpolation: 0,interpolation_duration: 0}
$data merge entity $(bone25) {transformation: [-0.8264f,-0.5429f,0.1493f,0.8962f,0.2126f,-0.0552f,0.9756f,0.069f,-0.5214f,0.838f,0.1611f,0.9667f,0f,0f,0f,1f],start_interpolation: 0,interpolation_duration: 0}
$data merge entity $(bone30) {transformation: [-0.0682f,-0.8728f,0.4833f,0.9753f,0.9975f,-0.0499f,0.0507f,-0.1983f,-0.0202f,0.4855f,0.874f,1.2809f,0f,0f,0f,1f],start_interpolation: 0,interpolation_duration: 0}
$data merge entity $(bone29) {transformation: [-0.3041f,-0.8728f,0.3818f,0.9191f,0.8337f,-0.0499f,0.55f,-0.0338f,-0.461f,0.4855f,0.7428f,1.188f,0f,0f,0f,1f],start_interpolation: 0,interpolation_duration: 0}
$data merge entity $(bone28) {transformation: [-0.4545f,-0.8728f,0.1778f,0.8231f,0.4455f,-0.0499f,0.8939f,0.0546f,-0.7713f,0.4855f,0.4115f,1.0333f,0f,0f,0f,1f],start_interpolation: 0,interpolation_duration: 0}
$data merge entity $(bone7) {transformation: [0.9629f,-0.069f,0.2608f,0.6017f,0.039f,0.9922f,0.1184f,0.91f,-0.2669f,-0.1039f,0.9581f,0.7181f,0f,0f,0f,1f],start_interpolation: 0,interpolation_duration: 0}
$data merge entity $(bone4) {transformation: [-0.9642f,-0.2651f,0.0069f,0.3501f,-0.2474f,0.9085f,0.3369f,1.5992f,-0.0955f,0.3232f,-0.9415f,0.9865f,0f,0f,0f,1f],start_interpolation: 0,interpolation_duration: 0}
$data merge entity $(bone62) {transformation: [-0.9096f,0.3641f,0.2f,-0.4162f,0.4128f,0.7378f,0.5341f,1.517f,0.0469f,0.5684f,-0.8214f,0.9485f,0f,0f,0f,1f],start_interpolation: 0,interpolation_duration: 0}
$data merge entity $(bone63) {transformation: [0.2521f,0.4856f,0.837f,-0.5858f,0.6001f,0.6001f,-0.5289f,1.3621f,-0.7592f,0.6357f,-0.1401f,0.8163f,0f,0f,0f,1f],start_interpolation: 0,interpolation_duration: 0}
$data merge entity $(bone65) {transformation: [-0.0465f,0.1509f,-0.9874f,-0.8435f,0.1804f,0.9735f,0.1403f,0.7966f,0.9825f,-0.1716f,-0.0725f,0.6224f,0f,0f,0f,1f],start_interpolation: 0,interpolation_duration: 0}
$data merge entity $(bone66) {transformation: [-0.0465f,0.1509f,-0.9874f,-0.9956f,0.1804f,0.9735f,0.1403f,0.983f,0.9825f,-0.1716f,-0.0725f,0.5735f,0f,0f,0f,1f],start_interpolation: 0,interpolation_duration: 0}
$data merge entity $(bone67) {transformation: [0.001f,0.1579f,-0.9874f,-0.8317f,0.4648f,0.8742f,0.1403f,0.7837f,0.8854f,-0.4591f,-0.0725f,0.5965f,0f,0f,0f,1f],start_interpolation: 0,interpolation_duration: 0}
$data merge entity $(bone69) {transformation: [-0.264f,0.0973f,-0.9596f,-0.9179f,0.362f,0.9322f,-0.0051f,0.2193f,0.894f,-0.3487f,-0.2813f,0.7708f,0f,0f,0f,1f],start_interpolation: 0,interpolation_duration: 0}
$data merge entity $(bone72) {transformation: [0.9246f,0.2676f,0.271f,-0.6345f,-0.3333f,0.2243f,0.9157f,0.1324f,0.1843f,-0.937f,0.2966f,0.8001f,0f,0f,0f,1f],start_interpolation: 0,interpolation_duration: 0}
$data merge entity $(bone71) {transformation: [0.7408f,0.2676f,0.6161f,-0.729f,-0.6698f,0.2243f,0.7079f,0.2201f,0.0512f,-0.937f,0.3454f,0.7928f,0f,0f,0f,1f],start_interpolation: 0,interpolation_duration: 0}
$data merge entity $(bone70) {transformation: [0.4854f,0.2676f,0.8323f,-0.7924f,-0.8715f,0.2243f,0.4361f,0.333f,-0.07f,-0.937f,0.3421f,0.7983f,0f,0f,0f,1f],start_interpolation: 0,interpolation_duration: 0}
$data merge entity $(bone81) {transformation: [0.142f,0.9886f,0.0498f,-0.8051f,-0.5714f,0.0408f,0.8196f,-0.0778f,0.8083f,-0.1449f,0.5707f,1.1101f,0f,0f,0f,1f],start_interpolation: 0,interpolation_duration: 0}
$data merge entity $(bone80) {transformation: [0.1145f,0.9886f,0.0977f,-0.8276f,-0.8287f,0.0408f,0.5583f,0.0855f,0.5479f,-0.1449f,0.8239f,1.0022f,0f,0f,0f,1f],start_interpolation: 0,interpolation_duration: 0}
$data merge entity $(bone73) {transformation: [0.1487f,0.9886f,0.0231f,-0.8452f,-0.4125f,0.0408f,0.91f,0.1447f,0.8987f,-0.1449f,0.4139f,0.869f,0f,0f,0f,1f],start_interpolation: 0,interpolation_duration: 0}
$data merge entity $(bone84) {transformation: [-0.7092f,0.6971f,0.1054f,-1.2596f,0.118f,-0.03f,0.9926f,0.0337f,0.6951f,0.7163f,-0.0609f,1.0216f,0f,0f,0f,1f],start_interpolation: 0,interpolation_duration: 0}
$data merge entity $(bone83) {transformation: [-0.682f,0.7145f,-0.1562f,-1.1496f,-0.2325f,-0.0094f,0.9725f,0.0707f,0.6934f,0.6996f,0.1725f,0.9189f,0f,0f,0f,1f],start_interpolation: 0,interpolation_duration: 0}
$data merge entity $(bone82) {transformation: [-0.6183f,0.7145f,-0.3274f,-1.0341f,-0.4763f,-0.0094f,0.8792f,0.1554f,0.6251f,0.6996f,0.3461f,0.8083f,0f,0f,0f,1f],start_interpolation: 0,interpolation_duration: 0}
$data merge entity $(bone103) {transformation: [-0.2747f,0.9511f,-0.1411f,-1.04f,-0.4274f,0.0106f,0.904f,-0.0786f,0.8613f,0.3086f,0.4036f,1.1539f,0f,0f,0f,1f],start_interpolation: 0,interpolation_duration: 0}
$data merge entity $(bone102) {transformation: [-0.2144f,0.9511f,-0.2223f,-1.0019f,-0.6966f,0.0106f,0.7174f,0.0586f,0.6847f,0.3086f,0.6603f,1.0177f,0f,0f,0f,1f],start_interpolation: 0,interpolation_duration: 0}
$data merge entity $(bone85) {transformation: [-0.2772f,0.9511f,-0.136f,-0.9414f,-0.4108f,0.0106f,0.9117f,0.1402f,0.8685f,0.3086f,0.3878f,0.8426f,0f,0f,0f,1f],start_interpolation: 0,interpolation_duration: 0}
$data merge entity $(bone64) {transformation: [0.9874f,0.1528f,-0.0399f,-0.7815f,-0.1403f,0.9647f,0.2227f,1.1215f,0.0725f,-0.2143f,0.9741f,0.5438f,0f,0f,0f,1f],start_interpolation: 0,interpolation_duration: 0}
$data merge entity $(bone61) {transformation: [-0.837f,0.5093f,0.2f,-0.3501f,0.5289f,0.6596f,0.5341f,1.5992f,0.1401f,0.5528f,-0.8214f,0.9865f,0f,0f,0f,1f],start_interpolation: 0,interpolation_duration: 0}
$data merge entity $(bone23) {transformation: [-0.7934f,-0.6088f,0f,0.1071f,-0.0949f,0.1237f,0.9878f,1.5225f,-0.6013f,0.7836f,-0.1559f,1.0117f,0f,0f,0f,1f],start_interpolation: 0,interpolation_duration: 0}
$data merge entity $(bone22) {transformation: [-0.7934f,0.6088f,0f,-0.1071f,0.0949f,0.1237f,0.9878f,1.5225f,0.6013f,0.7836f,-0.1559f,1.0117f,0f,0f,0f,1f],start_interpolation: 0,interpolation_duration: 0}
$data merge entity $(bone89) {transformation: [-1f,0.0072f,0.0007f,0.002f,0.0056f,0.7195f,0.6944f,2.2342f,0.0045f,0.6944f,-0.7196f,1.4499f,0f,0f,0f,1f],start_interpolation: 0,interpolation_duration: 0}
$data merge entity $(bone90) {transformation: [-1f,0.0069f,0.0019f,0.0013f,0.0056f,0.588f,0.8088f,2.1685f,0.0045f,0.8088f,-0.588f,1.3745f,0f,0f,0f,1f],start_interpolation: 0,interpolation_duration: 0}
$data merge entity $(bone88) {transformation: [-1f,0.0071f,0.0013f,0.0312f,0.0056f,0.6563f,0.7545f,2.0232f,0.0045f,0.7545f,-0.6563f,1.2646f,0f,0f,0f,1f],start_interpolation: 0,interpolation_duration: 0}
$data merge entity $(bone42) {transformation: [-1f,0f,0f,0f,0f,0.7689f,0.6393f,1.746f,0f,0.6393f,-0.7689f,1.6822f,0f,0f,0f,1f],start_interpolation: 0,interpolation_duration: 0}
$data merge entity $(bone87) {transformation: [-0.9998f,0.0157f,-0.0096f,-0.0044f,0.0038f,0.6829f,0.7305f,1.3197f,0.018f,0.7304f,-0.6828f,2.257f,0f,0f,0f,1f],start_interpolation: 0,interpolation_duration: 0}
$data merge entity $(bone86) {transformation: [-1f,0f,0f,0f,0f,0.7604f,0.6495f,1.4641f,0f,0.6495f,-0.7604f,2.0803f,0f,0f,0f,1f],start_interpolation: 0,interpolation_duration: 0}
$data merge entity $(bone92) {transformation: [-0.8818f,0.2593f,-0.3939f,0.1194f,-0.0443f,0.7861f,0.6165f,1.8206f,0.4695f,0.5611f,-0.6817f,1.7187f,0f,0f,0f,1f],start_interpolation: 0,interpolation_duration: 0}
$data merge entity $(bone3) {transformation: [-0.8818f,-0.2593f,0.3939f,-0.1194f,0.0443f,0.7861f,0.6165f,1.8206f,-0.4695f,0.5611f,-0.6817f,1.7187f,0f,0f,0f,1f],start_interpolation: 0,interpolation_duration: 0}
$data merge entity $(head) {transformation: [-1f,0f,0f,0f,0f,0.7933f,0.6088f,1.7331f,0f,0.6088f,-0.7933f,1.4989f,0f,0f,0f,1f],start_interpolation: 0,interpolation_duration: 0}
$data merge entity $(neck) {transformation: [-1f,0f,0f,0f,0f,0.6087f,0.7934f,1.6303f,0f,0.7934f,-0.6087f,1.365f,0f,0f,0f,1f],start_interpolation: 0,interpolation_duration: 0}
$data merge entity $(bone2) {transformation: [-1f,0f,0f,0f,0f,0.1559f,0.9878f,1.5602f,0f,0.9878f,-0.1559f,1.0548f,0f,0f,0f,1f],start_interpolation: 0,interpolation_duration: 0}
$data merge entity $(bone136) {transformation: [-1f,0f,0f,0f,0f,0.2074f,1.0456f,1.537f,0f,0.9782f,-0.2217f,0.8595f,0f,0f,0f,1f],start_interpolation: 0,interpolation_duration: 0}
$data merge entity $(bone118) {transformation: [-0.0912f,-0.849f,-0.5205f,0.2587f,0.9919f,-0.124f,0.0286f,1.6978f,-0.0888f,-0.5136f,0.8534f,0.766f,0f,0f,0f,1f],start_interpolation: 0,interpolation_duration: 0}
$data merge entity $(bone119) {transformation: [-0.1539f,-0.849f,-0.5055f,0.7331f,0.988f,-0.124f,-0.0925f,1.7482f,0.0158f,-0.5136f,0.8579f,-0.042f,0f,0f,0f,1f],start_interpolation: 0,interpolation_duration: 0}
$data merge entity $(bone120) {transformation: [-0.4884f,-0.849f,0.2016f,1.6312f,-0.1868f,-0.124f,-0.9745f,1.031f,0.8524f,-0.5136f,-0.098f,0.6102f,0f,0f,0f,1f],start_interpolation: 0,interpolation_duration: 0}
$data merge entity $(bone121) {transformation: [0f,0f,0f,0.9811f,0f,0f,0f,1.8638f,0f,0f,0f,-0.4682f,0f,0f,0f,1f],start_interpolation: 0,interpolation_duration: 0}
$data merge entity $(bone123) {transformation: [0.0036f,-1.732f,-1.0625f,0.922f,1.9878f,-0.2173f,0.361f,1.2838f,-0.4213f,-1.04f,1.694f,2.3963f,0f,0f,0f,1f],start_interpolation: 0,interpolation_duration: 0}
$data merge entity $(bone124) {transformation: [-0.1336f,-0.8524f,-0.5055f,0.7157f,0.9909f,-0.107f,-0.0816f,2.7114f,0.0155f,-0.5118f,0.8589f,-0.2542f,0f,0f,0f,1f],start_interpolation: 0,interpolation_duration: 0}
$data merge entity $(bone122) {transformation: [-0.4005f,-1.3134f,-0.6991f,0.5421f,1.4422f,-0.1648f,-0.5166f,2.6914f,0.3656f,-0.7886f,1.2722f,0.0376f,0f,0f,0f,1f],start_interpolation: 0,interpolation_duration: 0}
$data merge entity $(bone126) {transformation: [0.259f,-0.8524f,-0.4542f,1.1367f,0.764f,-0.107f,0.6363f,2.0026f,-0.591f,-0.5118f,0.6235f,-0.806f,0f,0f,0f,1f],start_interpolation: 0,interpolation_duration: 0}
$data merge entity $(bone127) {transformation: [0.1326f,-0.8524f,-0.5058f,0.7891f,0.9026f,-0.107f,0.4169f,2.3935f,-0.4095f,-0.5118f,0.7552f,-0.31f,0f,0f,0f,1f],start_interpolation: 0,interpolation_duration: 0}
$data merge entity $(bone125) {transformation: [-0.0039f,-1.195f,-0.733f,0.6209f,1.3735f,-0.1499f,0.2371f,2.5495f,-0.2805f,-0.7175f,1.1712f,-0.055f,0f,0f,0f,1f],start_interpolation: 0,interpolation_duration: 0}
$data merge entity $(bone129) {transformation: [1.0248f,-1.5896f,-0.2424f,0.4395f,0.112f,-0.1995f,1.9993f,3.8092f,-1.7302f,-0.9545f,-0.0141f,2.6721f,0f,0f,0f,1f],start_interpolation: 0,interpolation_duration: 0}
$data merge entity $(bone130) {transformation: [0.5261f,-0.8524f,-0.2052f,0.8552f,0.2087f,-0.107f,1.0533f,1.5588f,-0.9198f,-0.5118f,0.1216f,-0.2456f,0f,0f,0f,1f],start_interpolation: 0,interpolation_duration: 0}
$data merge entity $(bone131) {transformation: [0.4431f,-0.8524f,-0.3501f,0.7005f,0.5075f,-0.107f,0.9463f,2.135f,-0.8441f,-0.5118f,0.3852f,-0.1084f,0f,0f,0f,1f],start_interpolation: 0,interpolation_duration: 0}
$data merge entity $(bone128) {transformation: [0.3557f,-0.8986f,-0.4774f,0.5881f,0.7751f,-0.1128f,0.8251f,2.4357f,-0.7544f,-0.5396f,0.6226f,0.0053f,0f,0f,0f,1f],start_interpolation: 0,interpolation_duration: 0}
$data merge entity $(bone132) {transformation: [-0.2317f,-0.8524f,-0.4687f,0.4639f,0.9547f,-0.107f,-0.2775f,2.5672f,0.1864f,-0.5118f,0.8386f,0.2076f,0f,0f,0f,1f],start_interpolation: 0,interpolation_duration: 0}
$data merge entity $(bone133) {transformation: [-0.4052f,-1.4471f,-0.6923f,0.5282f,1.6695f,-0.1816f,-0.4099f,2.5869f,0.326f,-0.8689f,1.2386f,0.1081f,0f,0f,0f,1f],start_interpolation: 0,interpolation_duration: 0}
$data merge entity $(w5) {transformation: [-0.2317f,-0.8524f,-0.4687f,0.5378f,0.9547f,-0.107f,-0.2775f,2.5202f,0.1864f,-0.5118f,0.8386f,0.1192f,0f,0f,0f,1f],start_interpolation: 0,interpolation_duration: 0}
$data merge entity $(w2) {transformation: [-0.5157f,-0.849f,-0.115f,0.7065f,0.406f,-0.124f,-0.9054f,1.7635f,0.7545f,-0.5136f,0.4086f,-0.025f,0f,0f,0f,1f],start_interpolation: 0,interpolation_duration: 0}
$data merge entity $(wing3) {transformation: [-0.0912f,-0.849f,-0.5205f,0.2175f,0.9919f,-0.124f,0.0286f,1.8007f,-0.0888f,-0.5136f,0.8534f,0.7743f,0f,0f,0f,1f],start_interpolation: 0,interpolation_duration: 0}
$data merge entity $(bone104) {transformation: [-0.0912f,0.849f,0.5205f,-0.2587f,-0.9919f,-0.124f,0.0286f,1.6978f,0.0888f,-0.5136f,0.8534f,0.766f,0f,0f,0f,1f],start_interpolation: 0,interpolation_duration: 0}
$data merge entity $(bone105) {transformation: [-0.1539f,0.849f,0.5055f,-0.7331f,-0.988f,-0.124f,-0.0925f,1.7482f,-0.0158f,-0.5136f,0.8579f,-0.042f,0f,0f,0f,1f],start_interpolation: 0,interpolation_duration: 0}
$data merge entity $(bone106) {transformation: [-0.4884f,0.849f,-0.2016f,-1.6312f,0.1868f,-0.124f,-0.9745f,1.031f,-0.8524f,-0.5136f,-0.098f,0.6102f,0f,0f,0f,1f],start_interpolation: 0,interpolation_duration: 0}
$data merge entity $(bone107) {transformation: [0f,0f,0f,-0.9811f,0f,0f,0f,1.8638f,0f,0f,0f,-0.4682f,0f,0f,0f,1f],start_interpolation: 0,interpolation_duration: 0}
$data merge entity $(bone109) {transformation: [0.0217f,1.732f,0.9988f,-0.953f,-1.8225f,-0.2173f,0.3049f,1.3937f,0.417f,-1.04f,1.5997f,2.3218f,0f,0f,0f,1f],start_interpolation: 0,interpolation_duration: 0}
$data merge entity $(bone110) {transformation: [-0.1169f,0.8524f,0.4776f,-0.7061f,-0.9052f,-0.107f,-0.0872f,2.714f,-0.0055f,-0.5118f,0.8135f,-0.2386f,0f,0f,0f,1f],start_interpolation: 0,interpolation_duration: 0}
$data merge entity $(bone108) {transformation: [-0.3644f,1.3134f,0.6641f,-0.5421f,-1.3124f,-0.1648f,-0.4908f,2.6914f,-0.3327f,-0.7886f,1.2086f,0.0376f,0f,0f,0f,1f],start_interpolation: 0,interpolation_duration: 0}
$data merge entity $(bone112) {transformation: [0.259f,0.8524f,0.4542f,-1.1367f,-0.764f,-0.107f,0.6363f,2.0026f,0.591f,-0.5118f,0.6235f,-0.806f,0f,0f,0f,1f],start_interpolation: 0,interpolation_duration: 0}
$data merge entity $(bone113) {transformation: [0.1326f,0.8524f,0.5058f,-0.7891f,-0.9026f,-0.107f,0.4169f,2.3935f,0.4095f,-0.5118f,0.7552f,-0.31f,0f,0f,0f,1f],start_interpolation: 0,interpolation_duration: 0}
$data merge entity $(bone111) {transformation: [-0.0039f,1.195f,0.733f,-0.6209f,-1.3735f,-0.1499f,0.2371f,2.5495f,0.2805f,-0.7175f,1.1712f,-0.055f,0f,0f,0f,1f],start_interpolation: 0,interpolation_duration: 0}
$data merge entity $(bone115) {transformation: [1.0248f,1.5896f,0.2424f,-0.4395f,-0.112f,-0.1995f,1.9993f,3.8092f,1.7302f,-0.9545f,-0.0141f,2.6721f,0f,0f,0f,1f],start_interpolation: 0,interpolation_duration: 0}
$data merge entity $(bone116) {transformation: [0.5261f,0.8524f,0.2052f,-0.8552f,-0.2087f,-0.107f,1.0533f,1.5588f,0.9198f,-0.5118f,0.1216f,-0.2456f,0f,0f,0f,1f],start_interpolation: 0,interpolation_duration: 0}
$data merge entity $(bone117) {transformation: [0.4431f,0.8524f,0.3501f,-0.7005f,-0.5075f,-0.107f,0.9463f,2.135f,0.8441f,-0.5118f,0.3852f,-0.1084f,0f,0f,0f,1f],start_interpolation: 0,interpolation_duration: 0}
$data merge entity $(bone114) {transformation: [0.3557f,0.8986f,0.4774f,-0.5881f,-0.7751f,-0.1128f,0.8251f,2.4357f,0.7544f,-0.5396f,0.6226f,0.0053f,0f,0f,0f,1f],start_interpolation: 0,interpolation_duration: 0}
$data merge entity $(bone134) {transformation: [-0.2317f,0.8524f,0.4687f,-0.4639f,-0.9547f,-0.107f,-0.2775f,2.5672f,-0.1864f,-0.5118f,0.8386f,0.2076f,0f,0f,0f,1f],start_interpolation: 0,interpolation_duration: 0}
$data merge entity $(bone135) {transformation: [-0.4052f,1.4471f,0.6923f,-0.5282f,-1.6695f,-0.1816f,-0.4099f,2.5869f,-0.326f,-0.8689f,1.2386f,0.1081f,0f,0f,0f,1f],start_interpolation: 0,interpolation_duration: 0}
$data merge entity $(w4) {transformation: [-0.2317f,0.8524f,0.4687f,-0.5378f,-0.9547f,-0.107f,-0.2775f,2.5202f,-0.1864f,-0.5118f,0.8386f,0.1192f,0f,0f,0f,1f],start_interpolation: 0,interpolation_duration: 0}
$data merge entity $(w3) {transformation: [-0.5157f,0.849f,0.115f,-0.7065f,-0.406f,-0.124f,-0.9054f,1.7635f,-0.7545f,-0.5136f,0.4086f,-0.025f,0f,0f,0f,1f],start_interpolation: 0,interpolation_duration: 0}
$data merge entity $(wing2) {transformation: [-0.0912f,0.849f,0.5205f,-0.2175f,-0.9919f,-0.124f,0.0286f,1.8007f,0.0888f,-0.5136f,0.8534f,0.7743f,0f,0f,0f,1f],start_interpolation: 0,interpolation_duration: 0}
$data merge entity $(bone20) {transformation: [-1f,0f,0f,-0.1563f,0f,-0.1483f,0.9889f,1.5423f,0f,0.9889f,0.1483f,0.3246f,0f,0f,0f,1f],start_interpolation: 0,interpolation_duration: 0}
$data merge entity $(bone101) {transformation: [-1f,0f,0f,0f,0f,-0.346f,0.9383f,1.2063f,0f,0.9383f,0.346f,-2.6728f,0f,0f,0f,1f],start_interpolation: 0,interpolation_duration: 0}
$data merge entity $(bone100) {transformation: [-1f,0f,0f,0f,0f,0.22f,0.9755f,0.7656f,0f,0.9755f,-0.22f,-2.5671f,0f,0f,0f,1f],start_interpolation: 0,interpolation_duration: 0}
$data merge entity $(bone99) {transformation: [-1f,0f,0f,0f,0f,0.4417f,0.8972f,0.3114f,0f,0.8972f,-0.4417f,-2.3435f,0f,0f,0f,1f],start_interpolation: 0,interpolation_duration: 0}
$data merge entity $(bone98) {transformation: [-1f,0f,0f,0f,0f,0.8532f,0.5216f,0.0539f,0f,0.5216f,-0.8532f,-1.9222f,0f,0f,0f,1f],start_interpolation: 0,interpolation_duration: 0}
$data merge entity $(bone97) {transformation: [-1f,0f,0f,0f,0f,0.9889f,-0.1488f,0.1302f,0f,-0.1488f,-0.9889f,-1.4154f,0f,0f,0f,1f],start_interpolation: 0,interpolation_duration: 0}
$data merge entity $(bone96) {transformation: [-1f,0f,0f,0f,0f,0.8566f,-0.5159f,0.3881f,0f,-0.5159f,-0.8566f,-0.9871f,0f,0f,0f,1f],start_interpolation: 0,interpolation_duration: 0}
$data merge entity $(bone95) {transformation: [-1f,0f,0f,0f,0f,0.6618f,-0.7496f,0.7583f,0f,-0.7496f,-0.6618f,-0.6603f,0f,0f,0f,1f],start_interpolation: 0,interpolation_duration: 0}
$data merge entity $(bone94) {transformation: [-1f,0f,0f,0f,0f,0.594f,-0.8045f,1.1555f,0f,-0.8045f,-0.594f,-0.367f,0f,0f,0f,1f],start_interpolation: 0,interpolation_duration: 0}
$data merge entity $(bone93) {transformation: [-1f,0f,0f,0f,0f,0.7247f,-0.6891f,1.4161f,0f,-0.6891f,-0.7247f,-0.093f,0f,0f,0f,1f],start_interpolation: 0,interpolation_duration: 0}
$data merge entity $(bone) {transformation: [-1f,0f,0f,0f,0f,0.5373f,0.8434f,1.3238f,0f,0.8434f,-0.5373f,-0.0343f,0f,0f,0f,1f],start_interpolation: 0,interpolation_duration: 0}
$data merge entity $(bone24) {transformation: [-0.9666f,-0.2564f,-0.0062f,0.1031f,-0.2561f,0.9638f,0.0743f,1.2651f,-0.0131f,0.0734f,-0.9972f,-0.0354f,0f,0f,0f,1f],start_interpolation: 0,interpolation_duration: 0}
$data merge entity $(bone32) {transformation: [-0.9974f,-0.049f,-0.0528f,0.2273f,-0.0684f,0.4157f,0.9069f,0.611f,-0.0225f,0.9082f,-0.418f,-0.3286f,0f,0f,0f,1f],start_interpolation: 0,interpolation_duration: 0}
$data merge entity $(bone36) {transformation: [-0.9989f,-0.0284f,-0.0384f,0.3374f,-0.0276f,0.9994f,-0.0227f,0.282f,0.0391f,-0.0216f,-0.999f,-1.0284f,0f,0f,0f,1f],start_interpolation: 0,interpolation_duration: 0}
$data merge entity $(bone35) {transformation: [-0.9989f,-0.0054f,-0.0475f,0.298f,-0.0276f,0.8768f,0.48f,0.4095f,0.0391f,0.4808f,-0.876f,-0.9519f,0f,0f,0f,1f],start_interpolation: 0,interpolation_duration: 0}
$data merge entity $(bone34) {transformation: [-0.9989f,0.0008f,-0.0478f,0.2993f,-0.0276f,0.8067f,0.5904f,0.4882f,0.0391f,0.591f,-0.8057f,-0.8969f,0f,0f,0f,1f],start_interpolation: 0,interpolation_duration: 0}
$data merge entity $(bone77) {transformation: [-0.9314f,0.3634f,-0.0213f,0.1057f,-0.0019f,-0.0635f,-0.998f,0.0695f,-0.364f,-0.9295f,0.0598f,-0.3584f,0f,0f,0f,1f],start_interpolation: 0,interpolation_duration: 0}
$data merge entity $(bone75) {transformation: [-0.9314f,0.3634f,-0.0213f,0.1697f,-0.0019f,-0.0635f,-0.998f,0.0597f,-0.364f,-0.9295f,0.0598f,-0.533f,0f,0f,0f,1f],start_interpolation: 0,interpolation_duration: 0}
$data merge entity $(bone39) {transformation: [-0.9314f,0.3634f,-0.0213f,0.2329f,-0.0019f,-0.0635f,-0.998f,0.0468f,-0.364f,-0.9295f,0.0598f,-0.6911f,0f,0f,0f,1f],start_interpolation: 0,interpolation_duration: 0}
$data merge entity $(bone76) {transformation: [-0.9626f,-0.2706f,-0.0097f,0.4976f,0.0153f,-0.0188f,-0.9997f,0.052f,0.2704f,-0.9625f,0.0222f,-0.3324f,0f,0f,0f,1f],start_interpolation: 0,interpolation_duration: 0}
$data merge entity $(bone74) {transformation: [-0.9626f,-0.2706f,-0.0097f,0.4829f,0.0153f,-0.0188f,-0.9997f,0.0569f,0.2704f,-0.9625f,0.0222f,-0.5288f,0f,0f,0f,1f],start_interpolation: 0,interpolation_duration: 0}
$data merge entity $(bone40) {transformation: [-0.9626f,-0.2706f,-0.0097f,0.4354f,0.0153f,-0.0188f,-0.9997f,0.0517f,0.2704f,-0.9625f,0.0222f,-0.6928f,0f,0f,0f,1f],start_interpolation: 0,interpolation_duration: 0}
$data merge entity $(bone79) {transformation: [-0.9994f,0.035f,0.0058f,0.3112f,-0.0065f,-0.0197f,-0.9998f,0.0589f,-0.0349f,-0.9992f,0.0199f,-0.2932f,0f,0f,0f,1f],start_interpolation: 0,interpolation_duration: 0}
$data merge entity $(bone78) {transformation: [-0.9994f,0.035f,0.0058f,0.3222f,-0.0065f,-0.0197f,-0.9998f,0.057f,-0.0349f,-0.9992f,0.0199f,-0.4937f,0f,0f,0f,1f],start_interpolation: 0,interpolation_duration: 0}
$data merge entity $(bone41) {transformation: [-0.9994f,0.035f,0.0058f,0.3278f,-0.0065f,-0.0197f,-0.9998f,0.051f,-0.0349f,-0.9992f,0.0199f,-0.6928f,0f,0f,0f,1f],start_interpolation: 0,interpolation_duration: 0}
$data merge entity $(bone38) {transformation: [-1f,-0.0054f,0.003f,0.3376f,-0.0062f,0.9007f,-0.4343f,0.3076f,-0.0003f,-0.4343f,-0.9008f,-0.7922f,0f,0f,0f,1f],start_interpolation: 0,interpolation_duration: 0}
$data merge entity $(bone33) {transformation: [-0.9991f,-0.036f,-0.0213f,0.3177f,-0.0418f,0.876f,0.4806f,0.5398f,0.0014f,0.481f,-0.8767f,-0.664f,0f,0f,0f,1f],start_interpolation: 0,interpolation_duration: 0}
$data merge entity $(bone31) {transformation: [-0.9974f,-0.0396f,-0.0601f,0.2802f,-0.0684f,0.2604f,0.9631f,0.6368f,-0.0225f,0.9647f,-0.2624f,0.1949f,0f,0f,0f,1f],start_interpolation: 0,interpolation_duration: 0}
$data merge entity $(bone19) {transformation: [-0.9852f,-0.1682f,0.0325f,0.1713f,-0.1711f,0.974f,-0.1486f,1.2727f,-0.0066f,-0.152f,-0.9884f,-0.0343f,0f,0f,0f,1f],start_interpolation: 0,interpolation_duration: 0}
$data merge entity $(bone44) {transformation: [-0.7978f,0.5285f,0.2904f,-0.1115f,0.1741f,0.6629f,-0.7282f,1.2669f,-0.5773f,-0.5303f,-0.6209f,-0.001f,0f,0f,0f,1f],start_interpolation: 0,interpolation_duration: 0}
$data merge entity $(bone46) {transformation: [-0.8895f,-0.2324f,0.3934f,-0.2884f,0.0634f,0.7899f,0.6099f,0.7855f,-0.4525f,0.5675f,-0.6879f,0.119f,0f,0f,0f,1f],start_interpolation: 0,interpolation_duration: 0}
$data merge entity $(bone50) {transformation: [-0.8713f,-0.1288f,0.4736f,-0.0766f,0.0277f,0.9505f,0.3096f,0.3305f,-0.49f,0.2829f,-0.8246f,-0.5352f,0f,0f,0f,1f],start_interpolation: 0,interpolation_duration: 0}
$data merge entity $(bone49) {transformation: [-0.8713f,-0.3484f,0.3457f,-0.096f,0.0277f,0.6683f,0.7433f,0.4259f,-0.49f,0.6572f,-0.5727f,-0.4161f,0f,0f,0f,1f],start_interpolation: 0,interpolation_duration: 0}
$data merge entity $(bone48) {transformation: [-0.8713f,-0.3905f,0.2973f,-0.134f,0.0277f,0.5656f,0.8242f,0.482f,-0.49f,0.7264f,-0.482f,-0.348f,0f,0f,0f,1f],start_interpolation: 0,interpolation_duration: 0}
$data merge entity $(bone54) {transformation: [-0.9808f,0.1953f,-0.0007f,-0.2561f,-0.0093f,-0.05f,-0.9987f,0.0659f,-0.195f,-0.9795f,0.0509f,0.2177f,0f,0f,0f,1f],start_interpolation: 0,interpolation_duration: 0}
$data merge entity $(bone53) {transformation: [-0.9808f,0.1953f,-0.0007f,-0.2158f,-0.0093f,-0.05f,-0.9987f,0.0586f,-0.195f,-0.9795f,0.0509f,0.0361f,0f,0f,0f,1f],start_interpolation: 0,interpolation_duration: 0}
$data merge entity $(bone52) {transformation: [-0.9808f,0.1953f,-0.0007f,-0.1838f,-0.0093f,-0.05f,-0.9987f,0.048f,-0.195f,-0.9795f,0.0509f,-0.1314f,0f,0f,0f,1f],start_interpolation: 0,interpolation_duration: 0}
$data merge entity $(bone57) {transformation: [-0.7282f,0.6853f,0.0008f,-0.5846f,-0.0111f,-0.0107f,-0.9999f,0.0584f,-0.6853f,-0.7281f,0.0154f,0.0652f,0f,0f,0f,1f],start_interpolation: 0,interpolation_duration: 0}
$data merge entity $(bone56) {transformation: [-0.7282f,0.6853f,0.0008f,-0.4806f,-0.0111f,-0.0107f,-0.9999f,0.0651f,-0.6853f,-0.7281f,0.0154f,-0.1021f,0f,0f,0f,1f],start_interpolation: 0,interpolation_duration: 0}
$data merge entity $(bone55) {transformation: [-0.7282f,0.6853f,0.0008f,-0.3626f,-0.0111f,-0.0107f,-0.9999f,0.0612f,-0.6853f,-0.7281f,0.0154f,-0.2255f,0f,0f,0f,1f],start_interpolation: 0,interpolation_duration: 0}
$data merge entity $(bone60) {transformation: [-0.8809f,0.4721f,-0.0344f,-0.4537f,0.0161f,-0.0427f,-0.999f,0.0733f,-0.4731f,-0.8805f,0.03f,0.1773f,0f,0f,0f,1f],start_interpolation: 0,interpolation_duration: 0}
$data merge entity $(bone59) {transformation: [-0.8809f,0.4721f,-0.0344f,-0.3623f,0.0161f,-0.0427f,-0.999f,0.0667f,-0.4731f,-0.8805f,0.03f,-0.0014f,0f,0f,0f,1f],start_interpolation: 0,interpolation_duration: 0}
$data merge entity $(bone58) {transformation: [-0.8809f,0.4721f,-0.0344f,-0.2672f,0.0161f,-0.0427f,-0.999f,0.0561f,-0.4731f,-0.8805f,0.03f,-0.1762f,0f,0f,0f,1f],start_interpolation: 0,interpolation_duration: 0}
$data merge entity $(bone51) {transformation: [-0.8874f,0.2137f,0.4085f,-0.2275f,0.0472f,0.9235f,-0.3808f,0.3183f,-0.4586f,-0.3186f,-0.8296f,-0.2506f,0f,0f,0f,1f],start_interpolation: 0,interpolation_duration: 0}
$data merge entity $(bone47) {transformation: [-0.8874f,-0.1223f,0.4445f,-0.251f,0.0472f,0.9351f,0.3513f,0.5662f,-0.4586f,0.3327f,-0.824f,-0.1571f,0f,0f,0f,1f],start_interpolation: 0,interpolation_duration: 0}
$data merge entity $(bone45) {transformation: [-0.8895f,-0.2941f,0.3496f,-0.5378f,0.0634f,0.6784f,0.7319f,1.0509f,-0.4525f,0.6732f,-0.5848f,0.4998f,0f,0f,0f,1f],start_interpolation: 0,interpolation_duration: 0}
$data merge entity $(bone43) {transformation: [-0.8408f,0.5105f,0.1801f,-0.1713f,0.1157f,0.4945f,-0.8615f,1.2727f,-0.5289f,-0.7035f,-0.4748f,-0.0343f,0f,0f,0f,1f],start_interpolation: 0,interpolation_duration: 0}