# This file was generated by Animated Java via MC-Build. It is not recommended to edit this file directly.
$data merge entity $(bone5) {transformation: [-0.9947f,-0.1023f,0.0064f,0.3851f,-0.0941f,0.9364f,0.338f,1.4895f,-0.0406f,0.3356f,-0.9411f,0.9761f,0f,0f,0f,1f],start_interpolation: 0,interpolation_duration: 0}
$data merge entity $(bone6) {transformation: [0.0213f,-0.2643f,-0.9642f,0.4945f,-0.4311f,0.8677f,-0.2474f,1.2594f,0.9021f,0.4209f,-0.0954f,0.9028f,0f,0f,0f,1f],start_interpolation: 0,interpolation_duration: 0}
$data merge entity $(bone8) {transformation: [-0.2638f,-0.058f,0.9628f,0.6365f,-0.0763f,0.9963f,0.0391f,0.5708f,-0.9616f,-0.0632f,-0.2672f,0.7566f,0f,0f,0f,1f],start_interpolation: 0,interpolation_duration: 0}
$data merge entity $(bone9) {transformation: [-0.2638f,-0.058f,0.9628f,0.7981f,-0.0763f,0.9963f,0.0391f,0.7435f,-0.9616f,-0.0632f,-0.2672f,0.6909f,0f,0f,0f,1f],start_interpolation: 0,interpolation_duration: 0}
$data merge entity $(bone10) {transformation: [-0.2341f,-0.1346f,0.9628f,0.6183f,-0.3724f,0.9272f,0.0391f,0.5618f,-0.898f,-0.3494f,-0.2672f,0.7329f,0f,0f,0f,1f],start_interpolation: 0,interpolation_duration: 0}
$data merge entity $(bone12) {transformation: [-0.1776f,-0.5221f,0.8342f,0.7612f,-0.8994f,0.4302f,0.0777f,0.0579f,-0.3994f,-0.7365f,-0.546f,0.9441f,0f,0f,0f,1f],start_interpolation: 0,interpolation_duration: 0}
$data merge entity $(bone15) {transformation: [0.9846f,-0.1044f,0.1404f,0.37f,-0.1597f,-0.2084f,0.9649f,0.0318f,-0.0715f,-0.9725f,-0.2218f,0.9968f,0f,0f,0f,1f],start_interpolation: 0,interpolation_duration: 0}
$data merge entity $(bone14) {transformation: [0.968f,-0.1044f,-0.2281f,0.4945f,0.2029f,-0.2084f,0.9568f,0.059f,-0.1474f,-0.9725f,-0.1805f,0.9763f,0f,0f,0f,1f],start_interpolation: 0,interpolation_duration: 0}
$data merge entity $(bone13) {transformation: [0.8316f,-0.1044f,-0.5454f,0.6028f,0.5179f,-0.2084f,0.8297f,0.124f,-0.2003f,-0.9725f,-0.1192f,0.9474f,0f,0f,0f,1f],start_interpolation: 0,interpolation_duration: 0}
$data merge entity $(bone18) {transformation: [-0.0519f,-0.997f,-0.0583f,0.7383f,0.9779f,-0.0389f,-0.2052f,-0.2146f,0.2024f,-0.0676f,0.977f,1.2961f,0f,0f,0f,1f],start_interpolation: 0,interpolation_duration: 0}
$data merge entity $(bone17) {transformation: [-0.0023f,-0.997f,-0.078f,0.7379f,0.8811f,-0.0389f,0.4714f,-0.041f,-0.473f,-0.0676f,0.8785f,1.2029f,0f,0f,0f,1f],start_interpolation: 0,interpolation_duration: 0}
$data merge entity $(bone16) {transformation: [0.0304f,-0.997f,-0.0719f,0.7381f,0.6049f,-0.0389f,0.7954f,0.0462f,-0.7957f,-0.0676f,0.6019f,1.0849f,0f,0f,0f,1f],start_interpolation: 0,interpolation_duration: 0}
$data merge entity $(bone27) {transformation: [-0.8478f,-0.524f,-0.0813f,1.1817f,-0.054f,-0.0672f,0.9963f,0.0375f,-0.5275f,0.8491f,0.0287f,1.1376f,0f,0f,0f,1f],start_interpolation: 0,interpolation_duration: 0}
$data merge entity $(bone26) {transformation: [-0.8357f,-0.5445f,-0.0711f,1.0487f,-0.0503f,-0.053f,0.9973f,0.0306f,-0.5468f,0.8371f,0.0169f,1.0584f,0f,0f,0f,1f],start_interpolation: 0,interpolation_duration: 0}
$data merge entity $(bone25) {transformation: [-0.8257f,-0.5445f,0.1477f,0.8967f,0.2096f,-0.053f,0.9764f,0.0666f,-0.5238f,0.8371f,0.1579f,0.9669f,0f,0f,0f,1f],start_interpolation: 0,interpolation_duration: 0}
$data merge entity $(bone30) {transformation: [-0.0492f,-0.8732f,0.4849f,0.9711f,0.9987f,-0.0497f,0.0117f,-0.2124f,0.0138f,0.4848f,0.8745f,1.2719f,0f,0f,0f,1f],start_interpolation: 0,interpolation_duration: 0}
$data merge entity $(bone29) {transformation: [-0.2884f,-0.8732f,0.3928f,0.918f,0.8545f,-0.0497f,0.517f,-0.0438f,-0.4319f,0.4848f,0.7605f,1.1848f,0f,0f,0f,1f],start_interpolation: 0,interpolation_duration: 0}
$data merge entity $(bone28) {transformation: [-0.4459f,-0.8732f,0.1968f,0.8236f,0.4831f,-0.0497f,0.8742f,0.0523f,-0.7535f,0.4848f,0.444f,1.0336f,0f,0f,0f,1f],start_interpolation: 0,interpolation_duration: 0}
$data merge entity $(bone7) {transformation: [0.9628f,-0.0694f,0.261f,0.6017f,0.0391f,0.992f,0.1197f,0.9066f,-0.2672f,-0.1051f,0.9579f,0.7172f,0f,0f,0f,1f],start_interpolation: 0,interpolation_duration: 0}
$data merge entity $(bone4) {transformation: [-0.9642f,-0.2651f,0.0064f,0.3501f,-0.2474f,0.908f,0.338f,1.5954f,-0.0954f,0.3243f,-0.9411f,0.9864f,0f,0f,0f,1f],start_interpolation: 0,interpolation_duration: 0}
$data merge entity $(bone62) {transformation: [-0.9097f,0.3629f,0.2018f,-0.4161f,0.4127f,0.7365f,0.5359f,1.5133f,0.0459f,0.5708f,-0.8198f,0.9481f,0f,0f,0f,1f],start_interpolation: 0,interpolation_duration: 0}
$data merge entity $(bone63) {transformation: [0.2538f,0.4842f,0.8373f,-0.5855f,0.6018f,0.5987f,-0.5286f,1.3587f,-0.7572f,0.6381f,-0.1395f,0.8152f,0f,0f,0f,1f],start_interpolation: 0,interpolation_duration: 0}
$data merge entity $(bone65) {transformation: [-0.0479f,0.1516f,-0.9873f,-0.8428f,0.1832f,0.973f,0.1405f,0.7941f,0.9819f,-0.1741f,-0.0743f,0.6211f,0f,0f,0f,1f],start_interpolation: 0,interpolation_duration: 0}
$data merge entity $(bone66) {transformation: [-0.0479f,0.1516f,-0.9873f,-0.9948f,0.1832f,0.973f,0.1405f,0.9804f,0.9819f,-0.1741f,-0.0743f,0.5716f,0f,0f,0f,1f],start_interpolation: 0,interpolation_duration: 0}
$data merge entity $(bone67) {transformation: [-0.0001f,0.159f,-0.9873f,-0.831f,0.4673f,0.8729f,0.1405f,0.7811f,0.8841f,-0.4613f,-0.0743f,0.5954f,0f,0f,0f,1f],start_interpolation: 0,interpolation_duration: 0}
$data merge entity $(bone69) {transformation: [-0.2652f,0.098f,-0.9592f,-0.9176f,0.3639f,0.9314f,-0.0055f,0.2172f,0.8929f,-0.3506f,-0.2826f,0.771f,0f,0f,0f,1f],start_interpolation: 0,interpolation_duration: 0}
$data merge entity $(bone72) {transformation: [0.9253f,0.269f,0.2675f,-0.6343f,-0.3299f,0.2223f,0.9175f,0.1303f,0.1873f,-0.9371f,0.2945f,0.8009f,0f,0f,0f,1f],start_interpolation: 0,interpolation_duration: 0}
$data merge entity $(bone71) {transformation: [0.7406f,0.269f,0.6158f,-0.7288f,-0.6698f,0.2223f,0.7085f,0.218f,0.0537f,-0.9371f,0.3448f,0.7933f,0f,0f,0f,1f],start_interpolation: 0,interpolation_duration: 0}
$data merge entity $(bone70) {transformation: [0.4853f,0.269f,0.8319f,-0.7922f,-0.8717f,0.2223f,0.4366f,0.3309f,-0.0675f,-0.9371f,0.3424f,0.7984f,0f,0f,0f,1f],start_interpolation: 0,interpolation_duration: 0}
$data merge entity $(bone81) {transformation: [0.1359f,0.9883f,0.0693f,-0.8056f,-0.6596f,0.0381f,0.7506f,-0.0861f,0.7392f,-0.1477f,0.6571f,1.104f,0f,0f,0f,1f],start_interpolation: 0,interpolation_duration: 0}
$data merge entity $(bone80) {transformation: [0.1106f,0.9883f,0.105f,-0.8274f,-0.8456f,0.0381f,0.5324f,0.0805f,0.5222f,-0.1477f,0.8399f,1.0012f,0f,0f,0f,1f],start_interpolation: 0,interpolation_duration: 0}
$data merge entity $(bone73) {transformation: [0.1495f,0.9883f,0.0302f,-0.8451f,-0.4334f,0.0381f,0.9004f,0.1427f,0.8887f,-0.1477f,0.434f,0.8694f,0f,0f,0f,1f],start_interpolation: 0,interpolation_duration: 0}
$data merge entity $(bone84) {transformation: [-0.7089f,0.6972f,0.1063f,-1.2596f,0.1194f,-0.0299f,0.9924f,0.0324f,0.6951f,0.7162f,-0.0621f,1.022f,0f,0f,0f,1f],start_interpolation: 0,interpolation_duration: 0}
$data merge entity $(bone83) {transformation: [-0.6822f,0.7147f,-0.1545f,-1.1495f,-0.23f,-0.0092f,0.9731f,0.0691f,0.694f,0.6994f,0.1707f,0.9193f,0f,0f,0f,1f],start_interpolation: 0,interpolation_duration: 0}
$data merge entity $(bone82) {transformation: [-0.619f,0.7147f,-0.3258f,-1.0339f,-0.4741f,-0.0092f,0.8804f,0.1534f,0.6262f,0.6994f,0.3445f,0.8084f,0f,0f,0f,1f],start_interpolation: 0,interpolation_duration: 0}
$data merge entity $(bone103) {transformation: [-0.2655f,0.9509f,-0.159f,-1.0392f,-0.4887f,0.0095f,0.8724f,-0.0855f,0.8311f,0.3093f,0.4622f,1.1507f,0f,0f,0f,1f],start_interpolation: 0,interpolation_duration: 0}
$data merge entity $(bone102) {transformation: [-0.2118f,0.9509f,-0.2256f,-1.0016f,-0.7088f,0.0095f,0.7053f,0.0541f,0.6729f,0.3093f,0.672f,1.0168f,0f,0f,0f,1f],start_interpolation: 0,interpolation_duration: 0}
$data merge entity $(bone85) {transformation: [-0.2765f,0.9509f,-0.1391f,-0.9413f,-0.4232f,0.0095f,0.906f,0.1383f,0.8628f,0.3093f,0.3998f,0.8429f,0f,0f,0f,1f],start_interpolation: 0,interpolation_duration: 0}
$data merge entity $(bone64) {transformation: [0.9873f,0.1535f,-0.0412f,-0.7806f,-0.1405f,0.9641f,0.2254f,1.1187f,0.0743f,-0.2168f,0.9734f,0.5418f,0f,0f,0f,1f],start_interpolation: 0,interpolation_duration: 0}
$data merge entity $(bone61) {transformation: [-0.8373f,0.5081f,0.2018f,-0.3501f,0.5286f,0.6583f,0.5359f,1.5954f,0.1395f,0.5554f,-0.8198f,0.9864f,0f,0f,0f,1f],start_interpolation: 0,interpolation_duration: 0}
$data merge entity $(bone23) {transformation: [-0.7934f,-0.6088f,0f,0.1071f,-0.0952f,0.1241f,0.9877f,1.5187f,-0.6013f,0.7836f,-0.1564f,1.0117f,0f,0f,0f,1f],start_interpolation: 0,interpolation_duration: 0}
$data merge entity $(bone22) {transformation: [-0.7934f,0.6088f,0f,-0.1071f,0.0952f,0.1241f,0.9877f,1.5187f,0.6013f,0.7836f,-0.1564f,1.0117f,0f,0f,0f,1f],start_interpolation: 0,interpolation_duration: 0}
$data merge entity $(bone89) {transformation: [-1f,0.0072f,0.0007f,0.002f,0.0057f,0.7253f,0.6884f,2.2312f,0.0044f,0.6884f,-0.7253f,1.4449f,0f,0f,0f,1f],start_interpolation: 0,interpolation_duration: 0}
$data merge entity $(bone90) {transformation: [-1f,0.0069f,0.0019f,0.0013f,0.0057f,0.5947f,0.8039f,2.165f,0.0044f,0.8039f,-0.5948f,1.37f,0f,0f,0f,1f],start_interpolation: 0,interpolation_duration: 0}
$data merge entity $(bone88) {transformation: [-1f,0.0071f,0.0013f,0.0312f,0.0057f,0.6625f,0.749f,2.0187f,0.0044f,0.749f,-0.6626f,1.2613f,0f,0f,0f,1f],start_interpolation: 0,interpolation_duration: 0}
$data merge entity $(bone42) {transformation: [-1f,0f,0f,0f,0f,0.7684f,0.6399f,1.7451f,0f,0.6399f,-0.7684f,1.6811f,0f,0f,0f,1f],start_interpolation: 0,interpolation_duration: 0}
$data merge entity $(bone87) {transformation: [-0.9998f,0.0157f,-0.0096f,-0.0044f,0.0039f,0.6889f,0.7248f,1.3235f,0.018f,0.7246f,-0.6889f,2.2595f,0f,0f,0f,1f],start_interpolation: 0,interpolation_duration: 0}
$data merge entity $(bone86) {transformation: [-1f,0f,0f,0f,0f,0.7658f,0.6431f,1.4665f,0f,0.6431f,-0.7658f,2.0816f,0f,0f,0f,1f],start_interpolation: 0,interpolation_duration: 0}
$data merge entity $(bone92) {transformation: [-0.8818f,0.2593f,-0.3939f,0.1194f,-0.0403f,0.7908f,0.6108f,1.82f,0.4699f,0.5545f,-0.6869f,1.717f,0f,0f,0f,1f],start_interpolation: 0,interpolation_duration: 0}
$data merge entity $(bone3) {transformation: [-0.8818f,-0.2593f,0.3939f,-0.1194f,0.0403f,0.7908f,0.6108f,1.82f,-0.4699f,0.5545f,-0.6869f,1.717f,0f,0f,0f,1f],start_interpolation: 0,interpolation_duration: 0}
$data merge entity $(head) {transformation: [-1f,0f,0f,0f,0f,0.7984f,0.6022f,1.7306f,0f,0.6022f,-0.7984f,1.498f,0f,0f,0f,1f],start_interpolation: 0,interpolation_duration: 0}
$data merge entity $(neck) {transformation: [-1f,0f,0f,0f,0f,0.6153f,0.7883f,1.6267f,0f,0.7883f,-0.6153f,1.365f,0f,0f,0f,1f],start_interpolation: 0,interpolation_duration: 0}
$data merge entity $(bone2) {transformation: [-1f,0f,0f,0f,0f,0.1564f,0.9877f,1.5565f,0f,0.9877f,-0.1564f,1.0548f,0f,0f,0f,1f],start_interpolation: 0,interpolation_duration: 0}
$data merge entity $(bone136) {transformation: [-1f,0f,0f,0f,0f,0.2079f,1.0379f,1.5331f,0f,0.9781f,-0.2206f,0.8595f,0f,0f,0f,1f],start_interpolation: 0,interpolation_duration: 0}
$data merge entity $(bone118) {transformation: [-0.0914f,-0.849f,-0.5204f,0.2588f,0.9918f,-0.1242f,0.0284f,1.6939f,-0.0888f,-0.5136f,0.8534f,0.7659f,0f,0f,0f,1f],start_interpolation: 0,interpolation_duration: 0}
$data merge entity $(bone119) {transformation: [-0.1542f,-0.849f,-0.5054f,0.7331f,0.9879f,-0.1242f,-0.0926f,1.7444f,0.0159f,-0.5136f,0.8579f,-0.0421f,0f,0f,0f,1f],start_interpolation: 0,interpolation_duration: 0}
$data merge entity $(bone120) {transformation: [-0.4883f,-0.849f,0.2019f,1.6314f,-0.1869f,-0.1242f,-0.9745f,1.0274f,0.8524f,-0.5136f,-0.098f,0.61f,0f,0f,0f,1f],start_interpolation: 0,interpolation_duration: 0}
$data merge entity $(bone121) {transformation: [0f,0f,0f,0.981f,0f,0f,0f,1.8601f,0f,0f,0f,-0.4683f,0f,0f,0f,1f],start_interpolation: 0,interpolation_duration: 0}
$data merge entity $(bone123) {transformation: [-0.0014f,-1.732f,-1.0625f,0.9259f,1.9893f,-0.2178f,0.3524f,1.2728f,-0.4142f,-1.0399f,1.6958f,2.3915f,0f,0f,0f,1f],start_interpolation: 0,interpolation_duration: 0}
$data merge entity $(bone124) {transformation: [-0.136f,-0.8524f,-0.5049f,0.7148f,0.9905f,-0.1072f,-0.0859f,2.7094f,0.0191f,-0.5118f,0.8589f,-0.2537f,0f,0f,0f,1f],start_interpolation: 0,interpolation_duration: 0}
$data merge entity $(bone122) {transformation: [-0.4038f,-1.3134f,-0.6972f,0.5414f,1.4399f,-0.1651f,-0.5228f,2.6879f,0.3709f,-0.7885f,1.2707f,0.0381f,0f,0f,0f,1f],start_interpolation: 0,interpolation_duration: 0}
$data merge entity $(bone126) {transformation: [0.2569f,-0.8524f,-0.4554f,1.1372f,0.7667f,-0.1072f,0.633f,2.0035f,-0.5884f,-0.5118f,0.626f,-0.8083f,0f,0f,0f,1f],start_interpolation: 0,interpolation_duration: 0}
$data merge entity $(bone127) {transformation: [0.1302f,-0.8524f,-0.5064f,0.789f,0.9044f,-0.1072f,0.413f,2.3919f,-0.4063f,-0.5118f,0.757f,-0.3107f,0f,0f,0f,1f],start_interpolation: 0,interpolation_duration: 0}
$data merge entity $(bone125) {transformation: [-0.0074f,-1.195f,-0.733f,0.6205f,1.3745f,-0.1502f,0.2311f,2.5465f,-0.2756f,-0.7175f,1.1724f,-0.0551f,0f,0f,0f,1f],start_interpolation: 0,interpolation_duration: 0}
$data merge entity $(bone129) {transformation: [1.0237f,-1.5896f,-0.2472f,0.4375f,0.1207f,-0.1999f,1.9988f,3.7961f,-1.7303f,-0.9544f,-0.0068f,2.6766f,0f,0f,0f,1f],start_interpolation: 0,interpolation_duration: 0}
$data merge entity $(bone130) {transformation: [0.5251f,-0.8524f,-0.2077f,0.8571f,0.2133f,-0.1072f,1.0524f,1.5571f,-0.9193f,-0.5118f,0.1255f,-0.2493f,0f,0f,0f,1f],start_interpolation: 0,interpolation_duration: 0}
$data merge entity $(bone131) {transformation: [0.4415f,-0.8524f,-0.3521f,0.7011f,0.5116f,-0.1072f,0.9441f,2.1324f,-0.8425f,-0.5118f,0.3888f,-0.11f,0f,0f,0f,1f],start_interpolation: 0,interpolation_duration: 0}
$data merge entity $(bone128) {transformation: [0.3535f,-0.8986f,-0.479f,0.588f,0.7786f,-0.113f,0.8218f,2.4324f,-0.7518f,-0.5395f,0.6258f,0.0048f,0f,0f,0f,1f],start_interpolation: 0,interpolation_duration: 0}
$data merge entity $(bone132) {transformation: [-0.2339f,-0.8524f,-0.4676f,0.4636f,0.9535f,-0.1072f,-0.2816f,2.5629f,0.1899f,-0.5118f,0.8379f,0.2077f,0f,0f,0f,1f],start_interpolation: 0,interpolation_duration: 0}
$data merge entity $(bone133) {transformation: [-0.4091f,-1.4471f,-0.6907f,0.5279f,1.6673f,-0.182f,-0.416f,2.5831f,0.3321f,-0.8688f,1.2375f,0.1082f,0f,0f,0f,1f],start_interpolation: 0,interpolation_duration: 0}
$data merge entity $(w5) {transformation: [-0.2339f,-0.8524f,-0.4676f,0.5376f,0.9535f,-0.1072f,-0.2816f,2.5163f,0.1899f,-0.5118f,0.8379f,0.1191f,0f,0f,0f,1f],start_interpolation: 0,interpolation_duration: 0}
$data merge entity $(w2) {transformation: [-0.5158f,-0.849f,-0.1147f,0.7064f,0.4058f,-0.1242f,-0.9055f,1.7598f,0.7545f,-0.5136f,0.4086f,-0.0252f,0f,0f,0f,1f],start_interpolation: 0,interpolation_duration: 0}
$data merge entity $(wing3) {transformation: [-0.0914f,-0.849f,-0.5204f,0.2175f,0.9918f,-0.1242f,0.0284f,1.7968f,-0.0888f,-0.5136f,0.8534f,0.7742f,0f,0f,0f,1f],start_interpolation: 0,interpolation_duration: 0}
$data merge entity $(bone104) {transformation: [-0.0914f,0.849f,0.5204f,-0.2588f,-0.9918f,-0.1242f,0.0284f,1.6939f,0.0888f,-0.5136f,0.8534f,0.7659f,0f,0f,0f,1f],start_interpolation: 0,interpolation_duration: 0}
$data merge entity $(bone105) {transformation: [-0.1542f,0.849f,0.5054f,-0.7331f,-0.9879f,-0.1242f,-0.0926f,1.7444f,-0.0159f,-0.5136f,0.8579f,-0.0421f,0f,0f,0f,1f],start_interpolation: 0,interpolation_duration: 0}
$data merge entity $(bone106) {transformation: [-0.4883f,0.849f,-0.2019f,-1.6314f,0.1869f,-0.1242f,-0.9745f,1.0274f,-0.8524f,-0.5136f,-0.098f,0.61f,0f,0f,0f,1f],start_interpolation: 0,interpolation_duration: 0}
$data merge entity $(bone107) {transformation: [0f,0f,0f,-0.981f,0f,0f,0f,1.8601f,0f,0f,0f,-0.4683f,0f,0f,0f,1f],start_interpolation: 0,interpolation_duration: 0}
$data merge entity $(bone109) {transformation: [0.0171f,1.732f,0.9987f,-0.9566f,-1.824f,-0.2178f,0.2968f,1.383f,0.4105f,-1.0399f,1.6013f,2.3174f,0f,0f,0f,1f],start_interpolation: 0,interpolation_duration: 0}
$data merge entity $(bone110) {transformation: [-0.1191f,0.8524f,0.4769f,-0.7052f,-0.9049f,-0.1072f,-0.0913f,2.7119f,-0.0088f,-0.5118f,0.8135f,-0.2382f,0f,0f,0f,1f],start_interpolation: 0,interpolation_duration: 0}
$data merge entity $(bone108) {transformation: [-0.3674f,1.3134f,0.6623f,-0.5414f,-1.3103f,-0.1651f,-0.4967f,2.6879f,-0.3375f,-0.7885f,1.2071f,0.0381f,0f,0f,0f,1f],start_interpolation: 0,interpolation_duration: 0}
$data merge entity $(bone112) {transformation: [0.2569f,0.8524f,0.4554f,-1.1372f,-0.7667f,-0.1072f,0.633f,2.0035f,0.5884f,-0.5118f,0.626f,-0.8083f,0f,0f,0f,1f],start_interpolation: 0,interpolation_duration: 0}
$data merge entity $(bone113) {transformation: [0.1302f,0.8524f,0.5064f,-0.789f,-0.9044f,-0.1072f,0.413f,2.3919f,0.4063f,-0.5118f,0.757f,-0.3107f,0f,0f,0f,1f],start_interpolation: 0,interpolation_duration: 0}
$data merge entity $(bone111) {transformation: [-0.0074f,1.195f,0.733f,-0.6205f,-1.3745f,-0.1502f,0.2311f,2.5465f,0.2756f,-0.7175f,1.1724f,-0.0551f,0f,0f,0f,1f],start_interpolation: 0,interpolation_duration: 0}
$data merge entity $(bone115) {transformation: [1.0237f,1.5896f,0.2472f,-0.4375f,-0.1207f,-0.1999f,1.9988f,3.7961f,1.7303f,-0.9544f,-0.0068f,2.6766f,0f,0f,0f,1f],start_interpolation: 0,interpolation_duration: 0}
$data merge entity $(bone116) {transformation: [0.5251f,0.8524f,0.2077f,-0.8571f,-0.2133f,-0.1072f,1.0524f,1.5571f,0.9193f,-0.5118f,0.1255f,-0.2493f,0f,0f,0f,1f],start_interpolation: 0,interpolation_duration: 0}
$data merge entity $(bone117) {transformation: [0.4415f,0.8524f,0.3521f,-0.7011f,-0.5116f,-0.1072f,0.9441f,2.1324f,0.8425f,-0.5118f,0.3888f,-0.11f,0f,0f,0f,1f],start_interpolation: 0,interpolation_duration: 0}
$data merge entity $(bone114) {transformation: [0.3535f,0.8986f,0.479f,-0.588f,-0.7786f,-0.113f,0.8218f,2.4324f,0.7518f,-0.5395f,0.6258f,0.0048f,0f,0f,0f,1f],start_interpolation: 0,interpolation_duration: 0}
$data merge entity $(bone134) {transformation: [-0.2339f,0.8524f,0.4676f,-0.4636f,-0.9535f,-0.1072f,-0.2816f,2.5629f,-0.1899f,-0.5118f,0.8379f,0.2077f,0f,0f,0f,1f],start_interpolation: 0,interpolation_duration: 0}
$data merge entity $(bone135) {transformation: [-0.4091f,1.4471f,0.6907f,-0.5279f,-1.6673f,-0.182f,-0.416f,2.5831f,-0.3321f,-0.8688f,1.2375f,0.1082f,0f,0f,0f,1f],start_interpolation: 0,interpolation_duration: 0}
$data merge entity $(w4) {transformation: [-0.2339f,0.8524f,0.4676f,-0.5376f,-0.9535f,-0.1072f,-0.2816f,2.5163f,-0.1899f,-0.5118f,0.8379f,0.1191f,0f,0f,0f,1f],start_interpolation: 0,interpolation_duration: 0}
$data merge entity $(w3) {transformation: [-0.5158f,0.849f,0.1147f,-0.7064f,-0.4058f,-0.1242f,-0.9055f,1.7598f,-0.7545f,-0.5136f,0.4086f,-0.0252f,0f,0f,0f,1f],start_interpolation: 0,interpolation_duration: 0}
$data merge entity $(wing2) {transformation: [-0.0914f,0.849f,0.5204f,-0.2175f,-0.9918f,-0.1242f,0.0284f,1.7968f,0.0888f,-0.5136f,0.8534f,0.7742f,0f,0f,0f,1f],start_interpolation: 0,interpolation_duration: 0}
$data merge entity $(bone20) {transformation: [-1f,0f,0f,-0.1563f,0f,-0.1478f,0.989f,1.5381f,0f,0.989f,0.1478f,0.3246f,0f,0f,0f,1f],start_interpolation: 0,interpolation_duration: 0}
$data merge entity $(bone101) {transformation: [-1f,0f,0f,0f,0f,-0.3367f,0.9416f,1.2096f,0f,0.9416f,0.3367f,-2.6687f,0f,0f,0f,1f],start_interpolation: 0,interpolation_duration: 0}
$data merge entity $(bone100) {transformation: [-1f,0f,0f,0f,0f,0.2143f,0.9768f,0.7684f,0f,0.9768f,-0.2143f,-2.5655f,0f,0f,0f,1f],start_interpolation: 0,interpolation_duration: 0}
$data merge entity $(bone99) {transformation: [-1f,0f,0f,0f,0f,0.4344f,0.9007f,0.3124f,0f,0.9007f,-0.4344f,-2.3456f,0f,0f,0f,1f],start_interpolation: 0,interpolation_duration: 0}
$data merge entity $(bone98) {transformation: [-1f,0f,0f,0f,0f,0.8517f,0.5241f,0.0536f,0f,0.5241f,-0.8517f,-1.9251f,0f,0f,0f,1f],start_interpolation: 0,interpolation_duration: 0}
$data merge entity $(bone97) {transformation: [-1f,0f,0f,0f,0f,0.9892f,-0.1468f,0.1288f,0f,-0.1468f,-0.9892f,-1.4181f,0f,0f,0f,1f],start_interpolation: 0,interpolation_duration: 0}
$data merge entity $(bone96) {transformation: [-1f,0f,0f,0f,0f,0.8577f,-0.5141f,0.3859f,0f,-0.5141f,-0.8577f,-0.9893f,0f,0f,0f,1f],start_interpolation: 0,interpolation_duration: 0}
$data merge entity $(bone95) {transformation: [-1f,0f,0f,0f,0f,0.6634f,-0.7483f,0.7554f,0f,-0.7483f,-0.6634f,-0.6617f,0f,0f,0f,1f],start_interpolation: 0,interpolation_duration: 0}
$data merge entity $(bone94) {transformation: [-1f,0f,0f,0f,0f,0.5957f,-0.8032f,1.1519f,0f,-0.8032f,-0.5957f,-0.3676f,0f,0f,0f,1f],start_interpolation: 0,interpolation_duration: 0}
$data merge entity $(bone93) {transformation: [-1f,0f,0f,0f,0f,0.7261f,-0.6876f,1.4119f,0f,-0.6876f,-0.7261f,-0.093f,0f,0f,0f,1f],start_interpolation: 0,interpolation_duration: 0}
$data merge entity $(bone) {transformation: [-1f,0f,0f,0f,0f,0.5373f,0.8434f,1.3197f,0f,0.8434f,-0.5373f,-0.0343f,0f,0f,0f,1f],start_interpolation: 0,interpolation_duration: 0}
$data merge entity $(bone24) {transformation: [-0.9666f,-0.2563f,-0.0071f,0.1031f,-0.2561f,0.9634f,0.0794f,1.261f,-0.0135f,0.0786f,-0.9968f,-0.0353f,0f,0f,0f,1f],start_interpolation: 0,interpolation_duration: 0}
$data merge entity $(bone32) {transformation: [-0.9974f,-0.0481f,-0.0533f,0.2269f,-0.0683f,0.4091f,0.9099f,0.6095f,-0.0219f,0.9112f,-0.4114f,-0.3321f,0f,0f,0f,1f],start_interpolation: 0,interpolation_duration: 0}
$data merge entity $(bone36) {transformation: [-0.9988f,-0.0302f,-0.0375f,0.3375f,-0.029f,0.9991f,-0.0311f,0.28f,0.0384f,-0.03f,-0.9988f,-1.0303f,0f,0f,0f,1f],start_interpolation: 0,interpolation_duration: 0}
$data merge entity $(bone35) {transformation: [-0.9988f,-0.0074f,-0.0476f,0.2978f,-0.029f,0.8808f,0.4726f,0.408f,0.0384f,0.4734f,-0.88f,-0.9549f,0f,0f,0f,1f],start_interpolation: 0,interpolation_duration: 0}
$data merge entity $(bone34) {transformation: [-0.9988f,-0.0011f,-0.0482f,0.2989f,-0.029f,0.8116f,0.5835f,0.4871f,0.0384f,0.5842f,-0.8107f,-0.9006f,0f,0f,0f,1f],start_interpolation: 0,interpolation_duration: 0}
$data merge entity $(bone77) {transformation: [-0.9311f,0.3645f,-0.0173f,0.1056f,-0.0054f,-0.0613f,-0.9981f,0.0693f,-0.3648f,-0.9292f,0.059f,-0.3586f,0f,0f,0f,1f],start_interpolation: 0,interpolation_duration: 0}
$data merge entity $(bone75) {transformation: [-0.9311f,0.3645f,-0.0173f,0.1697f,-0.0054f,-0.0613f,-0.9981f,0.0599f,-0.3648f,-0.9292f,0.059f,-0.5331f,0f,0f,0f,1f],start_interpolation: 0,interpolation_duration: 0}
$data merge entity $(bone39) {transformation: [-0.9311f,0.3645f,-0.0173f,0.2332f,-0.0054f,-0.0613f,-0.9981f,0.0474f,-0.3648f,-0.9292f,0.059f,-0.6912f,0f,0f,0f,1f],start_interpolation: 0,interpolation_duration: 0}
$data merge entity $(bone76) {transformation: [-0.9631f,-0.2691f,-0.0087f,0.4973f,0.0137f,-0.0169f,-0.9998f,0.0521f,0.2689f,-0.963f,0.0199f,-0.3322f,0f,0f,0f,1f],start_interpolation: 0,interpolation_duration: 0}
$data merge entity $(bone74) {transformation: [-0.9631f,-0.2691f,-0.0087f,0.4829f,0.0137f,-0.0169f,-0.9998f,0.0575f,0.2689f,-0.963f,0.0199f,-0.5286f,0f,0f,0f,1f],start_interpolation: 0,interpolation_duration: 0}
$data merge entity $(bone40) {transformation: [-0.9631f,-0.2691f,-0.0087f,0.4356f,0.0137f,-0.0169f,-0.9998f,0.0526f,0.2689f,-0.963f,0.0199f,-0.6927f,0f,0f,0f,1f],start_interpolation: 0,interpolation_duration: 0}
$data merge entity $(bone79) {transformation: [-0.9993f,0.0373f,0.008f,0.3105f,-0.0087f,-0.0179f,-0.9998f,0.0589f,-0.0372f,-0.9991f,0.0183f,-0.2932f,0f,0f,0f,1f],start_interpolation: 0,interpolation_duration: 0}
$data merge entity $(bone78) {transformation: [-0.9993f,0.0373f,0.008f,0.3219f,-0.0087f,-0.0179f,-0.9998f,0.0574f,-0.0372f,-0.9991f,0.0183f,-0.4937f,0f,0f,0f,1f],start_interpolation: 0,interpolation_duration: 0}
$data merge entity $(bone41) {transformation: [-0.9993f,0.0373f,0.008f,0.3281f,-0.0087f,-0.0179f,-0.9998f,0.0517f,-0.0372f,-0.9991f,0.0183f,-0.6928f,0f,0f,0f,1f],start_interpolation: 0,interpolation_duration: 0}
$data merge entity $(bone38) {transformation: [-1f,-0.0067f,0.0045f,0.3374f,-0.008f,0.8971f,-0.4418f,0.3075f,-0.0011f,-0.4419f,-0.8971f,-0.7944f,0f,0f,0f,1f],start_interpolation: 0,interpolation_duration: 0}
$data merge entity $(bone33) {transformation: [-0.999f,-0.038f,-0.0214f,0.317f,-0.0436f,0.8799f,0.4731f,0.5407f,0.0009f,0.4736f,-0.8807f,-0.6681f,0f,0f,0f,1f],start_interpolation: 0,interpolation_duration: 0}
$data merge entity $(bone31) {transformation: [-0.9974f,-0.0386f,-0.0605f,0.2805f,-0.0683f,0.2534f,0.965f,0.6315f,-0.0219f,0.9666f,-0.2553f,0.1916f,0f,0f,0f,1f],start_interpolation: 0,interpolation_duration: 0}
$data merge entity $(bone19) {transformation: [-0.9852f,-0.1683f,0.0316f,0.1713f,-0.1711f,0.9747f,-0.1435f,1.2686f,-0.0066f,-0.1468f,-0.9891f,-0.0343f,0f,0f,0f,1f],start_interpolation: 0,interpolation_duration: 0}
$data merge entity $(bone44) {transformation: [-0.7976f,0.53f,0.288f,-0.1115f,0.1738f,0.6591f,-0.7317f,1.2627f,-0.5776f,-0.5336f,-0.6178f,-0.001f,0f,0f,0f,1f],start_interpolation: 0,interpolation_duration: 0}
$data merge entity $(bone46) {transformation: [-0.8896f,-0.2319f,0.3934f,-0.2889f,0.0638f,0.7899f,0.6099f,0.7848f,-0.4522f,0.5677f,-0.6879f,0.1201f,0f,0f,0f,1f],start_interpolation: 0,interpolation_duration: 0}
$data merge entity $(bone50) {transformation: [-0.8714f,-0.1293f,0.4732f,-0.0772f,0.0283f,0.9498f,0.3116f,0.3307f,-0.4898f,0.2849f,-0.824f,-0.5347f,0f,0f,0f,1f],start_interpolation: 0,interpolation_duration: 0}
$data merge entity $(bone49) {transformation: [-0.8714f,-0.3486f,0.3452f,-0.0966f,0.0283f,0.6668f,0.7447f,0.4259f,-0.4898f,0.6587f,-0.5711f,-0.4154f,0f,0f,0f,1f],start_interpolation: 0,interpolation_duration: 0}
$data merge entity $(bone48) {transformation: [-0.8714f,-0.3907f,0.2967f,-0.1347f,0.0283f,0.5638f,0.8254f,0.4817f,-0.4898f,0.7276f,-0.4803f,-0.3472f,0f,0f,0f,1f],start_interpolation: 0,interpolation_duration: 0}
$data merge entity $(bone54) {transformation: [-0.9808f,0.195f,-0.0031f,-0.2563f,-0.0073f,-0.0525f,-0.9986f,0.0661f,-0.1949f,-0.9794f,0.053f,0.2175f,0f,0f,0f,1f],start_interpolation: 0,interpolation_duration: 0}
$data merge entity $(bone53) {transformation: [-0.9808f,0.195f,-0.0031f,-0.2161f,-0.0073f,-0.0525f,-0.9986f,0.0583f,-0.1949f,-0.9794f,0.053f,0.0359f,0f,0f,0f,1f],start_interpolation: 0,interpolation_duration: 0}
$data merge entity $(bone52) {transformation: [-0.9808f,0.195f,-0.0031f,-0.1841f,-0.0073f,-0.0525f,-0.9986f,0.0473f,-0.1949f,-0.9794f,0.053f,-0.1315f,0f,0f,0f,1f],start_interpolation: 0,interpolation_duration: 0}
$data merge entity $(bone57) {transformation: [-0.7283f,0.6852f,-0.0008f,-0.5849f,-0.0101f,-0.0119f,-0.9999f,0.0582f,-0.6852f,-0.7282f,0.0155f,0.0651f,0f,0f,0f,1f],start_interpolation: 0,interpolation_duration: 0}
$data merge entity $(bone56) {transformation: [-0.7283f,0.6852f,-0.0008f,-0.481f,-0.0101f,-0.0119f,-0.9999f,0.0647f,-0.6852f,-0.7282f,0.0155f,-0.1021f,0f,0f,0f,1f],start_interpolation: 0,interpolation_duration: 0}
$data merge entity $(bone55) {transformation: [-0.7283f,0.6852f,-0.0008f,-0.363f,-0.0101f,-0.0119f,-0.9999f,0.0606f,-0.6852f,-0.7282f,0.0155f,-0.2255f,0f,0f,0f,1f],start_interpolation: 0,interpolation_duration: 0}
$data merge entity $(bone60) {transformation: [-0.8809f,0.4719f,-0.0357f,-0.4539f,0.0166f,-0.0445f,-0.9989f,0.0733f,-0.4729f,-0.8805f,0.0314f,0.1772f,0f,0f,0f,1f],start_interpolation: 0,interpolation_duration: 0}
$data merge entity $(bone59) {transformation: [-0.8809f,0.4719f,-0.0357f,-0.3627f,0.0166f,-0.0445f,-0.9989f,0.0664f,-0.4729f,-0.8805f,0.0314f,-0.0015f,0f,0f,0f,1f],start_interpolation: 0,interpolation_duration: 0}
$data merge entity $(bone58) {transformation: [-0.8809f,0.4719f,-0.0357f,-0.2675f,0.0166f,-0.0445f,-0.9989f,0.0555f,-0.4729f,-0.8805f,0.0314f,-0.1763f,0f,0f,0f,1f],start_interpolation: 0,interpolation_duration: 0}
$data merge entity $(bone51) {transformation: [-0.8875f,0.2132f,0.4085f,-0.228f,0.0476f,0.9243f,-0.3788f,0.3178f,-0.4583f,-0.3167f,-0.8304f,-0.2501f,0f,0f,0f,1f],start_interpolation: 0,interpolation_duration: 0}
$data merge entity $(bone47) {transformation: [-0.8875f,-0.1227f,0.4442f,-0.2517f,0.0476f,0.9343f,0.3533f,0.5655f,-0.4583f,0.3347f,-0.8233f,-0.1561f,0f,0f,0f,1f],start_interpolation: 0,interpolation_duration: 0}
$data merge entity $(bone45) {transformation: [-0.8896f,-0.2937f,0.3497f,-0.5381f,0.0638f,0.6784f,0.7319f,1.0501f,-0.4522f,0.6735f,-0.5848f,0.501f,0f,0f,0f,1f],start_interpolation: 0,interpolation_duration: 0}
$data merge entity $(bone43) {transformation: [-0.8408f,0.5115f,0.1775f,-0.1713f,0.1157f,0.49f,-0.864f,1.2686f,-0.5289f,-0.7059f,-0.4711f,-0.0343f,0f,0f,0f,1f],start_interpolation: 0,interpolation_duration: 0}