# This file was generated by Animated Java via MC-Build. It is not recommended to edit this file directly.
$data merge entity $(bone5) {transformation: [-0.9947f,-0.1023f,0.0059f,0.3851f,-0.0943f,0.9359f,0.3395f,1.4857f,-0.0402f,0.3371f,-0.9406f,0.9759f,0f,0f,0f,1f],start_interpolation: 0,interpolation_duration: 0}
$data merge entity $(bone6) {transformation: [0.0219f,-0.2643f,-0.9642f,0.4945f,-0.4325f,0.867f,-0.2475f,1.2558f,0.9014f,0.4224f,-0.0953f,0.9022f,0f,0f,0f,1f],start_interpolation: 0,interpolation_duration: 0}
$data merge entity $(bone8) {transformation: [-0.264f,-0.0585f,0.9628f,0.6367f,-0.0786f,0.9961f,0.0389f,0.5676f,-0.9613f,-0.0654f,-0.2675f,0.7561f,0f,0f,0f,1f],start_interpolation: 0,interpolation_duration: 0}
$data merge entity $(bone9) {transformation: [-0.264f,-0.0585f,0.9628f,0.7982f,-0.0786f,0.9961f,0.0389f,0.7402f,-0.9613f,-0.0654f,-0.2675f,0.6901f,0f,0f,0f,1f],start_interpolation: 0,interpolation_duration: 0}
$data merge entity $(bone10) {transformation: [-0.2342f,-0.1351f,0.9628f,0.6185f,-0.3745f,0.9264f,0.0389f,0.5585f,-0.8972f,-0.3514f,-0.2675f,0.7324f,0f,0f,0f,1f],start_interpolation: 0,interpolation_duration: 0}
$data merge entity $(bone12) {transformation: [-0.1762f,-0.5228f,0.834f,0.7617f,-0.9012f,0.4264f,0.0769f,0.0555f,-0.3959f,-0.7381f,-0.5464f,0.9449f,0f,0f,0f,1f],start_interpolation: 0,interpolation_duration: 0}
$data merge entity $(bone15) {transformation: [0.9844f,-0.1041f,0.1415f,0.3691f,-0.161f,-0.2121f,0.9639f,0.0325f,-0.0704f,-0.9717f,-0.2256f,0.9971f,0f,0f,0f,1f],start_interpolation: 0,interpolation_duration: 0}
$data merge entity $(bone14) {transformation: [0.9712f,-0.1041f,-0.2144f,0.494f,0.1889f,-0.2121f,0.9588f,0.0579f,-0.1453f,-0.9717f,-0.1864f,0.9769f,0f,0f,0f,1f],start_interpolation: 0,interpolation_duration: 0}
$data merge entity $(bone13) {transformation: [0.8393f,-0.1041f,-0.5336f,0.6033f,0.5055f,-0.2121f,0.8364f,0.1213f,-0.2003f,-0.9717f,-0.1254f,0.948f,0f,0f,0f,1f],start_interpolation: 0,interpolation_duration: 0}
$data merge entity $(bone18) {transformation: [-0.0505f,-0.997f,-0.0589f,0.7385f,0.9681f,-0.0344f,-0.248f,-0.2267f,0.2453f,-0.0695f,0.967f,1.2844f,0f,0f,0f,1f],start_interpolation: 0,interpolation_duration: 0}
$data merge entity $(bone17) {transformation: [-0.0008f,-0.997f,-0.0775f,0.7384f,0.9011f,-0.0344f,0.4323f,-0.0492f,-0.4337f,-0.0695f,0.8984f,1.199f,0f,0f,0f,1f],start_interpolation: 0,interpolation_duration: 0}
$data merge entity $(bone16) {transformation: [0.0309f,-0.997f,-0.0711f,0.7387f,0.6467f,-0.0344f,0.762f,0.0443f,-0.7621f,-0.0695f,0.6437f,1.0858f,0f,0f,0f,1f],start_interpolation: 0,interpolation_duration: 0}
$data merge entity $(bone27) {transformation: [-0.8467f,-0.5256f,-0.0826f,1.182f,-0.0573f,-0.0643f,0.9963f,0.0365f,-0.5289f,0.8483f,0.0244f,1.1391f,0f,0f,0f,1f],start_interpolation: 0,interpolation_duration: 0}
$data merge entity $(bone26) {transformation: [-0.8346f,-0.5461f,-0.0724f,1.0492f,-0.0537f,-0.0502f,0.9973f,0.029f,-0.5482f,0.8362f,0.0126f,1.0596f,0f,0f,0f,1f],start_interpolation: 0,interpolation_duration: 0}
$data merge entity $(bone25) {transformation: [-0.8249f,-0.5461f,0.1461f,0.8973f,0.2063f,-0.0502f,0.9772f,0.0645f,-0.5263f,0.8362f,0.154f,0.9677f,0f,0f,0f,1f],start_interpolation: 0,interpolation_duration: 0}
$data merge entity $(bone30) {transformation: [-0.03f,-0.8736f,0.4857f,0.9666f,0.9984f,-0.0491f,-0.0265f,-0.2255f,0.047f,0.4841f,0.8737f,1.2634f,0f,0f,0f,1f],start_interpolation: 0,interpolation_duration: 0}
$data merge entity $(bone29) {transformation: [-0.2724f,-0.8736f,0.4032f,0.9167f,0.8738f,-0.0491f,0.4839f,-0.0531f,-0.4029f,0.4841f,0.7767f,1.1819f,0f,0f,0f,1f],start_interpolation: 0,interpolation_duration: 0}
$data merge entity $(bone28) {transformation: [-0.4364f,-0.8736f,0.2153f,0.8242f,0.5192f,-0.0491f,0.8532f,0.0503f,-0.7348f,0.4841f,0.475f,1.0345f,0f,0f,0f,1f],start_interpolation: 0,interpolation_duration: 0}
$data merge entity $(bone7) {transformation: [0.9628f,-0.0699f,0.2612f,0.6017f,0.0389f,0.9918f,0.122f,0.9032f,-0.2675f,-0.1073f,0.9576f,0.716f,0f,0f,0f,1f],start_interpolation: 0,interpolation_duration: 0}
$data merge entity $(bone4) {transformation: [-0.9642f,-0.2651f,0.0059f,0.3501f,-0.2475f,0.9075f,0.3395f,1.5916f,-0.0953f,0.3258f,-0.9406f,0.9864f,0f,0f,0f,1f],start_interpolation: 0,interpolation_duration: 0}
$data merge entity $(bone62) {transformation: [-0.9099f,0.3612f,0.2039f,-0.416f,0.4124f,0.735f,0.5382f,1.5096f,0.0446f,0.5738f,-0.8178f,0.9477f,0f,0f,0f,1f],start_interpolation: 0,interpolation_duration: 0}
$data merge entity $(bone63) {transformation: [0.2557f,0.4824f,0.8378f,-0.585f,0.604f,0.597f,-0.5281f,1.3553f,-0.7549f,0.641f,-0.1387f,0.8139f,0f,0f,0f,1f],start_interpolation: 0,interpolation_duration: 0}
$data merge entity $(bone65) {transformation: [-0.0496f,0.1522f,-0.9871f,-0.8418f,0.1864f,0.9724f,0.1405f,0.7917f,0.9812f,-0.1771f,-0.0766f,0.6196f,0f,0f,0f,1f],start_interpolation: 0,interpolation_duration: 0}
$data merge entity $(bone66) {transformation: [-0.0496f,0.1522f,-0.9871f,-0.9936f,0.1864f,0.9724f,0.1405f,0.9779f,0.9812f,-0.1771f,-0.0766f,0.5691f,0f,0f,0f,1f],start_interpolation: 0,interpolation_duration: 0}
$data merge entity $(bone67) {transformation: [-0.0015f,0.16f,-0.9871f,-0.8299f,0.4702f,0.8713f,0.1405f,0.7786f,0.8826f,-0.4639f,-0.0766f,0.5939f,0f,0f,0f,1f],start_interpolation: 0,interpolation_duration: 0}
$data merge entity $(bone69) {transformation: [-0.2666f,0.0991f,-0.9587f,-0.9171f,0.3678f,0.9299f,-0.0061f,0.2154f,0.8909f,-0.3542f,-0.2844f,0.7713f,0f,0f,0f,1f],start_interpolation: 0,interpolation_duration: 0}
$data merge entity $(bone72) {transformation: [0.9262f,0.2708f,0.2622f,-0.6338f,-0.3244f,0.2183f,0.9204f,0.1285f,0.192f,-0.9375f,0.2901f,0.8022f,0f,0f,0f,1f],start_interpolation: 0,interpolation_duration: 0}
$data merge entity $(bone71) {transformation: [0.7401f,0.2708f,0.6155f,-0.7282f,-0.67f,0.2183f,0.7096f,0.2162f,0.0578f,-0.9375f,0.343f,0.794f,0f,0f,0f,1f],start_interpolation: 0,interpolation_duration: 0}
$data merge entity $(bone70) {transformation: [0.485f,0.2708f,0.8315f,-0.7916f,-0.8723f,0.2183f,0.4376f,0.3292f,-0.063f,-0.9375f,0.3421f,0.7985f,0f,0f,0f,1f],start_interpolation: 0,interpolation_duration: 0}
$data merge entity $(bone81) {transformation: [0.1246f,0.9877f,0.0946f,-0.8062f,-0.7622f,0.0342f,0.6465f,-0.0974f,0.6353f,-0.1526f,0.7571f,1.0944f,0f,0f,0f,1f],start_interpolation: 0,interpolation_duration: 0}
$data merge entity $(bone80) {transformation: [0.1046f,0.9877f,0.1162f,-0.8268f,-0.8698f,0.0342f,0.4923f,0.0739f,0.4822f,-0.1526f,0.8626f,0.9994f,0f,0f,0f,1f],start_interpolation: 0,interpolation_duration: 0}
$data merge entity $(bone73) {transformation: [0.1507f,0.9877f,0.0417f,-0.8447f,-0.4683f,0.0342f,0.8829f,0.1413f,0.8706f,-0.1526f,0.4677f,0.8703f,0f,0f,0f,1f],start_interpolation: 0,interpolation_duration: 0}
$data merge entity $(bone84) {transformation: [-0.7087f,0.6973f,0.1073f,-1.2592f,0.1215f,-0.0292f,0.9922f,0.0315f,0.6949f,0.7162f,-0.0641f,1.0227f,0f,0f,0f,1f],start_interpolation: 0,interpolation_duration: 0}
$data merge entity $(bone83) {transformation: [-0.6824f,0.7147f,-0.1534f,-1.1491f,-0.2278f,-0.0086f,0.9737f,0.0679f,0.6946f,0.6994f,0.1687f,0.9199f,0f,0f,0f,1f],start_interpolation: 0,interpolation_duration: 0}
$data merge entity $(bone82) {transformation: [-0.6195f,0.7147f,-0.3248f,-1.0334f,-0.4721f,-0.0086f,0.8815f,0.1518f,0.6272f,0.6994f,0.3427f,0.8088f,0f,0f,0f,1f],start_interpolation: 0,interpolation_duration: 0}
$data merge entity $(bone103) {transformation: [-0.2516f,0.9506f,-0.1818f,-1.0376f,-0.5655f,0.008f,0.8247f,-0.095f,0.7854f,0.3103f,0.5355f,1.1457f,0f,0f,0f,1f],start_interpolation: 0,interpolation_duration: 0}
$data merge entity $(bone102) {transformation: [-0.2073f,0.9506f,-0.231f,-1.0008f,-0.7275f,0.008f,0.6861f,0.0483f,0.654f,0.3103f,0.6899f,1.0155f,0f,0f,0f,1f],start_interpolation: 0,interpolation_duration: 0}
$data merge entity $(bone85) {transformation: [-0.2746f,0.9506f,-0.1447f,-0.9409f,-0.4443f,0.008f,0.8958f,0.1368f,0.8528f,0.3103f,0.4201f,0.8436f,0f,0f,0f,1f],start_interpolation: 0,interpolation_duration: 0}
$data merge entity $(bone64) {transformation: [0.9871f,0.1542f,-0.0429f,-0.7793f,-0.1405f,0.9633f,0.2287f,1.116f,0.0766f,-0.2197f,0.9726f,0.5393f,0f,0f,0f,1f],start_interpolation: 0,interpolation_duration: 0}
$data merge entity $(bone61) {transformation: [-0.8378f,0.5065f,0.2039f,-0.3501f,0.5281f,0.6568f,0.5382f,1.5916f,0.1387f,0.5586f,-0.8178f,0.9864f,0f,0f,0f,1f],start_interpolation: 0,interpolation_duration: 0}
$data merge entity $(bone23) {transformation: [-0.7934f,-0.6088f,0f,0.1071f,-0.0955f,0.1244f,0.9876f,1.5149f,-0.6012f,0.7835f,-0.1569f,1.0117f,0f,0f,0f,1f],start_interpolation: 0,interpolation_duration: 0}
$data merge entity $(bone22) {transformation: [-0.7934f,0.6088f,0f,-0.1071f,0.0955f,0.1244f,0.9876f,1.5149f,0.6012f,0.7835f,-0.1569f,1.0117f,0f,0f,0f,1f],start_interpolation: 0,interpolation_duration: 0}
$data merge entity $(bone89) {transformation: [-1f,0.0072f,0.0007f,0.002f,0.0057f,0.731f,0.6824f,2.2282f,0.0044f,0.6824f,-0.731f,1.4398f,0f,0f,0f,1f],start_interpolation: 0,interpolation_duration: 0}
$data merge entity $(bone90) {transformation: [-1f,0.0069f,0.0019f,0.0013f,0.0057f,0.6013f,0.799f,2.1614f,0.0044f,0.799f,-0.6014f,1.3655f,0f,0f,0f,1f],start_interpolation: 0,interpolation_duration: 0}
$data merge entity $(bone88) {transformation: [-1f,0.0071f,0.0013f,0.0312f,0.0057f,0.6687f,0.7435f,2.0142f,0.0044f,0.7435f,-0.6687f,1.258f,0f,0f,0f,1f],start_interpolation: 0,interpolation_duration: 0}
$data merge entity $(bone42) {transformation: [-1f,0f,0f,0f,0f,0.7671f,0.6415f,1.744f,0f,0.6415f,-0.7671f,1.6801f,0f,0f,0f,1f],start_interpolation: 0,interpolation_duration: 0}
$data merge entity $(bone87) {transformation: [-0.9998f,0.0157f,-0.0096f,-0.0044f,0.0041f,0.6949f,0.7191f,1.3272f,0.018f,0.7189f,-0.6948f,2.262f,0f,0f,0f,1f],start_interpolation: 0,interpolation_duration: 0}
$data merge entity $(bone86) {transformation: [-1f,0f,0f,0f,0f,0.771f,0.6368f,1.4687f,0f,0.6368f,-0.771f,2.0829f,0f,0f,0f,1f],start_interpolation: 0,interpolation_duration: 0}
$data merge entity $(bone92) {transformation: [-0.8818f,0.2593f,-0.3939f,0.1194f,-0.0365f,0.7953f,0.6051f,1.8192f,0.4702f,0.5479f,-0.6919f,1.7154f,0f,0f,0f,1f],start_interpolation: 0,interpolation_duration: 0}
$data merge entity $(bone3) {transformation: [-0.8818f,-0.2593f,0.3939f,-0.1194f,0.0365f,0.7953f,0.6051f,1.8192f,-0.4702f,0.5479f,-0.6919f,1.7154f,0f,0f,0f,1f],start_interpolation: 0,interpolation_duration: 0}
$data merge entity $(head) {transformation: [-1f,0f,0f,0f,0f,0.8033f,0.5956f,1.728f,0f,0.5956f,-0.8033f,1.4971f,0f,0f,0f,1f],start_interpolation: 0,interpolation_duration: 0}
$data merge entity $(neck) {transformation: [-1f,0f,0f,0f,0f,0.6218f,0.7832f,1.6231f,0f,0.7832f,-0.6218f,1.3649f,0f,0f,0f,1f],start_interpolation: 0,interpolation_duration: 0}
$data merge entity $(bone2) {transformation: [-1f,0f,0f,0f,0f,0.1569f,0.9876f,1.5527f,0f,0.9876f,-0.1569f,1.0548f,0f,0f,0f,1f],start_interpolation: 0,interpolation_duration: 0}
$data merge entity $(bone136) {transformation: [-1f,0f,0f,0f,0f,0.2083f,1.0302f,1.5293f,0f,0.9781f,-0.2195f,0.8596f,0f,0f,0f,1f],start_interpolation: 0,interpolation_duration: 0}
$data merge entity $(bone118) {transformation: [-0.0912f,-0.849f,-0.5204f,0.2587f,0.9918f,-0.1245f,0.0293f,1.69f,-0.0896f,-0.5135f,0.8534f,0.7659f,0f,0f,0f,1f],start_interpolation: 0,interpolation_duration: 0}
$data merge entity $(bone119) {transformation: [-0.154f,-0.849f,-0.5054f,0.7331f,0.988f,-0.1245f,-0.0918f,1.7397f,0.015f,-0.5135f,0.858f,-0.0422f,0f,0f,0f,1f],start_interpolation: 0,interpolation_duration: 0}
$data merge entity $(bone120) {transformation: [-0.4884f,-0.849f,0.2017f,1.6313f,-0.1861f,-0.1245f,-0.9746f,1.0231f,0.8526f,-0.5135f,-0.0972f,0.6106f,0f,0f,0f,1f],start_interpolation: 0,interpolation_duration: 0}
$data merge entity $(bone121) {transformation: [0f,0f,0f,0.9811f,0f,0f,0f,1.855f,0f,0f,0f,-0.4685f,0f,0f,0f,1f],start_interpolation: 0,interpolation_duration: 0}
$data merge entity $(bone123) {transformation: [-0.0054f,-1.732f,-1.0625f,0.9294f,1.9904f,-0.2183f,0.3457f,1.2629f,-0.4088f,-1.0398f,1.6972f,2.3873f,0f,0f,0f,1f],start_interpolation: 0,interpolation_duration: 0}
$data merge entity $(bone124) {transformation: [-0.1379f,-0.8524f,-0.5044f,0.7145f,0.9902f,-0.1074f,-0.0892f,2.7062f,0.0218f,-0.5117f,0.8589f,-0.2539f,0f,0f,0f,1f],start_interpolation: 0,interpolation_duration: 0}
$data merge entity $(bone122) {transformation: [-0.4064f,-1.3134f,-0.6957f,0.5412f,1.4381f,-0.1655f,-0.5276f,2.6836f,0.375f,-0.7885f,1.2695f,0.0378f,0f,0f,0f,1f],start_interpolation: 0,interpolation_duration: 0}
$data merge entity $(bone126) {transformation: [0.2552f,-0.8524f,-0.4564f,1.138f,0.7688f,-0.1074f,0.6304f,2.0027f,-0.5864f,-0.5117f,0.6279f,-0.8106f,0f,0f,0f,1f],start_interpolation: 0,interpolation_duration: 0}
$data merge entity $(bone127) {transformation: [0.1283f,-0.8524f,-0.5069f,0.7892f,0.9057f,-0.1074f,0.41f,2.389f,-0.4039f,-0.5117f,0.7583f,-0.3118f,0f,0f,0f,1f],start_interpolation: 0,interpolation_duration: 0}
$data merge entity $(bone125) {transformation: [-0.0101f,-1.195f,-0.733f,0.6206f,1.3752f,-0.1506f,0.2265f,2.5426f,-0.2718f,-0.7174f,1.1733f,-0.0558f,0f,0f,0f,1f],start_interpolation: 0,interpolation_duration: 0}
$data merge entity $(bone129) {transformation: [1.0227f,-1.5896f,-0.2511f,0.4362f,0.1274f,-0.2003f,1.9983f,3.7844f,-1.7303f,-0.9543f,-0.0013f,2.6795f,0f,0f,0f,1f],start_interpolation: 0,interpolation_duration: 0}
$data merge entity $(bone130) {transformation: [0.5244f,-0.8524f,-0.2096f,0.859f,0.2168f,-0.1074f,1.0516f,1.5542f,-0.9189f,-0.5117f,0.1284f,-0.2528f,0f,0f,0f,1f],start_interpolation: 0,interpolation_duration: 0}
$data merge entity $(bone131) {transformation: [0.4402f,-0.8524f,-0.3538f,0.7019f,0.5148f,-0.1074f,0.9423f,2.1288f,-0.8412f,-0.5117f,0.3915f,-0.1118f,0f,0f,0f,1f],start_interpolation: 0,interpolation_duration: 0}
$data merge entity $(bone128) {transformation: [0.3517f,-0.8986f,-0.4804f,0.5883f,0.7813f,-0.1133f,0.8191f,2.4283f,-0.7498f,-0.5395f,0.6282f,0.0039f,0f,0f,0f,1f],start_interpolation: 0,interpolation_duration: 0}
$data merge entity $(bone132) {transformation: [-0.2357f,-0.8524f,-0.4668f,0.4637f,0.9525f,-0.1074f,-0.2848f,2.558f,0.1926f,-0.5117f,0.8373f,0.2071f,0f,0f,0f,1f],start_interpolation: 0,interpolation_duration: 0}
$data merge entity $(bone133) {transformation: [-0.4121f,-1.4471f,-0.6894f,0.5279f,1.6656f,-0.1824f,-0.4207f,2.5786f,0.3368f,-0.8688f,1.2366f,0.1077f,0f,0f,0f,1f],start_interpolation: 0,interpolation_duration: 0}
$data merge entity $(w5) {transformation: [-0.2357f,-0.8524f,-0.4668f,0.5377f,0.9525f,-0.1074f,-0.2848f,2.5118f,0.1926f,-0.5117f,0.8373f,0.1184f,0f,0f,0f,1f],start_interpolation: 0,interpolation_duration: 0}
$data merge entity $(w2) {transformation: [-0.5157f,-0.849f,-0.1149f,0.7065f,0.4066f,-0.1245f,-0.9051f,1.7551f,0.7541f,-0.5135f,0.4094f,-0.0253f,0f,0f,0f,1f],start_interpolation: 0,interpolation_duration: 0}
$data merge entity $(wing3) {transformation: [-0.0912f,-0.849f,-0.5204f,0.2175f,0.9918f,-0.1245f,0.0293f,1.7929f,-0.0896f,-0.5135f,0.8534f,0.774f,0f,0f,0f,1f],start_interpolation: 0,interpolation_duration: 0}
$data merge entity $(bone104) {transformation: [-0.0912f,0.849f,0.5204f,-0.2587f,-0.9918f,-0.1245f,0.0293f,1.69f,0.0896f,-0.5135f,0.8534f,0.7659f,0f,0f,0f,1f],start_interpolation: 0,interpolation_duration: 0}
$data merge entity $(bone105) {transformation: [-0.154f,0.849f,0.5054f,-0.7331f,-0.988f,-0.1245f,-0.0918f,1.7397f,-0.015f,-0.5135f,0.858f,-0.0422f,0f,0f,0f,1f],start_interpolation: 0,interpolation_duration: 0}
$data merge entity $(bone106) {transformation: [-0.4884f,0.849f,-0.2017f,-1.6313f,0.1861f,-0.1245f,-0.9746f,1.0231f,-0.8526f,-0.5135f,-0.0972f,0.6106f,0f,0f,0f,1f],start_interpolation: 0,interpolation_duration: 0}
$data merge entity $(bone107) {transformation: [0f,0f,0f,-0.9811f,0f,0f,0f,1.855f,0f,0f,0f,-0.4685f,0f,0f,0f,1f],start_interpolation: 0,interpolation_duration: 0}
$data merge entity $(bone109) {transformation: [0.0134f,1.732f,0.9986f,-0.9598f,-1.8252f,-0.2183f,0.2905f,1.3733f,0.4055f,-1.0398f,1.6025f,2.3135f,0f,0f,0f,1f],start_interpolation: 0,interpolation_duration: 0}
$data merge entity $(bone110) {transformation: [-0.1208f,0.8524f,0.4764f,-0.7049f,-0.9046f,-0.1074f,-0.0944f,2.7087f,-0.0113f,-0.5117f,0.8134f,-0.2384f,0f,0f,0f,1f],start_interpolation: 0,interpolation_duration: 0}
$data merge entity $(bone108) {transformation: [-0.3698f,1.3134f,0.6609f,-0.5412f,-1.3087f,-0.1655f,-0.5012f,2.6836f,-0.3413f,-0.7885f,1.2061f,0.0378f,0f,0f,0f,1f],start_interpolation: 0,interpolation_duration: 0}
$data merge entity $(bone112) {transformation: [0.2552f,0.8524f,0.4564f,-1.138f,-0.7688f,-0.1074f,0.6304f,2.0027f,0.5864f,-0.5117f,0.6279f,-0.8106f,0f,0f,0f,1f],start_interpolation: 0,interpolation_duration: 0}
$data merge entity $(bone113) {transformation: [0.1283f,0.8524f,0.5069f,-0.7892f,-0.9057f,-0.1074f,0.41f,2.389f,0.4039f,-0.5117f,0.7583f,-0.3118f,0f,0f,0f,1f],start_interpolation: 0,interpolation_duration: 0}
$data merge entity $(bone111) {transformation: [-0.0101f,1.195f,0.733f,-0.6206f,-1.3752f,-0.1506f,0.2265f,2.5426f,0.2718f,-0.7174f,1.1733f,-0.0558f,0f,0f,0f,1f],start_interpolation: 0,interpolation_duration: 0}
$data merge entity $(bone115) {transformation: [1.0227f,1.5896f,0.2511f,-0.4362f,-0.1274f,-0.2003f,1.9983f,3.7844f,1.7303f,-0.9543f,-0.0013f,2.6795f,0f,0f,0f,1f],start_interpolation: 0,interpolation_duration: 0}
$data merge entity $(bone116) {transformation: [0.5244f,0.8524f,0.2096f,-0.859f,-0.2168f,-0.1074f,1.0516f,1.5542f,0.9189f,-0.5117f,0.1284f,-0.2528f,0f,0f,0f,1f],start_interpolation: 0,interpolation_duration: 0}
$data merge entity $(bone117) {transformation: [0.4402f,0.8524f,0.3538f,-0.7019f,-0.5148f,-0.1074f,0.9423f,2.1288f,0.8412f,-0.5117f,0.3915f,-0.1118f,0f,0f,0f,1f],start_interpolation: 0,interpolation_duration: 0}
$data merge entity $(bone114) {transformation: [0.3517f,0.8986f,0.4804f,-0.5883f,-0.7813f,-0.1133f,0.8191f,2.4283f,0.7498f,-0.5395f,0.6282f,0.0039f,0f,0f,0f,1f],start_interpolation: 0,interpolation_duration: 0}
$data merge entity $(bone134) {transformation: [-0.2357f,0.8524f,0.4668f,-0.4637f,-0.9525f,-0.1074f,-0.2848f,2.558f,-0.1926f,-0.5117f,0.8373f,0.2071f,0f,0f,0f,1f],start_interpolation: 0,interpolation_duration: 0}
$data merge entity $(bone135) {transformation: [-0.4121f,1.4471f,0.6894f,-0.5279f,-1.6656f,-0.1824f,-0.4207f,2.5786f,-0.3368f,-0.8688f,1.2366f,0.1077f,0f,0f,0f,1f],start_interpolation: 0,interpolation_duration: 0}
$data merge entity $(w4) {transformation: [-0.2357f,0.8524f,0.4668f,-0.5377f,-0.9525f,-0.1074f,-0.2848f,2.5118f,-0.1926f,-0.5117f,0.8373f,0.1184f,0f,0f,0f,1f],start_interpolation: 0,interpolation_duration: 0}
$data merge entity $(w3) {transformation: [-0.5157f,0.849f,0.1149f,-0.7065f,-0.4066f,-0.1245f,-0.9051f,1.7551f,-0.7541f,-0.5135f,0.4094f,-0.0253f,0f,0f,0f,1f],start_interpolation: 0,interpolation_duration: 0}
$data merge entity $(wing2) {transformation: [-0.0912f,0.849f,0.5204f,-0.2175f,-0.9918f,-0.1245f,0.0293f,1.7929f,0.0896f,-0.5135f,0.8534f,0.774f,0f,0f,0f,1f],start_interpolation: 0,interpolation_duration: 0}
$data merge entity $(bone20) {transformation: [-1f,0f,0f,-0.1563f,0f,-0.1474f,0.9891f,1.534f,0f,0.9891f,0.1474f,0.3246f,0f,0f,0f,1f],start_interpolation: 0,interpolation_duration: 0}
$data merge entity $(bone101) {transformation: [-1f,0f,0f,0f,0f,-0.3299f,0.944f,1.2123f,0f,0.944f,0.3299f,-2.6643f,0f,0f,0f,1f],start_interpolation: 0,interpolation_duration: 0}
$data merge entity $(bone100) {transformation: [-1f,0f,0f,0f,0f,0.2061f,0.9785f,0.7702f,0f,0.9785f,-0.2061f,-2.5649f,0f,0f,0f,1f],start_interpolation: 0,interpolation_duration: 0}
$data merge entity $(bone99) {transformation: [-1f,0f,0f,0f,0f,0.4283f,0.9036f,0.3127f,0f,0.9036f,-0.4283f,-2.348f,0f,0f,0f,1f],start_interpolation: 0,interpolation_duration: 0}
$data merge entity $(bone98) {transformation: [-1f,0f,0f,0f,0f,0.8509f,0.5253f,0.0533f,0f,0.5253f,-0.8509f,-1.9279f,0f,0f,0f,1f],start_interpolation: 0,interpolation_duration: 0}
$data merge entity $(bone97) {transformation: [-1f,0f,0f,0f,0f,0.9895f,-0.1447f,0.1275f,0f,-0.1447f,-0.9895f,-1.4208f,0f,0f,0f,1f],start_interpolation: 0,interpolation_duration: 0}
$data merge entity $(bone96) {transformation: [-1f,0f,0f,0f,0f,0.8588f,-0.5124f,0.3837f,0f,-0.5124f,-0.8588f,-0.9914f,0f,0f,0f,1f],start_interpolation: 0,interpolation_duration: 0}
$data merge entity $(bone95) {transformation: [-1f,0f,0f,0f,0f,0.665f,-0.7469f,0.7524f,0f,-0.7469f,-0.665f,-0.6631f,0f,0f,0f,1f],start_interpolation: 0,interpolation_duration: 0}
$data merge entity $(bone94) {transformation: [-1f,0f,0f,0f,0f,0.5973f,-0.802f,1.1484f,0f,-0.802f,-0.5973f,-0.3681f,0f,0f,0f,1f],start_interpolation: 0,interpolation_duration: 0}
$data merge entity $(bone93) {transformation: [-1f,0f,0f,0f,0f,0.7275f,-0.6861f,1.4078f,0f,-0.6861f,-0.7275f,-0.093f,0f,0f,0f,1f],start_interpolation: 0,interpolation_duration: 0}
$data merge entity $(bone) {transformation: [-1f,0f,0f,0f,0f,0.5373f,0.8434f,1.3156f,0f,0.8434f,-0.5373f,-0.0343f,0f,0f,0f,1f],start_interpolation: 0,interpolation_duration: 0}
$data merge entity $(bone24) {transformation: [-0.9666f,-0.2563f,-0.008f,0.1031f,-0.256f,0.963f,0.0845f,1.2569f,-0.014f,0.0837f,-0.9964f,-0.0353f,0f,0f,0f,1f],start_interpolation: 0,interpolation_duration: 0}
$data merge entity $(bone32) {transformation: [-0.9974f,-0.0472f,-0.0538f,0.2266f,-0.0682f,0.4026f,0.9128f,0.608f,-0.0214f,0.9142f,-0.4048f,-0.3356f,0f,0f,0f,1f],start_interpolation: 0,interpolation_duration: 0}
$data merge entity $(bone36) {transformation: [-0.9988f,-0.0319f,-0.0366f,0.3376f,-0.0305f,0.9988f,-0.0395f,0.2779f,0.0378f,-0.0384f,-0.9985f,-1.0322f,0f,0f,0f,1f],start_interpolation: 0,interpolation_duration: 0}
$data merge entity $(bone35) {transformation: [-0.9988f,-0.0094f,-0.0476f,0.2976f,-0.0305f,0.8847f,0.4651f,0.4065f,0.0378f,0.466f,-0.884f,-0.9579f,0f,0f,0f,1f],start_interpolation: 0,interpolation_duration: 0}
$data merge entity $(bone34) {transformation: [-0.9988f,-0.0031f,-0.0485f,0.2986f,-0.0305f,0.8164f,0.5766f,0.4861f,0.0378f,0.5774f,-0.8156f,-0.9042f,0f,0f,0f,1f],start_interpolation: 0,interpolation_duration: 0}
$data merge entity $(bone77) {transformation: [-0.9307f,0.3656f,-0.0134f,0.1054f,-0.0089f,-0.0591f,-0.9982f,0.0692f,-0.3657f,-0.9289f,0.0583f,-0.3587f,0f,0f,0f,1f],start_interpolation: 0,interpolation_duration: 0}
$data merge entity $(bone75) {transformation: [-0.9307f,0.3656f,-0.0134f,0.1698f,-0.0089f,-0.0591f,-0.9982f,0.0602f,-0.3657f,-0.9289f,0.0583f,-0.5331f,0f,0f,0f,1f],start_interpolation: 0,interpolation_duration: 0}
$data merge entity $(bone39) {transformation: [-0.9307f,0.3656f,-0.0134f,0.2334f,-0.0089f,-0.0591f,-0.9982f,0.048f,-0.3657f,-0.9289f,0.0583f,-0.6912f,0f,0f,0f,1f],start_interpolation: 0,interpolation_duration: 0}
$data merge entity $(bone76) {transformation: [-0.9635f,-0.2677f,-0.0077f,0.497f,0.0122f,-0.015f,-0.9998f,0.0524f,0.2675f,-0.9634f,0.0177f,-0.332f,0f,0f,0f,1f],start_interpolation: 0,interpolation_duration: 0}
$data merge entity $(bone74) {transformation: [-0.9635f,-0.2677f,-0.0077f,0.4828f,0.0122f,-0.015f,-0.9998f,0.0582f,0.2675f,-0.9634f,0.0177f,-0.5284f,0f,0f,0f,1f],start_interpolation: 0,interpolation_duration: 0}
$data merge entity $(bone40) {transformation: [-0.9635f,-0.2677f,-0.0077f,0.4358f,0.0122f,-0.015f,-0.9998f,0.0536f,0.2675f,-0.9634f,0.0177f,-0.6925f,0f,0f,0f,1f],start_interpolation: 0,interpolation_duration: 0}
$data merge entity $(bone79) {transformation: [-0.9992f,0.0396f,0.0102f,0.3098f,-0.0109f,-0.0162f,-0.9998f,0.059f,-0.0394f,-0.9991f,0.0166f,-0.2932f,0f,0f,0f,1f],start_interpolation: 0,interpolation_duration: 0}
$data merge entity $(bone78) {transformation: [-0.9992f,0.0396f,0.0102f,0.3217f,-0.0109f,-0.0162f,-0.9998f,0.0578f,-0.0394f,-0.9991f,0.0166f,-0.4937f,0f,0f,0f,1f],start_interpolation: 0,interpolation_duration: 0}
$data merge entity $(bone41) {transformation: [-0.9992f,0.0396f,0.0102f,0.3283f,-0.0109f,-0.0162f,-0.9998f,0.0525f,-0.0394f,-0.9991f,0.0166f,-0.6928f,0f,0f,0f,1f],start_interpolation: 0,interpolation_duration: 0}
$data merge entity $(bone38) {transformation: [-1f,-0.0079f,0.0061f,0.3373f,-0.0098f,0.8933f,-0.4493f,0.3075f,-0.0019f,-0.4493f,-0.8934f,-0.7964f,0f,0f,0f,1f],start_interpolation: 0,interpolation_duration: 0}
$data merge entity $(bone33) {transformation: [-0.999f,-0.04f,-0.0215f,0.3164f,-0.0454f,0.8837f,0.4658f,0.5417f,0.0003f,0.4662f,-0.8847f,-0.6722f,0f,0f,0f,1f],start_interpolation: 0,interpolation_duration: 0}
$data merge entity $(bone31) {transformation: [-0.9974f,-0.0376f,-0.0608f,0.2807f,-0.0682f,0.2464f,0.9668f,0.6263f,-0.0214f,0.9684f,-0.2483f,0.1882f,0f,0f,0f,1f],start_interpolation: 0,interpolation_duration: 0}
$data merge entity $(bone19) {transformation: [-0.9852f,-0.1685f,0.0307f,0.1713f,-0.1711f,0.9755f,-0.1385f,1.2645f,-0.0066f,-0.1417f,-0.9899f,-0.0343f,0f,0f,0f,1f],start_interpolation: 0,interpolation_duration: 0}
$data merge entity $(bone44) {transformation: [-0.7975f,0.5315f,0.2856f,-0.1115f,0.1735f,0.6553f,-0.7352f,1.2586f,-0.5779f,-0.5367f,-0.6148f,-0.0011f,0f,0f,0f,1f],start_interpolation: 0,interpolation_duration: 0}
$data merge entity $(bone46) {transformation: [-0.8897f,-0.2314f,0.3935f,-0.2894f,0.0643f,0.7898f,0.61f,0.784f,-0.4519f,0.568f,-0.6878f,0.1211f,0f,0f,0f,1f],start_interpolation: 0,interpolation_duration: 0}
$data merge entity $(bone50) {transformation: [-0.8715f,-0.1298f,0.4729f,-0.0778f,0.0288f,0.9491f,0.3136f,0.3309f,-0.4896f,0.2869f,-0.8234f,-0.5343f,0f,0f,0f,1f],start_interpolation: 0,interpolation_duration: 0}
$data merge entity $(bone49) {transformation: [-0.8715f,-0.3489f,0.3447f,-0.0972f,0.0288f,0.6652f,0.7461f,0.4258f,-0.4896f,0.6602f,-0.5696f,-0.4148f,0f,0f,0f,1f],start_interpolation: 0,interpolation_duration: 0}
$data merge entity $(bone48) {transformation: [-0.8715f,-0.3909f,0.2962f,-0.1353f,0.0288f,0.5621f,0.8266f,0.4815f,-0.4896f,0.7289f,-0.4786f,-0.3465f,0f,0f,0f,1f],start_interpolation: 0,interpolation_duration: 0}
$data merge entity $(bone54) {transformation: [-0.9808f,0.1947f,-0.0055f,-0.2566f,-0.0054f,-0.0551f,-0.9985f,0.0663f,-0.1947f,-0.9793f,0.055f,0.2174f,0f,0f,0f,1f],start_interpolation: 0,interpolation_duration: 0}
$data merge entity $(bone53) {transformation: [-0.9808f,0.1947f,-0.0055f,-0.2164f,-0.0054f,-0.0551f,-0.9985f,0.058f,-0.1947f,-0.9793f,0.055f,0.0358f,0f,0f,0f,1f],start_interpolation: 0,interpolation_duration: 0}
$data merge entity $(bone52) {transformation: [-0.9808f,0.1947f,-0.0055f,-0.1845f,-0.0054f,-0.0551f,-0.9985f,0.0466f,-0.1947f,-0.9793f,0.055f,-0.1316f,0f,0f,0f,1f],start_interpolation: 0,interpolation_duration: 0}
$data merge entity $(bone57) {transformation: [-0.7284f,0.6851f,-0.0024f,-0.5853f,-0.009f,-0.0131f,-0.9999f,0.058f,-0.685f,-0.7283f,0.0157f,0.0651f,0f,0f,0f,1f],start_interpolation: 0,interpolation_duration: 0}
$data merge entity $(bone56) {transformation: [-0.7284f,0.6851f,-0.0024f,-0.4813f,-0.009f,-0.0131f,-0.9999f,0.0643f,-0.685f,-0.7283f,0.0157f,-0.1022f,0f,0f,0f,1f],start_interpolation: 0,interpolation_duration: 0}
$data merge entity $(bone55) {transformation: [-0.7284f,0.6851f,-0.0024f,-0.3634f,-0.009f,-0.0131f,-0.9999f,0.06f,-0.685f,-0.7283f,0.0157f,-0.2256f,0f,0f,0f,1f],start_interpolation: 0,interpolation_duration: 0}
$data merge entity $(bone60) {transformation: [-0.881f,0.4716f,-0.037f,-0.4542f,0.0171f,-0.0463f,-0.9988f,0.0734f,-0.4727f,-0.8806f,0.0327f,0.1771f,0f,0f,0f,1f],start_interpolation: 0,interpolation_duration: 0}
$data merge entity $(bone59) {transformation: [-0.881f,0.4716f,-0.037f,-0.363f,0.0171f,-0.0463f,-0.9988f,0.0661f,-0.4727f,-0.8806f,0.0327f,-0.0016f,0f,0f,0f,1f],start_interpolation: 0,interpolation_duration: 0}
$data merge entity $(bone58) {transformation: [-0.881f,0.4716f,-0.037f,-0.2679f,0.0171f,-0.0463f,-0.9988f,0.0548f,-0.4727f,-0.8806f,0.0327f,-0.1764f,0f,0f,0f,1f],start_interpolation: 0,interpolation_duration: 0}
$data merge entity $(bone51) {transformation: [-0.8876f,0.2126f,0.4086f,-0.2285f,0.0481f,0.925f,-0.3768f,0.3174f,-0.4581f,-0.3148f,-0.8313f,-0.2497f,0f,0f,0f,1f],start_interpolation: 0,interpolation_duration: 0}
$data merge entity $(bone47) {transformation: [-0.8876f,-0.1232f,0.4438f,-0.2523f,0.0481f,0.9335f,0.3553f,0.5648f,-0.4581f,0.3367f,-0.8227f,-0.1552f,0f,0f,0f,1f],start_interpolation: 0,interpolation_duration: 0}
$data merge entity $(bone45) {transformation: [-0.8897f,-0.2932f,0.3499f,-0.5383f,0.0643f,0.6783f,0.7319f,1.0494f,-0.4519f,0.6737f,-0.5847f,0.5021f,0f,0f,0f,1f],start_interpolation: 0,interpolation_duration: 0}
$data merge entity $(bone43) {transformation: [-0.8408f,0.5124f,0.1748f,-0.1713f,0.1157f,0.4855f,-0.8666f,1.2645f,-0.5289f,-0.7084f,-0.4674f,-0.0343f,0f,0f,0f,1f],start_interpolation: 0,interpolation_duration: 0}