# This file was generated by Animated Java via MC-Build. It is not recommended to edit this file directly.
$data merge entity $(bone5) {transformation: [-0.9947f,-0.1024f,0.0011f,0.3852f,-0.0944f,0.9209f,0.3782f,1.4468f,-0.0397f,0.3761f,-0.9257f,0.9726f,0f,0f,0f,1f],start_interpolation: 0,interpolation_duration: 0}
$data merge entity $(bone6) {transformation: [0.0266f,-0.2638f,-0.9642f,0.4947f,-0.4694f,0.8483f,-0.2451f,1.2203f,0.8826f,0.4592f,-0.1013f,0.8889f,0f,0f,0f,1f],start_interpolation: 0,interpolation_duration: 0}
$data merge entity $(bone8) {transformation: [-0.2628f,-0.0702f,0.9623f,0.6406f,-0.1099f,0.993f,0.0425f,0.5421f,-0.9586f,-0.0946f,-0.2687f,0.7377f,0f,0f,0f,1f],start_interpolation: 0,interpolation_duration: 0}
$data merge entity $(bone9) {transformation: [-0.2628f,-0.0702f,0.9623f,0.8001f,-0.1099f,0.993f,0.0425f,0.7147f,-0.9586f,-0.0946f,-0.2687f,0.6666f,0f,0f,0f,1f],start_interpolation: 0,interpolation_duration: 0}
$data merge entity $(bone10) {transformation: [-0.2295f,-0.146f,0.9623f,0.6225f,-0.4035f,0.914f,0.0425f,0.5322f,-0.8858f,-0.3785f,-0.2687f,0.7143f,0f,0f,0f,1f],start_interpolation: 0,interpolation_duration: 0}
$data merge entity $(bone12) {transformation: [-0.1648f,-0.5279f,0.8332f,0.7717f,-0.915f,0.3972f,0.0707f,0.0375f,-0.3683f,-0.7507f,-0.5485f,0.9416f,0f,0f,0f,1f],start_interpolation: 0,interpolation_duration: 0}
$data merge entity $(bone15) {transformation: [0.9843f,-0.0996f,0.146f,0.3712f,-0.1661f,-0.2382f,0.9569f,0.0323f,-0.0605f,-0.9661f,-0.251f,0.9892f,0f,0f,0f,1f],start_interpolation: 0,interpolation_duration: 0}
$data merge entity $(bone14) {transformation: [0.9855f,-0.0996f,-0.1371f,0.4981f,0.1101f,-0.2382f,0.9649f,0.0475f,-0.1287f,-0.9661f,-0.2238f,0.9711f,0f,0f,0f,1f],start_interpolation: 0,interpolation_duration: 0}
$data merge entity $(bone13) {transformation: [0.8792f,-0.0996f,-0.4659f,0.6125f,0.4335f,-0.2382f,0.8691f,0.1014f,-0.1975f,-0.9661f,-0.1663f,0.9426f,0f,0f,0f,1f],start_interpolation: 0,interpolation_duration: 0}
$data merge entity $(bone18) {transformation: [-0.059f,-0.9976f,-0.0375f,0.7527f,0.5999f,-0.0054f,-0.8001f,-0.2875f,0.7979f,-0.0697f,0.5987f,1.1134f,0f,0f,0f,1f],start_interpolation: 0,interpolation_duration: 0}
$data merge entity $(bone17) {transformation: [-0.0211f,-0.9976f,-0.0667f,0.7485f,0.9738f,-0.0054f,-0.2273f,-0.0957f,0.2264f,-0.0697f,0.9715f,1.158f,0f,0f,0f,1f],start_interpolation: 0,interpolation_duration: 0}
$data merge entity $(bone16) {transformation: [0.0303f,-0.9976f,-0.063f,0.7488f,0.8646f,-0.0054f,0.5024f,0.0303f,-0.5015f,-0.0697f,0.8623f,1.0827f,0f,0f,0f,1f],start_interpolation: 0,interpolation_duration: 0}
$data merge entity $(bone27) {transformation: [-0.8397f,-0.535f,-0.0935f,1.19f,-0.0835f,-0.0429f,0.9956f,0.0295f,-0.5367f,0.8438f,-0.0086f,1.1396f,0f,0f,0f,1f],start_interpolation: 0,interpolation_duration: 0}
$data merge entity $(bone26) {transformation: [-0.8273f,-0.5555f,-0.0831f,1.0582f,-0.0804f,-0.0294f,0.9963f,0.0181f,-0.5559f,0.831f,-0.0203f,1.0589f,0f,0f,0f,1f],start_interpolation: 0,interpolation_duration: 0}
$data merge entity $(bone25) {transformation: [-0.8207f,-0.5555f,0.1338f,0.9071f,0.1802f,-0.0294f,0.9832f,0.0489f,-0.5423f,0.831f,0.1243f,0.9641f,0f,0f,0f,1f],start_interpolation: 0,interpolation_duration: 0}
$data merge entity $(bone30) {transformation: [0.1988f,-0.8763f,0.4389f,0.9112f,0.8737f,-0.0444f,-0.4845f,-0.3188f,0.444f,0.4798f,0.7568f,1.1391f,0f,0f,0f,1f],start_interpolation: 0,interpolation_duration: 0}
$data merge entity $(bone29) {transformation: [-0.0514f,-0.8763f,0.4791f,0.9049f,0.9987f,-0.0444f,0.026f,-0.1218f,-0.0015f,0.4798f,0.8774f,1.1367f,0f,0f,0f,1f],start_interpolation: 0,interpolation_duration: 0}
$data merge entity $(bone28) {transformation: [-0.3275f,-0.8763f,0.3534f,0.8342f,0.7852f,-0.0444f,0.6177f,0.0358f,-0.5256f,0.4798f,0.7026f,1.0313f,0f,0f,0f,1f],start_interpolation: 0,interpolation_duration: 0}
$data merge entity $(bone7) {transformation: [0.9623f,-0.0816f,0.2595f,0.6016f,0.0425f,0.9873f,0.1531f,0.876f,-0.2687f,-0.1364f,0.9535f,0.6877f,0f,0f,0f,1f],start_interpolation: 0,interpolation_duration: 0}
$data merge entity $(bone4) {transformation: [-0.9642f,-0.2652f,0.0011f,0.3501f,-0.2451f,0.8927f,0.3782f,1.5521f,-0.1013f,0.3644f,-0.9257f,0.9876f,0f,0f,0f,1f],start_interpolation: 0,interpolation_duration: 0}
$data merge entity $(bone62) {transformation: [-0.9129f,0.3418f,0.2231f,-0.4145f,0.406f,0.7048f,0.5817f,1.4721f,0.0416f,0.6217f,-0.7822f,0.9428f,0f,0f,0f,1f],start_interpolation: 0,interpolation_duration: 0}
$data merge entity $(bone63) {transformation: [0.2728f,0.4618f,0.844f,-0.579f,0.6442f,0.5639f,-0.5167f,1.3245f,-0.7145f,0.6847f,-0.1436f,0.7965f,0f,0f,0f,1f],start_interpolation: 0,interpolation_duration: 0}
$data merge entity $(bone65) {transformation: [-0.0627f,0.1582f,-0.9854f,-0.8294f,0.2236f,0.9645f,0.1406f,0.7786f,0.9727f,-0.2115f,-0.0959f,0.596f,0f,0f,0f,1f],start_interpolation: 0,interpolation_duration: 0}
$data merge entity $(bone66) {transformation: [-0.0627f,0.1582f,-0.9854f,-0.9798f,0.2236f,0.9645f,0.1406f,0.9632f,0.9727f,-0.2115f,-0.0959f,0.5364f,0f,0f,0f,1f],start_interpolation: 0,interpolation_duration: 0}
$data merge entity $(bone67) {transformation: [-0.0122f,0.1698f,-0.9854f,-0.8172f,0.5032f,0.8526f,0.1406f,0.7644f,0.8641f,-0.4942f,-0.0959f,0.5709f,0f,0f,0f,1f],start_interpolation: 0,interpolation_duration: 0}
$data merge entity $(bone69) {transformation: [-0.2789f,0.1045f,-0.9546f,-0.9083f,0.3922f,0.9198f,-0.0139f,0.2081f,0.8766f,-0.3783f,-0.2975f,0.7665f,0f,0f,0f,1f],start_interpolation: 0,interpolation_duration: 0}
$data merge entity $(bone72) {transformation: [0.9369f,0.2841f,0.2036f,-0.6256f,-0.2637f,0.1924f,0.9452f,0.122f,0.2294f,-0.9393f,0.2552f,0.8036f,0f,0f,0f,1f],start_interpolation: 0,interpolation_duration: 0}
$data merge entity $(bone71) {transformation: [0.7389f,0.2841f,0.611f,-0.7199f,-0.6682f,0.1924f,0.7187f,0.2095f,0.0866f,-0.9393f,0.332f,0.7917f,0f,0f,0f,1f],start_interpolation: 0,interpolation_duration: 0}
$data merge entity $(bone70) {transformation: [0.4854f,0.2841f,0.8269f,-0.7832f,-0.8737f,0.1924f,0.4468f,0.3226f,-0.0322f,-0.9393f,0.3416f,0.7923f,0f,0f,0f,1f],start_interpolation: 0,interpolation_duration: 0}
$data merge entity $(bone81) {transformation: [0.0164f,0.9876f,0.1562f,-0.8157f,-0.9989f,0.0091f,0.047f,-0.1689f,0.045f,-0.1568f,0.9866f,1.0154f,0f,0f,0f,1f],start_interpolation: 0,interpolation_duration: 0}
$data merge entity $(bone80) {transformation: [0.0583f,0.9876f,0.1459f,-0.8271f,-0.9483f,0.0091f,0.3172f,0.018f,0.3119f,-0.1568f,0.9371f,0.9539f,0f,0f,0f,1f],start_interpolation: 0,interpolation_duration: 0}
$data merge entity $(bone73) {transformation: [0.0979f,0.9876f,0.1228f,-0.8374f,-0.8162f,0.0091f,0.5777f,0.1367f,0.5694f,-0.1568f,0.807f,0.8684f,0f,0f,0f,1f],start_interpolation: 0,interpolation_duration: 0}
$data merge entity $(bone84) {transformation: [-0.7115f,0.6933f,0.1143f,-1.2524f,0.1399f,-0.0196f,0.99f,0.029f,0.6886f,0.7204f,-0.0831f,1.0185f,0f,0f,0f,1f],start_interpolation: 0,interpolation_duration: 0}
$data merge entity $(bone83) {transformation: [-0.6865f,0.7109f,-0.1524f,-1.1417f,-0.2161f,0.0007f,0.9764f,0.0636f,0.6942f,0.7033f,0.1532f,0.9157f,0f,0f,0f,1f],start_interpolation: 0,interpolation_duration: 0}
$data merge entity $(bone82) {transformation: [-0.6237f,0.7109f,-0.3249f,-1.0252f,-0.4614f,0.0007f,0.8872f,0.1456f,0.6309f,0.7033f,0.3276f,0.804f,0f,0f,0f,1f],start_interpolation: 0,interpolation_duration: 0}
$data merge entity $(bone103) {transformation: [-0.0807f,0.9476f,-0.3092f,-1.0141f,-0.9726f,-0.0069f,0.2325f,-0.179f,0.2182f,0.3195f,0.9221f,1.0735f,0f,0f,0f,1f],start_interpolation: 0,interpolation_duration: 0}
$data merge entity $(bone102) {transformation: [-0.1724f,0.9476f,-0.2691f,-0.9842f,-0.8528f,-0.0069f,0.5222f,-0.0109f,0.493f,0.3195f,0.8093f,0.975f,0f,0f,0f,1f],start_interpolation: 0,interpolation_duration: 0}
$data merge entity $(bone85) {transformation: [-0.2297f,0.9476f,-0.2222f,-0.9332f,-0.7098f,-0.0069f,0.7044f,0.1315f,0.6659f,0.3195f,0.6741f,0.8405f,0f,0f,0f,1f],start_interpolation: 0,interpolation_duration: 0}
$data merge entity $(bone64) {transformation: [0.9854f,0.1608f,-0.0558f,-0.7646f,-0.1406f,0.9538f,0.2654f,1.0994f,0.0959f,-0.2537f,0.9625f,0.5044f,0f,0f,0f,1f],start_interpolation: 0,interpolation_duration: 0}
$data merge entity $(bone61) {transformation: [-0.844f,0.4878f,0.2231f,-0.3501f,0.5167f,0.6281f,0.5817f,1.5521f,0.1436f,0.6063f,-0.7822f,0.9876f,0f,0f,0f,1f],start_interpolation: 0,interpolation_duration: 0}
$data merge entity $(bone23) {transformation: [-0.7934f,-0.6088f,0f,0.1071f,-0.081f,0.1055f,0.9911f,1.4749f,-0.6034f,0.7863f,-0.133f,1.0111f,0f,0f,0f,1f],start_interpolation: 0,interpolation_duration: 0}
$data merge entity $(bone22) {transformation: [-0.7934f,0.6088f,0f,-0.1071f,0.081f,0.1055f,0.9911f,1.4749f,0.6034f,0.7863f,-0.133f,1.0111f,0f,0f,0f,1f],start_interpolation: 0,interpolation_duration: 0}
$data merge entity $(bone89) {transformation: [-1f,0.0072f,0.0007f,0.002f,0.0058f,0.7449f,0.6672f,2.181f,0.0043f,0.6672f,-0.7449f,1.4292f,0f,0f,0f,1f],start_interpolation: 0,interpolation_duration: 0}
$data merge entity $(bone90) {transformation: [-1f,0.0069f,0.0019f,0.0013f,0.0058f,0.6177f,0.7864f,2.1126f,0.0043f,0.7864f,-0.6177f,1.3562f,0f,0f,0f,1f],start_interpolation: 0,interpolation_duration: 0}
$data merge entity $(bone88) {transformation: [-1f,0.0071f,0.0013f,0.0312f,0.0058f,0.6839f,0.7296f,1.9633f,0.0043f,0.7296f,-0.6839f,1.2518f,0f,0f,0f,1f],start_interpolation: 0,interpolation_duration: 0}
$data merge entity $(bone42) {transformation: [-1f,0f,0f,0f,0f,0.7301f,0.6833f,1.7019f,0f,0.6833f,-0.7301f,1.6794f,0f,0f,0f,1f],start_interpolation: 0,interpolation_duration: 0}
$data merge entity $(bone87) {transformation: [-0.9998f,0.0157f,-0.0096f,-0.0044f,0.0044f,0.7096f,0.7046f,1.2972f,0.0179f,0.7045f,-0.7095f,2.2697f,0f,0f,0f,1f],start_interpolation: 0,interpolation_duration: 0}
$data merge entity $(bone86) {transformation: [-1f,0f,0f,0f,0f,0.784f,0.6208f,1.435f,0f,0.6208f,-0.784f,2.0878f,0f,0f,0f,1f],start_interpolation: 0,interpolation_duration: 0}
$data merge entity $(bone92) {transformation: [-0.8818f,0.2593f,-0.3939f,0.1194f,-0.0268f,0.8064f,0.5907f,1.7778f,0.4709f,0.5314f,-0.7042f,1.7131f,0f,0f,0f,1f],start_interpolation: 0,interpolation_duration: 0}
$data merge entity $(bone3) {transformation: [-0.8818f,-0.2593f,0.3939f,-0.1194f,0.0268f,0.8064f,0.5907f,1.7778f,-0.4709f,0.5314f,-0.7042f,1.7131f,0f,0f,0f,1f],start_interpolation: 0,interpolation_duration: 0}
$data merge entity $(head) {transformation: [-1f,0f,0f,0f,0f,0.8154f,0.5789f,1.6821f,0f,0.5789f,-0.8154f,1.4967f,0f,0f,0f,1f],start_interpolation: 0,interpolation_duration: 0}
$data merge entity $(neck) {transformation: [-1f,0f,0f,0f,0f,0.6378f,0.7702f,1.5745f,0f,0.7702f,-0.6378f,1.3668f,0f,0f,0f,1f],start_interpolation: 0,interpolation_duration: 0}
$data merge entity $(bone2) {transformation: [-1f,0f,0f,0f,0f,0.133f,0.9911f,1.5116f,0f,0.9911f,-0.133f,1.0551f,0f,0f,0f,1f],start_interpolation: 0,interpolation_duration: 0}
$data merge entity $(bone136) {transformation: [-1f,0f,0f,0f,0f,0.1847f,0.9916f,1.4929f,0f,0.9828f,-0.1863f,0.8593f,0f,0f,0f,1f],start_interpolation: 0,interpolation_duration: 0}
$data merge entity $(bone118) {transformation: [-0.068f,-0.849f,-0.524f,0.2564f,0.9921f,-0.1128f,0.0541f,1.6545f,-0.105f,-0.5162f,0.85f,0.7738f,0f,0f,0f,1f],start_interpolation: 0,interpolation_duration: 0}
$data merge entity $(bone119) {transformation: [-0.1313f,-0.849f,-0.5118f,0.7359f,0.9913f,-0.1128f,-0.0672f,1.6812f,-0.0007f,-0.5162f,0.8565f,-0.0323f,0f,0f,0f,1f],start_interpolation: 0,interpolation_duration: 0}
$data merge entity $(bone120) {transformation: [-0.4969f,-0.849f,0.1798f,1.6141f,-0.1619f,-0.1128f,-0.9803f,0.9542f,0.8526f,-0.5162f,-0.0814f,0.6361f,0f,0f,0f,1f],start_interpolation: 0,interpolation_duration: 0}
$data merge entity $(bone121) {transformation: [0f,0f,0f,0.9887f,0f,0f,0f,1.7843f,0f,0f,0f,-0.459f,0f,0f,0f,1f],start_interpolation: 0,interpolation_duration: 0}
$data merge entity $(bone123) {transformation: [0.0169f,-1.7312f,-1.0637f,0.9293f,1.9924f,-0.1944f,0.3482f,1.195f,-0.3984f,-1.0459f,1.696f,2.3789f,0f,0f,0f,1f],start_interpolation: 0,interpolation_duration: 0}
$data merge entity $(bone124) {transformation: [-0.1274f,-0.852f,-0.5078f,0.7374f,0.9915f,-0.0957f,-0.0883f,2.6543f,0.0266f,-0.5147f,0.8569f,-0.2553f,0f,0f,0f,1f],start_interpolation: 0,interpolation_duration: 0}
$data merge entity $(bone122) {transformation: [-0.3922f,-1.3128f,-0.7049f,0.563f,1.4404f,-0.1474f,-0.5268f,2.6321f,0.3814f,-0.7931f,1.2648f,0.0359f,0f,0f,0f,1f],start_interpolation: 0,interpolation_duration: 0}
$data merge entity $(bone126) {transformation: [0.265f,-0.852f,-0.4515f,1.1551f,0.7691f,-0.0957f,0.632f,1.9493f,-0.5816f,-0.5147f,0.6299f,-0.8144f,0f,0f,0f,1f],start_interpolation: 0,interpolation_duration: 0}
$data merge entity $(bone127) {transformation: [0.1391f,-0.852f,-0.5047f,0.8089f,0.9064f,-0.0957f,0.4114f,2.3366f,-0.3988f,-0.5147f,0.759f,-0.3146f,0f,0f,0f,1f],start_interpolation: 0,interpolation_duration: 0}
$data merge entity $(bone125) {transformation: [0.0053f,-1.1944f,-0.7339f,0.6412f,1.3767f,-0.1341f,0.2282f,2.4907f,-0.2646f,-0.7216f,1.1724f,-0.0582f,0f,0f,0f,1f],start_interpolation: 0,interpolation_duration: 0}
$data merge entity $(bone129) {transformation: [1.0291f,-1.5889f,-0.2298f,0.4621f,0.1255f,-0.1784f,2.0009f,3.7201f,-1.7267f,-0.9599f,0.0084f,2.6829f,0f,0f,0f,1f],start_interpolation: 0,interpolation_duration: 0}
$data merge entity $(bone130) {transformation: [0.5293f,-0.852f,-0.1988f,0.8696f,0.216f,-0.0957f,1.0531f,1.5008f,-0.9163f,-0.5147f,0.1333f,-0.2597f,0f,0f,0f,1f],start_interpolation: 0,interpolation_duration: 0}
$data merge entity $(bone131) {transformation: [0.448f,-0.852f,-0.3449f,0.7183f,0.5144f,-0.0957f,0.944f,2.0763f,-0.8373f,-0.5147f,0.3954f,-0.1162f,0f,0f,0f,1f],start_interpolation: 0,interpolation_duration: 0}
$data merge entity $(bone128) {transformation: [0.3621f,-0.8982f,-0.4735f,0.6075f,0.7814f,-0.1009f,0.8209f,2.3764f,-0.7447f,-0.5426f,0.6311f,0.0007f,0f,0f,0f,1f],start_interpolation: 0,interpolation_duration: 0}
$data merge entity $(bone132) {transformation: [-0.2261f,-0.852f,-0.4722f,0.4837f,0.954f,-0.0957f,-0.2842f,2.5063f,0.1969f,-0.5147f,0.8344f,0.2043f,0f,0f,0f,1f],start_interpolation: 0,interpolation_duration: 0}
$data merge entity $(bone133) {transformation: [-0.3954f,-1.4464f,-0.6974f,0.5484f,1.6682f,-0.1624f,-0.4197f,2.5268f,0.3444f,-0.8738f,1.2325f,0.1051f,0f,0f,0f,1f],start_interpolation: 0,interpolation_duration: 0}
$data merge entity $(w5) {transformation: [-0.2261f,-0.852f,-0.4722f,0.5575f,0.954f,-0.0957f,-0.2842f,2.4599f,0.1969f,-0.5147f,0.8344f,0.1156f,0f,0f,0f,1f],start_interpolation: 0,interpolation_duration: 0}
$data merge entity $(w2) {transformation: [-0.5101f,-0.849f,-0.1377f,0.7096f,0.4296f,-0.1128f,-0.8959f,1.6974f,0.7451f,-0.5162f,0.4223f,-0.0158f,0f,0f,0f,1f],start_interpolation: 0,interpolation_duration: 0}
$data merge entity $(wing3) {transformation: [-0.068f,-0.849f,-0.524f,0.2175f,0.9921f,-0.1128f,0.0541f,1.7584f,-0.105f,-0.5162f,0.85f,0.7802f,0f,0f,0f,1f],start_interpolation: 0,interpolation_duration: 0}
$data merge entity $(bone104) {transformation: [-0.068f,0.849f,0.524f,-0.2564f,-0.9921f,-0.1128f,0.0541f,1.6545f,0.105f,-0.5162f,0.85f,0.7738f,0f,0f,0f,1f],start_interpolation: 0,interpolation_duration: 0}
$data merge entity $(bone105) {transformation: [-0.1313f,0.849f,0.5118f,-0.7359f,-0.9913f,-0.1128f,-0.0672f,1.6812f,0.0007f,-0.5162f,0.8565f,-0.0323f,0f,0f,0f,1f],start_interpolation: 0,interpolation_duration: 0}
$data merge entity $(bone106) {transformation: [-0.4969f,0.849f,-0.1798f,-1.6141f,0.1619f,-0.1128f,-0.9803f,0.9542f,-0.8526f,-0.5162f,-0.0814f,0.6361f,0f,0f,0f,1f],start_interpolation: 0,interpolation_duration: 0}
$data merge entity $(bone107) {transformation: [0f,0f,0f,-0.9887f,0f,0f,0f,1.7843f,0f,0f,0f,-0.459f,0f,0f,0f,1f],start_interpolation: 0,interpolation_duration: 0}
$data merge entity $(bone109) {transformation: [0.034f,1.7312f,1.0001f,-0.9611f,-1.827f,-0.1944f,0.2928f,1.3055f,0.3959f,-1.0459f,1.6011f,2.3058f,0f,0f,0f,1f],start_interpolation: 0,interpolation_duration: 0}
$data merge entity $(bone110) {transformation: [-0.1112f,0.852f,0.4798f,-0.7277f,-0.9058f,-0.0957f,-0.0935f,2.6568f,-0.0157f,-0.5147f,0.8115f,-0.2397f,0f,0f,0f,1f],start_interpolation: 0,interpolation_duration: 0}
$data merge entity $(bone108) {transformation: [-0.3569f,1.3128f,0.6697f,-0.563f,-1.3108f,-0.1474f,-0.5004f,2.6321f,-0.347f,-0.7931f,1.2015f,0.0359f,0f,0f,0f,1f],start_interpolation: 0,interpolation_duration: 0}
$data merge entity $(bone112) {transformation: [0.265f,0.852f,0.4515f,-1.1551f,-0.7691f,-0.0957f,0.632f,1.9493f,0.5816f,-0.5147f,0.6299f,-0.8144f,0f,0f,0f,1f],start_interpolation: 0,interpolation_duration: 0}
$data merge entity $(bone113) {transformation: [0.1391f,0.852f,0.5047f,-0.8089f,-0.9064f,-0.0957f,0.4114f,2.3366f,0.3988f,-0.5147f,0.759f,-0.3146f,0f,0f,0f,1f],start_interpolation: 0,interpolation_duration: 0}
$data merge entity $(bone111) {transformation: [0.0053f,1.1944f,0.7339f,-0.6412f,-1.3767f,-0.1341f,0.2282f,2.4907f,0.2646f,-0.7216f,1.1724f,-0.0582f,0f,0f,0f,1f],start_interpolation: 0,interpolation_duration: 0}
$data merge entity $(bone115) {transformation: [1.0291f,1.5889f,0.2298f,-0.4621f,-0.1255f,-0.1784f,2.0009f,3.7201f,1.7267f,-0.9599f,0.0084f,2.6829f,0f,0f,0f,1f],start_interpolation: 0,interpolation_duration: 0}
$data merge entity $(bone116) {transformation: [0.5293f,0.852f,0.1988f,-0.8696f,-0.216f,-0.0957f,1.0531f,1.5008f,0.9163f,-0.5147f,0.1333f,-0.2597f,0f,0f,0f,1f],start_interpolation: 0,interpolation_duration: 0}
$data merge entity $(bone117) {transformation: [0.448f,0.852f,0.3449f,-0.7183f,-0.5144f,-0.0957f,0.944f,2.0763f,0.8373f,-0.5147f,0.3954f,-0.1162f,0f,0f,0f,1f],start_interpolation: 0,interpolation_duration: 0}
$data merge entity $(bone114) {transformation: [0.3621f,0.8982f,0.4735f,-0.6075f,-0.7814f,-0.1009f,0.8209f,2.3764f,0.7447f,-0.5426f,0.6311f,0.0007f,0f,0f,0f,1f],start_interpolation: 0,interpolation_duration: 0}
$data merge entity $(bone134) {transformation: [-0.2261f,0.852f,0.4722f,-0.4837f,-0.954f,-0.0957f,-0.2842f,2.5063f,-0.1969f,-0.5147f,0.8344f,0.2043f,0f,0f,0f,1f],start_interpolation: 0,interpolation_duration: 0}
$data merge entity $(bone135) {transformation: [-0.3954f,1.4464f,0.6974f,-0.5484f,-1.6682f,-0.1624f,-0.4197f,2.5268f,-0.3444f,-0.8738f,1.2325f,0.1051f,0f,0f,0f,1f],start_interpolation: 0,interpolation_duration: 0}
$data merge entity $(w4) {transformation: [-0.2261f,0.852f,0.4722f,-0.5575f,-0.954f,-0.0957f,-0.2842f,2.4599f,-0.1969f,-0.5147f,0.8344f,0.1156f,0f,0f,0f,1f],start_interpolation: 0,interpolation_duration: 0}
$data merge entity $(w3) {transformation: [-0.5101f,0.849f,0.1377f,-0.7096f,-0.4296f,-0.1128f,-0.8959f,1.6974f,-0.7451f,-0.5162f,0.4223f,-0.0158f,0f,0f,0f,1f],start_interpolation: 0,interpolation_duration: 0}
$data merge entity $(wing2) {transformation: [-0.068f,0.849f,0.524f,-0.2175f,-0.9921f,-0.1128f,0.0541f,1.7584f,0.105f,-0.5162f,0.85f,0.7802f,0f,0f,0f,1f],start_interpolation: 0,interpolation_duration: 0}
$data merge entity $(bone20) {transformation: [-1f,0f,0f,-0.1563f,0f,-0.1712f,0.9852f,1.5105f,0f,0.9852f,0.1712f,0.3246f,0f,0f,0f,1f],start_interpolation: 0,interpolation_duration: 0}
$data merge entity $(bone101) {transformation: [-1f,0f,0f,0f,0f,-0.3949f,0.9187f,1.193f,0f,0.9187f,0.3949f,-2.6329f,0f,0f,0f,1f],start_interpolation: 0,interpolation_duration: 0}
$data merge entity $(bone100) {transformation: [-1f,0f,0f,0f,0f,0.0483f,0.9988f,0.7407f,0f,0.9988f,-0.0483f,-2.6048f,0f,0f,0f,1f],start_interpolation: 0,interpolation_duration: 0}
$data merge entity $(bone99) {transformation: [-1f,0f,0f,0f,0f,0.4494f,0.8933f,0.2884f,0f,0.8933f,-0.4494f,-2.3773f,0f,0f,0f,1f],start_interpolation: 0,interpolation_duration: 0}
$data merge entity $(bone98) {transformation: [-1f,0f,0f,0f,0f,0.8777f,0.4792f,0.0518f,0f,0.4792f,-0.8777f,-1.9439f,0f,0f,0f,1f],start_interpolation: 0,interpolation_duration: 0}
$data merge entity $(bone97) {transformation: [-1f,0f,0f,0f,0f,0.9911f,-0.1329f,0.1199f,0f,-0.1329f,-0.9911f,-1.436f,0f,0f,0f,1f],start_interpolation: 0,interpolation_duration: 0}
$data merge entity $(bone96) {transformation: [-1f,0f,0f,0f,0f,0.8648f,-0.5021f,0.371f,0f,-0.5021f,-0.8648f,-1.0035f,0f,0f,0f,1f],start_interpolation: 0,interpolation_duration: 0}
$data merge entity $(bone95) {transformation: [-1f,0f,0f,0f,0f,0.6738f,-0.7389f,0.7358f,0f,-0.7389f,-0.6738f,-0.6708f,0f,0f,0f,1f],start_interpolation: 0,interpolation_duration: 0}
$data merge entity $(bone94) {transformation: [-1f,0f,0f,0f,0f,0.6069f,-0.7948f,1.1282f,0f,-0.7948f,-0.6069f,-0.3712f,0f,0f,0f,1f],start_interpolation: 0,interpolation_duration: 0}
$data merge entity $(bone93) {transformation: [-1f,0f,0f,0f,0f,0.7357f,-0.6774f,1.3843f,0f,-0.6774f,-0.7357f,-0.093f,0f,0f,0f,1f],start_interpolation: 0,interpolation_duration: 0}
$data merge entity $(bone) {transformation: [-1f,0f,0f,0f,0f,0.5373f,0.8434f,1.2921f,0f,0.8434f,-0.5373f,-0.0343f,0f,0f,0f,1f],start_interpolation: 0,interpolation_duration: 0}
$data merge entity $(bone24) {transformation: [-0.9666f,-0.256f,-0.0131f,0.1031f,-0.2558f,0.96f,0.1138f,1.2334f,-0.0166f,0.1133f,-0.9934f,-0.0352f,0f,0f,0f,1f],start_interpolation: 0,interpolation_duration: 0}
$data merge entity $(bone32) {transformation: [-0.9975f,-0.0419f,-0.0565f,0.2247f,-0.0679f,0.3645f,0.9287f,0.5999f,-0.0183f,0.9303f,-0.3664f,-0.3549f,0f,0f,0f,1f],start_interpolation: 0,interpolation_duration: 0}
$data merge entity $(bone36) {transformation: [-0.9987f,-0.0413f,-0.0301f,0.3385f,-0.0385f,0.9954f,-0.0875f,0.2671f,0.0335f,-0.0862f,-0.9957f,-1.0414f,0f,0f,0f,1f],start_interpolation: 0,interpolation_duration: 0}
$data merge entity $(bone35) {transformation: [-0.9987f,-0.0207f,-0.0467f,0.2968f,-0.0385f,0.9058f,0.4219f,0.3987f,0.0335f,0.4232f,-0.9054f,-0.9735f,0f,0f,0f,1f],start_interpolation: 0,interpolation_duration: 0}
$data merge entity $(bone34) {transformation: [-0.9987f,-0.0144f,-0.049f,0.2967f,-0.0385f,0.843f,0.5365f,0.4808f,0.0335f,0.5377f,-0.8424f,-0.9237f,0f,0f,0f,1f],start_interpolation: 0,interpolation_duration: 0}
$data merge entity $(bone77) {transformation: [-0.9282f,0.3719f,0.0091f,0.1041f,-0.0285f,-0.0467f,-0.9985f,0.0696f,-0.3709f,-0.9271f,0.054f,-0.3585f,0f,0f,0f,1f],start_interpolation: 0,interpolation_duration: 0}
$data merge entity $(bone75) {transformation: [-0.9282f,0.3719f,0.0091f,0.1696f,-0.0285f,-0.0467f,-0.9985f,0.0627f,-0.3709f,-0.9271f,0.054f,-0.5326f,0f,0f,0f,1f],start_interpolation: 0,interpolation_duration: 0}
$data merge entity $(bone39) {transformation: [-0.9282f,0.3719f,0.0091f,0.2344f,-0.0285f,-0.0467f,-0.9985f,0.0528f,-0.3709f,-0.9271f,0.054f,-0.6904f,0f,0f,0f,1f],start_interpolation: 0,interpolation_duration: 0}
$data merge entity $(bone76) {transformation: [-0.9658f,-0.2591f,-0.0022f,0.4948f,0.0033f,-0.004f,-1f,0.0547f,0.2591f,-0.9658f,0.0047f,-0.3298f,0f,0f,0f,1f],start_interpolation: 0,interpolation_duration: 0}
$data merge entity $(bone74) {transformation: [-0.9658f,-0.2591f,-0.0022f,0.4823f,0.0033f,-0.004f,-1f,0.063f,0.2591f,-0.9658f,0.0047f,-0.5263f,0f,0f,0f,1f],start_interpolation: 0,interpolation_duration: 0}
$data merge entity $(bone40) {transformation: [-0.9658f,-0.2591f,-0.0022f,0.4368f,0.0033f,-0.004f,-1f,0.0602f,0.2591f,-0.9658f,0.0047f,-0.6909f,0f,0f,0f,1f],start_interpolation: 0,interpolation_duration: 0}
$data merge entity $(bone79) {transformation: [-0.9983f,0.0529f,0.0232f,0.3054f,-0.0236f,-0.0059f,-0.9997f,0.0605f,-0.0527f,-0.9986f,0.0071f,-0.2923f,0f,0f,0f,1f],start_interpolation: 0,interpolation_duration: 0}
$data merge entity $(bone78) {transformation: [-0.9983f,0.0529f,0.0232f,0.32f,-0.0236f,-0.0059f,-0.9997f,0.0614f,-0.0527f,-0.9986f,0.0071f,-0.4926f,0f,0f,0f,1f],start_interpolation: 0,interpolation_duration: 0}
$data merge entity $(bone41) {transformation: [-0.9983f,0.0529f,0.0232f,0.3292f,-0.0236f,-0.0059f,-0.9997f,0.0581f,-0.0527f,-0.9986f,0.0071f,-0.6917f,0f,0f,0f,1f],start_interpolation: 0,interpolation_duration: 0}
$data merge entity $(bone38) {transformation: [-0.9998f,-0.0137f,0.0159f,0.3364f,-0.0197f,0.8707f,-0.4913f,0.3079f,-0.0071f,-0.4916f,-0.8708f,-0.8073f,0f,0f,0f,1f],start_interpolation: 0,interpolation_duration: 0}
$data merge entity $(bone33) {transformation: [-0.9985f,-0.0513f,-0.0205f,0.3125f,-0.0552f,0.9046f,0.4228f,0.5476f,-0.0031f,0.4232f,-0.906f,-0.6945f,0f,0f,0f,1f],start_interpolation: 0,interpolation_duration: 0}
$data merge entity $(bone31) {transformation: [-0.9975f,-0.032f,-0.0626f,0.2819f,-0.0679f,0.2062f,0.9762f,0.5966f,-0.0183f,0.978f,-0.2078f,0.1688f,0f,0f,0f,1f],start_interpolation: 0,interpolation_duration: 0}
$data merge entity $(bone19) {transformation: [-0.9852f,-0.1693f,0.0257f,0.1713f,-0.1711f,0.9792f,-0.1093f,1.241f,-0.0066f,-0.1121f,-0.9937f,-0.0343f,0f,0f,0f,1f],start_interpolation: 0,interpolation_duration: 0}
$data merge entity $(bone44) {transformation: [-0.7968f,0.5397f,0.2717f,-0.1115f,0.1715f,0.6332f,-0.7548f,1.235f,-0.5794f,-0.5548f,-0.5971f,-0.0011f,0f,0f,0f,1f],start_interpolation: 0,interpolation_duration: 0}
$data merge entity $(bone46) {transformation: [-0.8902f,-0.2288f,0.3939f,-0.2919f,0.067f,0.7895f,0.6101f,0.7798f,-0.4505f,0.5695f,-0.6875f,0.1268f,0f,0f,0f,1f],start_interpolation: 0,interpolation_duration: 0}
$data merge entity $(bone50) {transformation: [-0.872f,-0.1325f,0.4712f,-0.0809f,0.032f,0.9452f,0.325f,0.3322f,-0.4884f,0.2984f,-0.82f,-0.5319f,0f,0f,0f,1f],start_interpolation: 0,interpolation_duration: 0}
$data merge entity $(bone49) {transformation: [-0.872f,-0.3504f,0.3418f,-0.1005f,0.032f,0.6561f,0.754f,0.4256f,-0.4884f,0.6685f,-0.5609f,-0.4113f,0f,0f,0f,1f],start_interpolation: 0,interpolation_duration: 0}
$data merge entity $(bone48) {transformation: [-0.872f,-0.392f,0.2932f,-0.1387f,0.032f,0.552f,0.8332f,0.4803f,-0.4884f,0.7359f,-0.4689f,-0.3423f,0f,0f,0f,1f],start_interpolation: 0,interpolation_duration: 0}
$data merge entity $(bone54) {transformation: [-0.981f,0.1929f,-0.0191f,-0.2578f,0.0058f,-0.0694f,-0.9976f,0.0675f,-0.1938f,-0.9788f,0.067f,0.2162f,0f,0f,0f,1f],start_interpolation: 0,interpolation_duration: 0}
$data merge entity $(bone53) {transformation: [-0.981f,0.1929f,-0.0191f,-0.2179f,0.0058f,-0.0694f,-0.9976f,0.0566f,-0.1938f,-0.9788f,0.067f,0.0346f,0f,0f,0f,1f],start_interpolation: 0,interpolation_duration: 0}
$data merge entity $(bone52) {transformation: [-0.981f,0.1929f,-0.0191f,-0.1863f,0.0058f,-0.0694f,-0.9976f,0.0427f,-0.1938f,-0.9788f,0.067f,-0.1326f,0f,0f,0f,1f],start_interpolation: 0,interpolation_duration: 0}
$data merge entity $(bone57) {transformation: [-0.729f,0.6844f,-0.0115f,-0.587f,-0.0031f,-0.02f,-0.9998f,0.057f,-0.6845f,-0.7289f,0.0167f,0.0646f,0f,0f,0f,1f],start_interpolation: 0,interpolation_duration: 0}
$data merge entity $(bone56) {transformation: [-0.729f,0.6844f,-0.0115f,-0.4832f,-0.0031f,-0.02f,-0.9998f,0.0622f,-0.6845f,-0.7289f,0.0167f,-0.1028f,0f,0f,0f,1f],start_interpolation: 0,interpolation_duration: 0}
$data merge entity $(bone55) {transformation: [-0.729f,0.6844f,-0.0115f,-0.3653f,-0.0031f,-0.02f,-0.9998f,0.0567f,-0.6845f,-0.7289f,0.0167f,-0.2263f,0f,0f,0f,1f],start_interpolation: 0,interpolation_duration: 0}
$data merge entity $(bone60) {transformation: [-0.8815f,0.4701f,-0.0443f,-0.4555f,0.02f,-0.0565f,-0.9982f,0.0738f,-0.4717f,-0.8808f,0.0404f,0.1764f,0f,0f,0f,1f],start_interpolation: 0,interpolation_duration: 0}
$data merge entity $(bone59) {transformation: [-0.8815f,0.4701f,-0.0443f,-0.3645f,0.02f,-0.0565f,-0.9982f,0.0646f,-0.4717f,-0.8808f,0.0404f,-0.0024f,0f,0f,0f,1f],start_interpolation: 0,interpolation_duration: 0}
$data merge entity $(bone58) {transformation: [-0.8815f,0.4701f,-0.0443f,-0.2698f,0.02f,-0.0565f,-0.9982f,0.0512f,-0.4717f,-0.8808f,0.0404f,-0.1772f,0f,0f,0f,1f],start_interpolation: 0,interpolation_duration: 0}
$data merge entity $(bone51) {transformation: [-0.8882f,0.2094f,0.409f,-0.2313f,0.0508f,0.9294f,-0.3655f,0.3147f,-0.4567f,-0.3038f,-0.8361f,-0.2474f,0f,0f,0f,1f],start_interpolation: 0,interpolation_duration: 0}
$data merge entity $(bone47) {transformation: [-0.8882f,-0.1258f,0.442f,-0.2558f,0.0508f,0.929f,0.3666f,0.5609f,-0.4567f,0.3481f,-0.8187f,-0.1499f,0f,0f,0f,1f],start_interpolation: 0,interpolation_duration: 0}
$data merge entity $(bone45) {transformation: [-0.8902f,-0.2906f,0.3507f,-0.5397f,0.067f,0.678f,0.732f,1.0452f,-0.4505f,0.6752f,-0.5841f,0.5086f,0f,0f,0f,1f],start_interpolation: 0,interpolation_duration: 0}
$data merge entity $(bone43) {transformation: [-0.8408f,0.5174f,0.1594f,-0.1713f,0.1157f,0.4594f,-0.8807f,1.241f,-0.5289f,-0.722f,-0.4461f,-0.0343f,0f,0f,0f,1f],start_interpolation: 0,interpolation_duration: 0}