# This file was generated by Animated Java via MC-Build. It is not recommended to edit this file directly.
$data merge entity $(bone5) {transformation: [-0.9947f,-0.1023f,0.0052f,0.3851f,-0.0944f,0.935f,0.3418f,1.4816f,-0.0399f,0.3395f,-0.9398f,0.9757f,0f,0f,0f,1f],start_interpolation: 0,interpolation_duration: 0}
$data merge entity $(bone6) {transformation: [0.0225f,-0.2642f,-0.9642f,0.4945f,-0.4346f,0.8659f,-0.2474f,1.2519f,0.9003f,0.4247f,-0.0954f,0.9013f,0f,0f,0f,1f],start_interpolation: 0,interpolation_duration: 0}
$data merge entity $(bone8) {transformation: [-0.2641f,-0.0591f,0.9627f,0.6369f,-0.0813f,0.9959f,0.0388f,0.5643f,-0.9611f,-0.068f,-0.2678f,0.7552f,0f,0f,0f,1f],start_interpolation: 0,interpolation_duration: 0}
$data merge entity $(bone9) {transformation: [-0.2641f,-0.0591f,0.9627f,0.7983f,-0.0813f,0.9959f,0.0388f,0.7369f,-0.9611f,-0.068f,-0.2678f,0.6887f,0f,0f,0f,1f],start_interpolation: 0,interpolation_duration: 0}
$data merge entity $(bone10) {transformation: [-0.2341f,-0.1358f,0.9627f,0.6187f,-0.377f,0.9254f,0.0388f,0.5552f,-0.8961f,-0.3539f,-0.2678f,0.7315f,0f,0f,0f,1f],start_interpolation: 0,interpolation_duration: 0}
$data merge entity $(bone12) {transformation: [-0.1748f,-0.5236f,0.8339f,0.7624f,-0.9032f,0.4225f,0.076f,0.0531f,-0.3921f,-0.7398f,-0.5467f,0.9455f,0f,0f,0f,1f],start_interpolation: 0,interpolation_duration: 0}
$data merge entity $(bone15) {transformation: [0.9843f,-0.1038f,0.1426f,0.3683f,-0.1623f,-0.216f,0.9628f,0.0333f,-0.0691f,-0.9709f,-0.2294f,0.9971f,0f,0f,0f,1f],start_interpolation: 0,interpolation_duration: 0}
$data merge entity $(bone14) {transformation: [0.9741f,-0.1038f,-0.2009f,0.4936f,0.1751f,-0.216f,0.9606f,0.0569f,-0.1431f,-0.9709f,-0.1922f,0.9771f,0f,0f,0f,1f],start_interpolation: 0,interpolation_duration: 0}
$data merge entity $(bone13) {transformation: [0.8466f,-0.1038f,-0.522f,0.6038f,0.4931f,-0.216f,0.8427f,0.1187f,-0.2002f,-0.9709f,-0.1317f,0.9482f,0f,0f,0f,1f],start_interpolation: 0,interpolation_duration: 0}
$data merge entity $(bone18) {transformation: [-0.0487f,-0.9971f,-0.0593f,0.7388f,0.9569f,-0.0295f,-0.289f,-0.2379f,0.2864f,-0.0708f,0.9555f,1.2723f,0f,0f,0f,1f],start_interpolation: 0,interpolation_duration: 0}
$data merge entity $(bone17) {transformation: [0.0008f,-0.9971f,-0.0767f,0.739f,0.9188f,-0.0295f,0.3936f,-0.0568f,-0.3947f,-0.0708f,0.9161f,1.1945f,0f,0f,0f,1f],start_interpolation: 0,interpolation_duration: 0}
$data merge entity $(bone16) {transformation: [0.0313f,-0.9971f,-0.07f,0.7394f,0.6856f,-0.0295f,0.7274f,0.0424f,-0.7273f,-0.0708f,0.6827f,1.0864f,0f,0f,0f,1f],start_interpolation: 0,interpolation_duration: 0}
$data merge entity $(bone27) {transformation: [-0.8456f,-0.5271f,-0.084f,1.1823f,-0.0608f,-0.0612f,0.9963f,0.0355f,-0.5303f,0.8476f,0.0198f,1.1403f,0f,0f,0f,1f],start_interpolation: 0,interpolation_duration: 0}
$data merge entity $(bone26) {transformation: [-0.8335f,-0.5476f,-0.0737f,1.0497f,-0.0572f,-0.0472f,0.9972f,0.0275f,-0.5496f,0.8354f,0.008f,1.0606f,0f,0f,0f,1f],start_interpolation: 0,interpolation_duration: 0}
$data merge entity $(bone25) {transformation: [-0.8241f,-0.5476f,0.1445f,0.8979f,0.2029f,-0.0472f,0.9781f,0.0624f,-0.5288f,0.8354f,0.15f,0.9683f,0f,0f,0f,1f],start_interpolation: 0,interpolation_duration: 0}
$data merge entity $(bone30) {transformation: [-0.0113f,-0.874f,0.4857f,0.9621f,0.9968f,-0.0483f,-0.0638f,-0.2379f,0.0792f,0.4834f,0.8718f,1.2544f,0f,0f,0f,1f],start_interpolation: 0,interpolation_duration: 0}
$data merge entity $(bone29) {transformation: [-0.2563f,-0.874f,0.4128f,0.9153f,0.8912f,-0.0483f,0.451f,-0.0621f,-0.3742f,0.4834f,0.7914f,1.1786f,0f,0f,0f,1f],start_interpolation: 0,interpolation_duration: 0}
$data merge entity $(bone28) {transformation: [-0.4263f,-0.874f,0.2331f,0.8249f,0.5536f,-0.0483f,0.8314f,0.0483f,-0.7154f,0.4834f,0.5045f,1.0351f,0f,0f,0f,1f],start_interpolation: 0,interpolation_duration: 0}
$data merge entity $(bone7) {transformation: [0.9627f,-0.0705f,0.2613f,0.6017f,0.0388f,0.9914f,0.1247f,0.8998f,-0.2678f,-0.1099f,0.9572f,0.7142f,0f,0f,0f,1f],start_interpolation: 0,interpolation_duration: 0}
$data merge entity $(bone4) {transformation: [-0.9642f,-0.2651f,0.0052f,0.3501f,-0.2474f,0.9066f,0.3418f,1.5875f,-0.0954f,0.3282f,-0.9398f,0.9864f,0f,0f,0f,1f],start_interpolation: 0,interpolation_duration: 0}
$data merge entity $(bone62) {transformation: [-0.9102f,0.359f,0.2064f,-0.4158f,0.4119f,0.7329f,0.5415f,1.5056f,0.0432f,0.5779f,-0.815f,0.9472f,0f,0f,0f,1f],start_interpolation: 0,interpolation_duration: 0}
$data merge entity $(bone63) {transformation: [0.258f,0.48f,0.8385f,-0.5843f,0.607f,0.5946f,-0.5272f,1.3518f,-0.7517f,0.645f,-0.138f,0.8122f,0f,0f,0f,1f],start_interpolation: 0,interpolation_duration: 0}
$data merge entity $(bone65) {transformation: [-0.0518f,0.1528f,-0.9869f,-0.8403f,0.1898f,0.9717f,0.1404f,0.7895f,0.9805f,-0.18f,-0.0793f,0.6173f,0f,0f,0f,1f],start_interpolation: 0,interpolation_duration: 0}
$data merge entity $(bone66) {transformation: [-0.0518f,0.1528f,-0.9869f,-0.992f,0.1898f,0.9717f,0.1404f,0.9755f,0.9805f,-0.18f,-0.0793f,0.5658f,0f,0f,0f,1f],start_interpolation: 0,interpolation_duration: 0}
$data merge entity $(bone67) {transformation: [-0.0035f,0.1613f,-0.9869f,-0.8284f,0.4732f,0.8697f,0.1404f,0.7763f,0.881f,-0.4665f,-0.0793f,0.5916f,0f,0f,0f,1f],start_interpolation: 0,interpolation_duration: 0}
$data merge entity $(bone69) {transformation: [-0.2683f,0.1007f,-0.958f,-0.9162f,0.373f,0.9278f,-0.0069f,0.2137f,0.8882f,-0.3593f,-0.2865f,0.7712f,0f,0f,0f,1f],start_interpolation: 0,interpolation_duration: 0}
$data merge entity $(bone72) {transformation: [0.9275f,0.2732f,0.2552f,-0.6331f,-0.317f,0.2128f,0.9243f,0.1268f,0.1982f,-0.9381f,0.2839f,0.8032f,0f,0f,0f,1f],start_interpolation: 0,interpolation_duration: 0}
$data merge entity $(bone71) {transformation: [0.7394f,0.2732f,0.6153f,-0.7274f,-0.6703f,0.2128f,0.711f,0.2146f,0.0633f,-0.9381f,0.3404f,0.7943f,0f,0f,0f,1f],start_interpolation: 0,interpolation_duration: 0}
$data merge entity $(bone70) {transformation: [0.4844f,0.2732f,0.8311f,-0.7907f,-0.873f,0.2128f,0.4388f,0.3276f,-0.057f,-0.9381f,0.3415f,0.798f,0f,0f,0f,1f],start_interpolation: 0,interpolation_duration: 0}
$data merge entity $(bone81) {transformation: [0.1051f,0.9869f,0.1226f,-0.8073f,-0.8646f,0.0298f,0.5016f,-0.1117f,0.4914f,-0.1587f,0.8564f,1.0797f,0f,0f,0f,1f],start_interpolation: 0,interpolation_duration: 0}
$data merge entity $(bone80) {transformation: [0.0956f,0.9869f,0.1301f,-0.8262f,-0.8997f,0.0298f,0.4355f,0.0656f,0.4259f,-0.1587f,0.8907f,0.9958f,0f,0f,0f,1f],start_interpolation: 0,interpolation_duration: 0}
$data merge entity $(bone73) {transformation: [0.1511f,0.9869f,0.057f,-0.8442f,-0.5173f,0.0298f,0.8553f,0.1402f,0.8424f,-0.1587f,0.515f,0.8707f,0f,0f,0f,1f],start_interpolation: 0,interpolation_duration: 0}
$data merge entity $(bone84) {transformation: [-0.7086f,0.6972f,0.1085f,-1.2586f,0.1239f,-0.0284f,0.9919f,0.0307f,0.6946f,0.7163f,-0.0663f,1.0228f,0f,0f,0f,1f],start_interpolation: 0,interpolation_duration: 0}
$data merge entity $(bone83) {transformation: [-0.6826f,0.7147f,-0.1528f,-1.1485f,-0.2262f,-0.0078f,0.974f,0.0669f,0.6949f,0.6994f,0.167f,0.92f,0f,0f,0f,1f],start_interpolation: 0,interpolation_duration: 0}
$data merge entity $(bone82) {transformation: [-0.6198f,0.7147f,-0.3242f,-1.0327f,-0.4706f,-0.0078f,0.8823f,0.1505f,0.628f,0.6994f,0.3412f,0.8088f,0f,0f,0f,1f],start_interpolation: 0,interpolation_duration: 0}
$data merge entity $(bone103) {transformation: [-0.2322f,0.9502f,-0.2077f,-1.035f,-0.6525f,0.0061f,0.7577f,-0.1072f,0.7213f,0.3115f,0.6186f,1.1376f,0f,0f,0f,1f],start_interpolation: 0,interpolation_duration: 0}
$data merge entity $(bone102) {transformation: [-0.2007f,0.9502f,-0.2383f,-0.9995f,-0.7527f,0.0061f,0.6584f,0.041f,0.6271f,0.3115f,0.714f,1.0127f,0f,0f,0f,1f],start_interpolation: 0,interpolation_duration: 0}
$data merge entity $(bone85) {transformation: [-0.2714f,0.9502f,-0.1529f,-0.9402f,-0.4744f,0.0061f,0.8803f,0.1356f,0.8374f,0.3115f,0.4491f,0.8438f,0f,0f,0f,1f],start_interpolation: 0,interpolation_duration: 0}
$data merge entity $(bone64) {transformation: [0.9869f,0.1549f,-0.0451f,-0.7776f,-0.1404f,0.9625f,0.232f,1.1135f,0.0793f,-0.2226f,0.9717f,0.536f,0f,0f,0f,1f],start_interpolation: 0,interpolation_duration: 0}
$data merge entity $(bone61) {transformation: [-0.8385f,0.5043f,0.2064f,-0.3501f,0.5272f,0.6548f,0.5415f,1.5875f,0.138f,0.5629f,-0.815f,0.9864f,0f,0f,0f,1f],start_interpolation: 0,interpolation_duration: 0}
$data merge entity $(bone23) {transformation: [-0.7934f,-0.6088f,0f,0.1071f,-0.0954f,0.1243f,0.9876f,1.5108f,-0.6012f,0.7836f,-0.1567f,1.0117f,0f,0f,0f,1f],start_interpolation: 0,interpolation_duration: 0}
$data merge entity $(bone22) {transformation: [-0.7934f,0.6088f,0f,-0.1071f,0.0954f,0.1243f,0.9876f,1.5108f,0.6012f,0.7836f,-0.1567f,1.0117f,0f,0f,0f,1f],start_interpolation: 0,interpolation_duration: 0}
$data merge entity $(bone89) {transformation: [-1f,0.0072f,0.0007f,0.002f,0.0057f,0.736f,0.6769f,2.2246f,0.0043f,0.6769f,-0.7361f,1.4353f,0f,0f,0f,1f],start_interpolation: 0,interpolation_duration: 0}
$data merge entity $(bone90) {transformation: [-1f,0.0069f,0.0019f,0.0013f,0.0057f,0.6073f,0.7944f,2.1572f,0.0043f,0.7944f,-0.6073f,1.3615f,0f,0f,0f,1f],start_interpolation: 0,interpolation_duration: 0}
$data merge entity $(bone88) {transformation: [-1f,0.0071f,0.0013f,0.0312f,0.0057f,0.6742f,0.7385f,2.0092f,0.0043f,0.7385f,-0.6743f,1.2551f,0f,0f,0f,1f],start_interpolation: 0,interpolation_duration: 0}
$data merge entity $(bone42) {transformation: [-1f,0f,0f,0f,0f,0.7646f,0.6445f,1.7422f,0f,0.6445f,-0.7646f,1.6792f,0f,0f,0f,1f],start_interpolation: 0,interpolation_duration: 0}
$data merge entity $(bone87) {transformation: [-0.9998f,0.0157f,-0.0096f,-0.0044f,0.0042f,0.7002f,0.7139f,1.3297f,0.0179f,0.7137f,-0.7002f,2.2642f,0f,0f,0f,1f],start_interpolation: 0,interpolation_duration: 0}
$data merge entity $(bone86) {transformation: [-1f,0f,0f,0f,0f,0.7758f,0.631f,1.4699f,0f,0.631f,-0.7758f,2.084f,0f,0f,0f,1f],start_interpolation: 0,interpolation_duration: 0}
$data merge entity $(bone92) {transformation: [-0.8818f,0.2593f,-0.3939f,0.1194f,-0.033f,0.7994f,0.5999f,1.8176f,0.4705f,0.542f,-0.6964f,1.7139f,0f,0f,0f,1f],start_interpolation: 0,interpolation_duration: 0}
$data merge entity $(bone3) {transformation: [-0.8818f,-0.2593f,0.3939f,-0.1194f,0.033f,0.7994f,0.5999f,1.8176f,-0.4705f,0.542f,-0.6964f,1.7139f,0f,0f,0f,1f],start_interpolation: 0,interpolation_duration: 0}
$data merge entity $(head) {transformation: [-1f,0f,0f,0f,0f,0.8077f,0.5896f,1.7248f,0f,0.5896f,-0.8077f,1.4963f,0f,0f,0f,1f],start_interpolation: 0,interpolation_duration: 0}
$data merge entity $(neck) {transformation: [-1f,0f,0f,0f,0f,0.6276f,0.7785f,1.6189f,0f,0.7785f,-0.6276f,1.3649f,0f,0f,0f,1f],start_interpolation: 0,interpolation_duration: 0}
$data merge entity $(bone2) {transformation: [-1f,0f,0f,0f,0f,0.1567f,0.9876f,1.5485f,0f,0.9876f,-0.1567f,1.0548f,0f,0f,0f,1f],start_interpolation: 0,interpolation_duration: 0}
$data merge entity $(bone136) {transformation: [-1f,0f,0f,0f,0f,0.2082f,1.0229f,1.5251f,0f,0.9781f,-0.2177f,0.8595f,0f,0f,0f,1f],start_interpolation: 0,interpolation_duration: 0}
$data merge entity $(bone118) {transformation: [-0.0906f,-0.849f,-0.5206f,0.2587f,0.9918f,-0.1245f,0.0304f,1.6859f,-0.0906f,-0.5135f,0.8533f,0.766f,0f,0f,0f,1f],start_interpolation: 0,interpolation_duration: 0}
$data merge entity $(bone119) {transformation: [-0.1534f,-0.849f,-0.5056f,0.7332f,0.9881f,-0.1245f,-0.0907f,1.7345f,0.0141f,-0.5135f,0.858f,-0.042f,0f,0f,0f,1f],start_interpolation: 0,interpolation_duration: 0}
$data merge entity $(bone120) {transformation: [-0.4886f,-0.849f,0.2011f,1.6308f,-0.185f,-0.1245f,-0.9748f,1.018f,0.8527f,-0.5135f,-0.0962f,0.6116f,0f,0f,0f,1f],start_interpolation: 0,interpolation_duration: 0}
$data merge entity $(bone121) {transformation: [0f,0f,0f,0.9813f,0f,0f,0f,1.8493f,0f,0f,0f,-0.4684f,0f,0f,0f,1f],start_interpolation: 0,interpolation_duration: 0}
$data merge entity $(bone123) {transformation: [-0.0085f,-1.732f,-1.0625f,0.9325f,1.9914f,-0.2183f,0.3399f,1.2528f,-0.4038f,-1.0399f,1.6984f,2.3834f,0f,0f,0f,1f],start_interpolation: 0,interpolation_duration: 0}
$data merge entity $(bone124) {transformation: [-0.1394f,-0.8524f,-0.504f,0.7146f,0.9899f,-0.1074f,-0.0921f,2.7025f,0.0244f,-0.5118f,0.8588f,-0.2541f,0f,0f,0f,1f],start_interpolation: 0,interpolation_duration: 0}
$data merge entity $(bone122) {transformation: [-0.4084f,-1.3134f,-0.6945f,0.5414f,1.4366f,-0.1655f,-0.5318f,2.6789f,0.3787f,-0.7885f,1.2684f,0.0377f,0f,0f,0f,1f],start_interpolation: 0,interpolation_duration: 0}
$data merge entity $(bone126) {transformation: [0.2538f,-0.8524f,-0.4572f,1.1391f,0.7706f,-0.1074f,0.6282f,2.001f,-0.5846f,-0.5118f,0.6296f,-0.8127f,0f,0f,0f,1f],start_interpolation: 0,interpolation_duration: 0}
$data merge entity $(bone127) {transformation: [0.1269f,-0.8524f,-0.5073f,0.7898f,0.9069f,-0.1074f,0.4073f,2.3855f,-0.4017f,-0.5118f,0.7594f,-0.3128f,0f,0f,0f,1f],start_interpolation: 0,interpolation_duration: 0}
$data merge entity $(bone125) {transformation: [-0.0123f,-1.1949f,-0.7329f,0.621f,1.3759f,-0.1506f,0.2225f,2.5383f,-0.2684f,-0.7174f,1.1741f,-0.0563f,0f,0f,0f,1f],start_interpolation: 0,interpolation_duration: 0}
$data merge entity $(bone129) {transformation: [1.022f,-1.5896f,-0.254f,0.4356f,0.1332f,-0.2003f,1.9979f,3.7729f,-1.7303f,-0.9543f,0.0038f,2.6821f,0f,0f,0f,1f],start_interpolation: 0,interpolation_duration: 0}
$data merge entity $(bone130) {transformation: [0.5238f,-0.8524f,-0.2112f,0.8608f,0.2199f,-0.1074f,1.051f,1.5507f,-0.9185f,-0.5118f,0.1311f,-0.2559f,0f,0f,0f,1f],start_interpolation: 0,interpolation_duration: 0}
$data merge entity $(bone131) {transformation: [0.4391f,-0.8524f,-0.3551f,0.7029f,0.5175f,-0.1074f,0.9408f,2.1247f,-0.8401f,-0.5118f,0.394f,-0.1134f,0f,0f,0f,1f],start_interpolation: 0,interpolation_duration: 0}
$data merge entity $(bone128) {transformation: [0.3503f,-0.8986f,-0.4814f,0.589f,0.7837f,-0.1132f,0.8168f,2.4238f,-0.748f,-0.5395f,0.6304f,0.0031f,0f,0f,0f,1f],start_interpolation: 0,interpolation_duration: 0}
$data merge entity $(bone132) {transformation: [-0.2371f,-0.8524f,-0.4661f,0.4642f,0.9517f,-0.1074f,-0.2876f,2.5527f,0.1951f,-0.5118f,0.8367f,0.2067f,0f,0f,0f,1f],start_interpolation: 0,interpolation_duration: 0}
$data merge entity $(bone133) {transformation: [-0.4145f,-1.4471f,-0.6884f,0.5283f,1.6642f,-0.1824f,-0.4248f,2.5737f,0.3411f,-0.8688f,1.2358f,0.1072f,0f,0f,0f,1f],start_interpolation: 0,interpolation_duration: 0}
$data merge entity $(w5) {transformation: [-0.2371f,-0.8524f,-0.4661f,0.5383f,0.9517f,-0.1074f,-0.2876f,2.5069f,0.1951f,-0.5118f,0.8367f,0.1178f,0f,0f,0f,1f],start_interpolation: 0,interpolation_duration: 0}
$data merge entity $(w2) {transformation: [-0.5156f,-0.849f,-0.1155f,0.7066f,0.4076f,-0.1245f,-0.9046f,1.7499f,0.7537f,-0.5135f,0.4102f,-0.0251f,0f,0f,0f,1f],start_interpolation: 0,interpolation_duration: 0}
$data merge entity $(wing3) {transformation: [-0.0906f,-0.849f,-0.5206f,0.2175f,0.9918f,-0.1245f,0.0304f,1.7888f,-0.0906f,-0.5135f,0.8533f,0.7741f,0f,0f,0f,1f],start_interpolation: 0,interpolation_duration: 0}
$data merge entity $(bone104) {transformation: [-0.0906f,0.849f,0.5206f,-0.2587f,-0.9918f,-0.1245f,0.0304f,1.6859f,0.0906f,-0.5135f,0.8533f,0.766f,0f,0f,0f,1f],start_interpolation: 0,interpolation_duration: 0}
$data merge entity $(bone105) {transformation: [-0.1534f,0.849f,0.5056f,-0.7332f,-0.9881f,-0.1245f,-0.0907f,1.7345f,-0.0141f,-0.5135f,0.858f,-0.042f,0f,0f,0f,1f],start_interpolation: 0,interpolation_duration: 0}
$data merge entity $(bone106) {transformation: [-0.4886f,0.849f,-0.2011f,-1.6308f,0.185f,-0.1245f,-0.9748f,1.018f,-0.8527f,-0.5135f,-0.0962f,0.6116f,0f,0f,0f,1f],start_interpolation: 0,interpolation_duration: 0}
$data merge entity $(bone107) {transformation: [0f,0f,0f,-0.9813f,0f,0f,0f,1.8493f,0f,0f,0f,-0.4684f,0f,0f,0f,1f],start_interpolation: 0,interpolation_duration: 0}
$data merge entity $(bone109) {transformation: [0.0106f,1.732f,0.9986f,-0.9627f,-1.8262f,-0.2183f,0.285f,1.3635f,0.4009f,-1.0399f,1.6035f,2.3099f,0f,0f,0f,1f],start_interpolation: 0,interpolation_duration: 0}
$data merge entity $(bone110) {transformation: [-0.1222f,0.8524f,0.476f,-0.705f,-0.9044f,-0.1074f,-0.0971f,2.7049f,-0.0136f,-0.5118f,0.8133f,-0.2386f,0f,0f,0f,1f],start_interpolation: 0,interpolation_duration: 0}
$data merge entity $(bone108) {transformation: [-0.3717f,1.3134f,0.6598f,-0.5414f,-1.3073f,-0.1655f,-0.5052f,2.6789f,-0.3446f,-0.7885f,1.205f,0.0377f,0f,0f,0f,1f],start_interpolation: 0,interpolation_duration: 0}
$data merge entity $(bone112) {transformation: [0.2538f,0.8524f,0.4572f,-1.1391f,-0.7706f,-0.1074f,0.6282f,2.001f,0.5846f,-0.5118f,0.6296f,-0.8127f,0f,0f,0f,1f],start_interpolation: 0,interpolation_duration: 0}
$data merge entity $(bone113) {transformation: [0.1269f,0.8524f,0.5073f,-0.7898f,-0.9069f,-0.1074f,0.4073f,2.3855f,0.4017f,-0.5118f,0.7594f,-0.3128f,0f,0f,0f,1f],start_interpolation: 0,interpolation_duration: 0}
$data merge entity $(bone111) {transformation: [-0.0123f,1.1949f,0.7329f,-0.621f,-1.3759f,-0.1506f,0.2225f,2.5383f,0.2684f,-0.7174f,1.1741f,-0.0563f,0f,0f,0f,1f],start_interpolation: 0,interpolation_duration: 0}
$data merge entity $(bone115) {transformation: [1.022f,1.5896f,0.254f,-0.4356f,-0.1332f,-0.2003f,1.9979f,3.7729f,1.7303f,-0.9543f,0.0038f,2.6821f,0f,0f,0f,1f],start_interpolation: 0,interpolation_duration: 0}
$data merge entity $(bone116) {transformation: [0.5238f,0.8524f,0.2112f,-0.8608f,-0.2199f,-0.1074f,1.051f,1.5507f,0.9185f,-0.5118f,0.1311f,-0.2559f,0f,0f,0f,1f],start_interpolation: 0,interpolation_duration: 0}
$data merge entity $(bone117) {transformation: [0.4391f,0.8524f,0.3551f,-0.7029f,-0.5175f,-0.1074f,0.9408f,2.1247f,0.8401f,-0.5118f,0.394f,-0.1134f,0f,0f,0f,1f],start_interpolation: 0,interpolation_duration: 0}
$data merge entity $(bone114) {transformation: [0.3503f,0.8986f,0.4814f,-0.589f,-0.7837f,-0.1132f,0.8168f,2.4238f,0.748f,-0.5395f,0.6304f,0.0031f,0f,0f,0f,1f],start_interpolation: 0,interpolation_duration: 0}
$data merge entity $(bone134) {transformation: [-0.2371f,0.8524f,0.4661f,-0.4642f,-0.9517f,-0.1074f,-0.2876f,2.5527f,-0.1951f,-0.5118f,0.8367f,0.2067f,0f,0f,0f,1f],start_interpolation: 0,interpolation_duration: 0}
$data merge entity $(bone135) {transformation: [-0.4145f,1.4471f,0.6884f,-0.5283f,-1.6642f,-0.1824f,-0.4248f,2.5737f,-0.3411f,-0.8688f,1.2358f,0.1072f,0f,0f,0f,1f],start_interpolation: 0,interpolation_duration: 0}
$data merge entity $(w4) {transformation: [-0.2371f,0.8524f,0.4661f,-0.5383f,-0.9517f,-0.1074f,-0.2876f,2.5069f,-0.1951f,-0.5118f,0.8367f,0.1178f,0f,0f,0f,1f],start_interpolation: 0,interpolation_duration: 0}
$data merge entity $(w3) {transformation: [-0.5156f,0.849f,0.1155f,-0.7066f,-0.4076f,-0.1245f,-0.9046f,1.7499f,-0.7537f,-0.5135f,0.4102f,-0.0251f,0f,0f,0f,1f],start_interpolation: 0,interpolation_duration: 0}
$data merge entity $(wing2) {transformation: [-0.0906f,0.849f,0.5206f,-0.2175f,-0.9918f,-0.1245f,0.0304f,1.7888f,0.0906f,-0.5135f,0.8533f,0.7741f,0f,0f,0f,1f],start_interpolation: 0,interpolation_duration: 0}
$data merge entity $(bone20) {transformation: [-1f,0f,0f,-0.1563f,0f,-0.1476f,0.9891f,1.53f,0f,0.9891f,0.1476f,0.3246f,0f,0f,0f,1f],start_interpolation: 0,interpolation_duration: 0}
$data merge entity $(bone101) {transformation: [-1f,0f,0f,0f,0f,-0.3254f,0.9456f,1.2142f,0f,0.9456f,0.3254f,-2.66f,0f,0f,0f,1f],start_interpolation: 0,interpolation_duration: 0}
$data merge entity $(bone100) {transformation: [-1f,0f,0f,0f,0f,0.1958f,0.9806f,0.7711f,0f,0.9806f,-0.1958f,-2.5651f,0f,0f,0f,1f],start_interpolation: 0,interpolation_duration: 0}
$data merge entity $(bone99) {transformation: [-1f,0f,0f,0f,0f,0.4236f,0.9059f,0.3125f,0f,0.9059f,-0.4236f,-2.3507f,0f,0f,0f,1f],start_interpolation: 0,interpolation_duration: 0}
$data merge entity $(bone98) {transformation: [-1f,0f,0f,0f,0f,0.8508f,0.5255f,0.053f,0f,0.5255f,-0.8508f,-1.9306f,0f,0f,0f,1f],start_interpolation: 0,interpolation_duration: 0}
$data merge entity $(bone97) {transformation: [-1f,0f,0f,0f,0f,0.9898f,-0.1427f,0.1262f,0f,-0.1427f,-0.9898f,-1.4234f,0f,0f,0f,1f],start_interpolation: 0,interpolation_duration: 0}
$data merge entity $(bone96) {transformation: [-1f,0f,0f,0f,0f,0.8598f,-0.5106f,0.3815f,0f,-0.5106f,-0.8598f,-0.9935f,0f,0f,0f,1f],start_interpolation: 0,interpolation_duration: 0}
$data merge entity $(bone95) {transformation: [-1f,0f,0f,0f,0f,0.6665f,-0.7455f,0.7496f,0f,-0.7455f,-0.6665f,-0.6644f,0f,0f,0f,1f],start_interpolation: 0,interpolation_duration: 0}
$data merge entity $(bone94) {transformation: [-1f,0f,0f,0f,0f,0.599f,-0.8008f,1.145f,0f,-0.8008f,-0.599f,-0.3687f,0f,0f,0f,1f],start_interpolation: 0,interpolation_duration: 0}
$data merge entity $(bone93) {transformation: [-1f,0f,0f,0f,0f,0.7289f,-0.6846f,1.4038f,0f,-0.6846f,-0.7289f,-0.093f,0f,0f,0f,1f],start_interpolation: 0,interpolation_duration: 0}
$data merge entity $(bone) {transformation: [-1f,0f,0f,0f,0f,0.5373f,0.8434f,1.3116f,0f,0.8434f,-0.5373f,-0.0343f,0f,0f,0f,1f],start_interpolation: 0,interpolation_duration: 0}
$data merge entity $(bone24) {transformation: [-0.9666f,-0.2563f,-0.0088f,0.1031f,-0.256f,0.9625f,0.0895f,1.2529f,-0.0144f,0.0888f,-0.9959f,-0.0353f,0f,0f,0f,1f],start_interpolation: 0,interpolation_duration: 0}
$data merge entity $(bone32) {transformation: [-0.9975f,-0.0463f,-0.0542f,0.2263f,-0.0682f,0.3961f,0.9157f,0.6065f,-0.0209f,0.917f,-0.3983f,-0.3389f,0f,0f,0f,1f],start_interpolation: 0,interpolation_duration: 0}
$data merge entity $(bone36) {transformation: [-0.9988f,-0.0336f,-0.0356f,0.3378f,-0.0319f,0.9983f,-0.0478f,0.276f,0.0371f,-0.0466f,-0.9982f,-1.0339f,0f,0f,0f,1f],start_interpolation: 0,interpolation_duration: 0}
$data merge entity $(bone35) {transformation: [-0.9988f,-0.0113f,-0.0476f,0.2975f,-0.0319f,0.8885f,0.4578f,0.4051f,0.0371f,0.4588f,-0.8878f,-0.9607f,0f,0f,0f,1f],start_interpolation: 0,interpolation_duration: 0}
$data merge entity $(bone34) {transformation: [-0.9988f,-0.005f,-0.0487f,0.2982f,-0.0319f,0.8211f,0.5699f,0.4851f,0.0371f,0.5707f,-0.8203f,-0.9076f,0f,0f,0f,1f],start_interpolation: 0,interpolation_duration: 0}
$data merge entity $(bone77) {transformation: [-0.9303f,0.3666f,-0.0095f,0.1052f,-0.0123f,-0.057f,-0.9983f,0.0691f,-0.3665f,-0.9286f,0.0575f,-0.3587f,0f,0f,0f,1f],start_interpolation: 0,interpolation_duration: 0}
$data merge entity $(bone75) {transformation: [-0.9303f,0.3666f,-0.0095f,0.1698f,-0.0123f,-0.057f,-0.9983f,0.0605f,-0.3665f,-0.9286f,0.0575f,-0.5331f,0f,0f,0f,1f],start_interpolation: 0,interpolation_duration: 0}
$data merge entity $(bone39) {transformation: [-0.9303f,0.3666f,-0.0095f,0.2336f,-0.0123f,-0.057f,-0.9983f,0.0487f,-0.3665f,-0.9286f,0.0575f,-0.6911f,0f,0f,0f,1f],start_interpolation: 0,interpolation_duration: 0}
$data merge entity $(bone76) {transformation: [-0.9639f,-0.2662f,-0.0068f,0.4967f,0.0107f,-0.0131f,-0.9999f,0.0527f,0.2661f,-0.9638f,0.0155f,-0.3317f,0f,0f,0f,1f],start_interpolation: 0,interpolation_duration: 0}
$data merge entity $(bone74) {transformation: [-0.9639f,-0.2662f,-0.0068f,0.4828f,0.0107f,-0.0131f,-0.9999f,0.0589f,0.2661f,-0.9638f,0.0155f,-0.5281f,0f,0f,0f,1f],start_interpolation: 0,interpolation_duration: 0}
$data merge entity $(bone40) {transformation: [-0.9639f,-0.2662f,-0.0068f,0.436f,0.0107f,-0.0131f,-0.9999f,0.0546f,0.2661f,-0.9638f,0.0155f,-0.6924f,0f,0f,0f,1f],start_interpolation: 0,interpolation_duration: 0}
$data merge entity $(bone79) {transformation: [-0.999f,0.0418f,0.0124f,0.3091f,-0.013f,-0.0144f,-0.9998f,0.0591f,-0.0416f,-0.999f,0.015f,-0.2932f,0f,0f,0f,1f],start_interpolation: 0,interpolation_duration: 0}
$data merge entity $(bone78) {transformation: [-0.999f,0.0418f,0.0124f,0.3215f,-0.013f,-0.0144f,-0.9998f,0.0583f,-0.0416f,-0.999f,0.015f,-0.4936f,0f,0f,0f,1f],start_interpolation: 0,interpolation_duration: 0}
$data merge entity $(bone41) {transformation: [-0.999f,0.0418f,0.0124f,0.3285f,-0.013f,-0.0144f,-0.9998f,0.0533f,-0.0416f,-0.999f,0.015f,-0.6927f,0f,0f,0f,1f],start_interpolation: 0,interpolation_duration: 0}
$data merge entity $(bone38) {transformation: [-0.9999f,-0.009f,0.0077f,0.3371f,-0.0115f,0.8896f,-0.4566f,0.3075f,-0.0028f,-0.4566f,-0.8897f,-0.7984f,0f,0f,0f,1f],start_interpolation: 0,interpolation_duration: 0}
$data merge entity $(bone33) {transformation: [-0.9989f,-0.0419f,-0.0214f,0.3157f,-0.0471f,0.8875f,0.4585f,0.5426f,-0.0002f,0.459f,-0.8884f,-0.6761f,0f,0f,0f,1f],start_interpolation: 0,interpolation_duration: 0}
$data merge entity $(bone31) {transformation: [-0.9975f,-0.0367f,-0.0611f,0.2809f,-0.0682f,0.2395f,0.9685f,0.6212f,-0.0209f,0.9702f,-0.2414f,0.1849f,0f,0f,0f,1f],start_interpolation: 0,interpolation_duration: 0}
$data merge entity $(bone19) {transformation: [-0.9852f,-0.1687f,0.0299f,0.1713f,-0.1711f,0.9762f,-0.1335f,1.2604f,-0.0066f,-0.1366f,-0.9906f,-0.0343f,0f,0f,0f,1f],start_interpolation: 0,interpolation_duration: 0}
$data merge entity $(bone44) {transformation: [-0.7974f,0.5329f,0.2832f,-0.1115f,0.1731f,0.6516f,-0.7386f,1.2546f,-0.5781f,-0.5399f,-0.6118f,-0.0011f,0f,0f,0f,1f],start_interpolation: 0,interpolation_duration: 0}
$data merge entity $(bone46) {transformation: [-0.8898f,-0.231f,0.3935f,-0.2898f,0.0648f,0.7898f,0.61f,0.7833f,-0.4517f,0.5683f,-0.6878f,0.1221f,0f,0f,0f,1f],start_interpolation: 0,interpolation_duration: 0}
$data merge entity $(bone50) {transformation: [-0.8716f,-0.1303f,0.4726f,-0.0784f,0.0293f,0.9485f,0.3155f,0.3311f,-0.4894f,0.2889f,-0.8228f,-0.5339f,0f,0f,0f,1f],start_interpolation: 0,interpolation_duration: 0}
$data merge entity $(bone49) {transformation: [-0.8716f,-0.3491f,0.3442f,-0.0978f,0.0293f,0.6636f,0.7475f,0.4258f,-0.4894f,0.6616f,-0.5682f,-0.4142f,0f,0f,0f,1f],start_interpolation: 0,interpolation_duration: 0}
$data merge entity $(bone48) {transformation: [-0.8716f,-0.3911f,0.2957f,-0.1359f,0.0293f,0.5604f,0.8277f,0.4813f,-0.4894f,0.7301f,-0.4769f,-0.3457f,0f,0f,0f,1f],start_interpolation: 0,interpolation_duration: 0}
$data merge entity $(bone54) {transformation: [-0.9809f,0.1945f,-0.0078f,-0.2568f,-0.0035f,-0.0575f,-0.9983f,0.0665f,-0.1946f,-0.9792f,0.0571f,0.2172f,0f,0f,0f,1f],start_interpolation: 0,interpolation_duration: 0}
$data merge entity $(bone53) {transformation: [-0.9809f,0.1945f,-0.0078f,-0.2167f,-0.0035f,-0.0575f,-0.9983f,0.0578f,-0.1946f,-0.9792f,0.0571f,0.0356f,0f,0f,0f,1f],start_interpolation: 0,interpolation_duration: 0}
$data merge entity $(bone52) {transformation: [-0.9809f,0.1945f,-0.0078f,-0.1848f,-0.0035f,-0.0575f,-0.9983f,0.0459f,-0.1946f,-0.9792f,0.0571f,-0.1318f,0f,0f,0f,1f],start_interpolation: 0,interpolation_duration: 0}
$data merge entity $(bone57) {transformation: [-0.7285f,0.685f,-0.0039f,-0.5856f,-0.008f,-0.0143f,-0.9999f,0.0578f,-0.6849f,-0.7284f,0.0159f,0.0651f,0f,0f,0f,1f],start_interpolation: 0,interpolation_duration: 0}
$data merge entity $(bone56) {transformation: [-0.7285f,0.685f,-0.0039f,-0.4817f,-0.008f,-0.0143f,-0.9999f,0.0639f,-0.6849f,-0.7284f,0.0159f,-0.1022f,0f,0f,0f,1f],start_interpolation: 0,interpolation_duration: 0}
$data merge entity $(bone55) {transformation: [-0.7285f,0.685f,-0.0039f,-0.3637f,-0.008f,-0.0143f,-0.9999f,0.0594f,-0.6849f,-0.7284f,0.0159f,-0.2257f,0f,0f,0f,1f],start_interpolation: 0,interpolation_duration: 0}
$data merge entity $(bone60) {transformation: [-0.8811f,0.4713f,-0.0382f,-0.4545f,0.0176f,-0.0481f,-0.9987f,0.0734f,-0.4726f,-0.8806f,0.034f,0.1771f,0f,0f,0f,1f],start_interpolation: 0,interpolation_duration: 0}
$data merge entity $(bone59) {transformation: [-0.8811f,0.4713f,-0.0382f,-0.3633f,0.0176f,-0.0481f,-0.9987f,0.0658f,-0.4726f,-0.8806f,0.034f,-0.0017f,0f,0f,0f,1f],start_interpolation: 0,interpolation_duration: 0}
$data merge entity $(bone58) {transformation: [-0.8811f,0.4713f,-0.0382f,-0.2683f,0.0176f,-0.0481f,-0.9987f,0.0542f,-0.4726f,-0.8806f,0.034f,-0.1765f,0f,0f,0f,1f],start_interpolation: 0,interpolation_duration: 0}
$data merge entity $(bone51) {transformation: [-0.8877f,0.2121f,0.4087f,-0.2291f,0.0486f,0.9258f,-0.3749f,0.3169f,-0.4578f,-0.3129f,-0.8321f,-0.2492f,0f,0f,0f,1f],start_interpolation: 0,interpolation_duration: 0}
$data merge entity $(bone47) {transformation: [-0.8877f,-0.1236f,0.4435f,-0.2529f,0.0486f,0.9328f,0.3572f,0.5641f,-0.4578f,0.3386f,-0.822f,-0.1542f,0f,0f,0f,1f],start_interpolation: 0,interpolation_duration: 0}
$data merge entity $(bone45) {transformation: [-0.8898f,-0.2928f,0.35f,-0.5386f,0.0648f,0.6783f,0.732f,1.0486f,-0.4517f,0.674f,-0.5846f,0.5033f,0f,0f,0f,1f],start_interpolation: 0,interpolation_duration: 0}
$data merge entity $(bone43) {transformation: [-0.8408f,0.5133f,0.1722f,-0.1713f,0.1157f,0.481f,-0.869f,1.2604f,-0.5289f,-0.7107f,-0.4638f,-0.0343f,0f,0f,0f,1f],start_interpolation: 0,interpolation_duration: 0}