# This file was generated by Animated Java via MC-Build. It is not recommended to edit this file directly.
$data merge entity $(bone5) {transformation: [-0.9947f,-0.1024f,0.0046f,0.3851f,-0.0945f,0.9339f,0.3448f,1.4773f,-0.0395f,0.3425f,-0.9387f,0.9753f,0f,0f,0f,1f],start_interpolation: 0,interpolation_duration: 0}
$data merge entity $(bone6) {transformation: [0.0232f,-0.2642f,-0.9642f,0.4945f,-0.4375f,0.8645f,-0.2474f,1.2478f,0.8989f,0.4276f,-0.0955f,0.9002f,0f,0f,0f,1f],start_interpolation: 0,interpolation_duration: 0}
$data merge entity $(bone8) {transformation: [-0.2642f,-0.0598f,0.9626f,0.6372f,-0.0843f,0.9957f,0.0387f,0.561f,-0.9608f,-0.0709f,-0.2681f,0.7539f,0f,0f,0f,1f],start_interpolation: 0,interpolation_duration: 0}
$data merge entity $(bone9) {transformation: [-0.2642f,-0.0598f,0.9626f,0.7984f,-0.0843f,0.9957f,0.0387f,0.7335f,-0.9608f,-0.0709f,-0.2681f,0.6868f,0f,0f,0f,1f],start_interpolation: 0,interpolation_duration: 0}
$data merge entity $(bone10) {transformation: [-0.234f,-0.1365f,0.9626f,0.6189f,-0.3798f,0.9242f,0.0387f,0.5518f,-0.895f,-0.3566f,-0.2681f,0.7302f,0f,0f,0f,1f],start_interpolation: 0,interpolation_duration: 0}
$data merge entity $(bone12) {transformation: [-0.1734f,-0.5243f,0.8337f,0.7631f,-0.9051f,0.4185f,0.0749f,0.0507f,-0.3882f,-0.7416f,-0.5471f,0.9458f,0f,0f,0f,1f],start_interpolation: 0,interpolation_duration: 0}
$data merge entity $(bone15) {transformation: [0.9842f,-0.1033f,0.1438f,0.3676f,-0.1636f,-0.2198f,0.9617f,0.034f,-0.0678f,-0.9701f,-0.2332f,0.9967f,0f,0f,0f,1f],start_interpolation: 0,interpolation_duration: 0}
$data merge entity $(bone14) {transformation: [0.9768f,-0.1033f,-0.1878f,0.4933f,0.1617f,-0.2198f,0.9621f,0.0559f,-0.1407f,-0.9701f,-0.1979f,0.9771f,0f,0f,0f,1f],start_interpolation: 0,interpolation_duration: 0}
$data merge entity $(bone13) {transformation: [0.8536f,-0.1033f,-0.5105f,0.6044f,0.481f,-0.2198f,0.8487f,0.1161f,-0.1999f,-0.9701f,-0.1379f,0.9483f,0f,0f,0f,1f],start_interpolation: 0,interpolation_duration: 0}
$data merge entity $(bone18) {transformation: [-0.0466f,-0.9971f,-0.0596f,0.7391f,0.9445f,-0.0245f,-0.3277f,-0.248f,0.3253f,-0.0715f,0.9429f,1.2601f,0f,0f,0f,1f],start_interpolation: 0,interpolation_duration: 0}
$data merge entity $(bone17) {transformation: [0.0026f,-0.9971f,-0.0756f,0.7396f,0.9341f,-0.0245f,0.3561f,-0.0639f,-0.3569f,-0.0715f,0.9314f,1.1897f,0f,0f,0f,1f],start_interpolation: 0,interpolation_duration: 0}
$data merge entity $(bone16) {transformation: [0.0319f,-0.9971f,-0.0685f,0.7401f,0.7213f,-0.0245f,0.6922f,0.0406f,-0.6919f,-0.0715f,0.7185f,1.0867f,0f,0f,0f,1f],start_interpolation: 0,interpolation_duration: 0}
$data merge entity $(bone27) {transformation: [-0.8446f,-0.5286f,-0.0853f,1.1827f,-0.0643f,-0.058f,0.9962f,0.0346f,-0.5316f,0.8469f,0.015f,1.1412f,0f,0f,0f,1f],start_interpolation: 0,interpolation_duration: 0}
$data merge entity $(bone26) {transformation: [-0.8324f,-0.5492f,-0.075f,1.0502f,-0.0608f,-0.044f,0.9972f,0.0261f,-0.5509f,0.8346f,0.0033f,1.0613f,0f,0f,0f,1f],start_interpolation: 0,interpolation_duration: 0}
$data merge entity $(bone25) {transformation: [-0.8234f,-0.5492f,0.143f,0.8986f,0.1994f,-0.044f,0.9789f,0.0603f,-0.5313f,0.8346f,0.1458f,0.9685f,0f,0f,0f,1f],start_interpolation: 0,interpolation_duration: 0}
$data merge entity $(bone30) {transformation: [0.0067f,-0.8744f,0.4851f,0.9575f,0.9939f,-0.0475f,-0.0994f,-0.2494f,0.11f,0.4828f,0.8688f,1.2452f,0f,0f,0f,1f],start_interpolation: 0,interpolation_duration: 0}
$data merge entity $(bone29) {transformation: [-0.2404f,-0.8744f,0.4214f,0.9139f,0.9068f,-0.0475f,0.4188f,-0.0706f,-0.3462f,0.4828f,0.8044f,1.175f,0f,0f,0f,1f],start_interpolation: 0,interpolation_duration: 0}
$data merge entity $(bone28) {transformation: [-0.4158f,-0.8744f,0.2498f,0.8256f,0.5859f,-0.0475f,0.809f,0.0464f,-0.6956f,0.4828f,0.5321f,1.0354f,0f,0f,0f,1f],start_interpolation: 0,interpolation_duration: 0}
$data merge entity $(bone7) {transformation: [0.9626f,-0.0713f,0.2613f,0.6017f,0.0387f,0.9911f,0.1277f,0.8964f,-0.2681f,-0.1128f,0.9568f,0.7119f,0f,0f,0f,1f],start_interpolation: 0,interpolation_duration: 0}
$data merge entity $(bone4) {transformation: [-0.9642f,-0.2651f,0.0046f,0.3501f,-0.2474f,0.9055f,0.3448f,1.5831f,-0.0955f,0.3313f,-0.9387f,0.9865f,0f,0f,0f,1f],start_interpolation: 0,interpolation_duration: 0}
$data merge entity $(bone62) {transformation: [-0.9106f,0.3564f,0.2091f,-0.4156f,0.4112f,0.7303f,0.5456f,1.5014f,0.0417f,0.5828f,-0.8115f,0.9466f,0f,0f,0f,1f],start_interpolation: 0,interpolation_duration: 0}
$data merge entity $(bone63) {transformation: [0.2605f,0.4772f,0.8393f,-0.5835f,0.6108f,0.5918f,-0.526f,1.3482f,-0.7477f,0.6497f,-0.1374f,0.8102f,0f,0f,0f,1f],start_interpolation: 0,interpolation_duration: 0}
$data merge entity $(bone65) {transformation: [-0.0543f,0.1533f,-0.9867f,-0.8386f,0.1931f,0.9711f,0.1403f,0.7874f,0.9797f,-0.1829f,-0.0824f,0.6144f,0f,0f,0f,1f],start_interpolation: 0,interpolation_duration: 0}
$data merge entity $(bone66) {transformation: [-0.0543f,0.1533f,-0.9867f,-0.9901f,0.1931f,0.9711f,0.1403f,0.9733f,0.9797f,-0.1829f,-0.0824f,0.5619f,0f,0f,0f,1f],start_interpolation: 0,interpolation_duration: 0}
$data merge entity $(bone67) {transformation: [-0.0057f,0.1626f,-0.9867f,-0.8266f,0.4762f,0.8681f,0.1403f,0.7741f,0.8793f,-0.4691f,-0.0824f,0.5888f,0f,0f,0f,1f],start_interpolation: 0,interpolation_duration: 0}
$data merge entity $(bone69) {transformation: [-0.2702f,0.1027f,-0.9573f,-0.9151f,0.3793f,0.9252f,-0.0078f,0.2123f,0.8849f,-0.3652f,-0.289f,0.7707f,0f,0f,0f,1f],start_interpolation: 0,interpolation_duration: 0}
$data merge entity $(bone72) {transformation: [0.929f,0.2759f,0.2468f,-0.6322f,-0.308f,0.2061f,0.9288f,0.1253f,0.2054f,-0.9388f,0.2765f,0.8039f,0f,0f,0f,1f],start_interpolation: 0,interpolation_duration: 0}
$data merge entity $(bone71) {transformation: [0.7385f,0.2759f,0.6152f,-0.7264f,-0.6706f,0.2061f,0.7126f,0.2131f,0.0698f,-0.9388f,0.3372f,0.7942f,0f,0f,0f,1f],start_interpolation: 0,interpolation_duration: 0}
$data merge entity $(bone70) {transformation: [0.4835f,0.2759f,0.8307f,-0.7896f,-0.8739f,0.2061f,0.4402f,0.3262f,-0.0498f,-0.9388f,0.3408f,0.7971f,0f,0f,0f,1f],start_interpolation: 0,interpolation_duration: 0}
$data merge entity $(bone81) {transformation: [0.0765f,0.9861f,0.1476f,-0.8093f,-0.9475f,0.0258f,0.3188f,-0.1273f,0.3105f,-0.1643f,0.9363f,1.0605f,0f,0f,0f,1f],start_interpolation: 0,interpolation_duration: 0}
$data merge entity $(bone80) {transformation: [0.0835f,0.9861f,0.1438f,-0.8257f,-0.9309f,0.0258f,0.3643f,0.0561f,0.3555f,-0.1643f,0.9201f,0.9904f,0f,0f,0f,1f],start_interpolation: 0,interpolation_duration: 0}
$data merge entity $(bone73) {transformation: [0.149f,0.9861f,0.0739f,-0.8434f,-0.576f,0.0258f,0.8171f,0.1393f,0.8038f,-0.1643f,0.5718f,0.8708f,0f,0f,0f,1f],start_interpolation: 0,interpolation_duration: 0}
$data merge entity $(bone84) {transformation: [-0.7085f,0.6971f,0.1097f,-1.2577f,0.1265f,-0.0275f,0.9916f,0.0301f,0.6942f,0.7165f,-0.0687f,1.0225f,0f,0f,0f,1f],start_interpolation: 0,interpolation_duration: 0}
$data merge entity $(bone83) {transformation: [-0.6827f,0.7146f,-0.1526f,-1.1476f,-0.2251f,-0.007f,0.9743f,0.066f,0.6951f,0.6995f,0.1656f,0.9196f,0f,0f,0f,1f],start_interpolation: 0,interpolation_duration: 0}
$data merge entity $(bone82) {transformation: [-0.62f,0.7146f,-0.3241f,-1.0318f,-0.4696f,-0.007f,0.8829f,0.1495f,0.6286f,0.6995f,0.3399f,0.8084f,0f,0f,0f,1f],start_interpolation: 0,interpolation_duration: 0}
$data merge entity $(bone103) {transformation: [-0.207f,0.9499f,-0.2343f,-1.0316f,-0.7414f,0.004f,0.6711f,-0.1213f,0.6384f,0.3126f,0.7034f,1.1268f,0f,0f,0f,1f],start_interpolation: 0,interpolation_duration: 0}
$data merge entity $(bone102) {transformation: [-0.1919f,0.9499f,-0.2467f,-0.9978f,-0.7818f,0.004f,0.6235f,0.0327f,0.5932f,0.3126f,0.7419f,1.0086f,0f,0f,0f,1f],start_interpolation: 0,interpolation_duration: 0}
$data merge entity $(bone85) {transformation: [-0.2668f,0.9499f,-0.163f,-0.9394f,-0.511f,0.004f,0.8596f,0.1347f,0.8172f,0.3126f,0.4843f,0.8437f,0f,0f,0f,1f],start_interpolation: 0,interpolation_duration: 0}
$data merge entity $(bone64) {transformation: [0.9867f,0.1556f,-0.0476f,-0.7756f,-0.1403f,0.9617f,0.2353f,1.1111f,0.0824f,-0.2255f,0.9708f,0.5321f,0f,0f,0f,1f],start_interpolation: 0,interpolation_duration: 0}
$data merge entity $(bone61) {transformation: [-0.8393f,0.5018f,0.2091f,-0.3501f,0.526f,0.6524f,0.5456f,1.5831f,0.1374f,0.5679f,-0.8115f,0.9865f,0f,0f,0f,1f],start_interpolation: 0,interpolation_duration: 0}
$data merge entity $(bone23) {transformation: [-0.7934f,-0.6088f,0f,0.1071f,-0.095f,0.1238f,0.9878f,1.5064f,-0.6013f,0.7836f,-0.156f,1.0117f,0f,0f,0f,1f],start_interpolation: 0,interpolation_duration: 0}
$data merge entity $(bone22) {transformation: [-0.7934f,0.6088f,0f,-0.1071f,0.095f,0.1238f,0.9878f,1.5064f,0.6013f,0.7836f,-0.156f,1.0117f,0f,0f,0f,1f],start_interpolation: 0,interpolation_duration: 0}
$data merge entity $(bone89) {transformation: [-1f,0.0072f,0.0007f,0.002f,0.0058f,0.7405f,0.672f,2.2204f,0.0043f,0.672f,-0.7406f,1.4313f,0f,0f,0f,1f],start_interpolation: 0,interpolation_duration: 0}
$data merge entity $(bone90) {transformation: [-1f,0.0069f,0.0019f,0.0013f,0.0058f,0.6126f,0.7904f,2.1525f,0.0043f,0.7904f,-0.6126f,1.3579f,0f,0f,0f,1f],start_interpolation: 0,interpolation_duration: 0}
$data merge entity $(bone88) {transformation: [-1f,0.0071f,0.0013f,0.0312f,0.0058f,0.6792f,0.734f,2.0038f,0.0043f,0.734f,-0.6792f,1.2525f,0f,0f,0f,1f],start_interpolation: 0,interpolation_duration: 0}
$data merge entity $(bone42) {transformation: [-1f,0f,0f,0f,0f,0.7613f,0.6484f,1.7397f,0f,0.6484f,-0.7613f,1.6785f,0f,0f,0f,1f],start_interpolation: 0,interpolation_duration: 0}
$data merge entity $(bone87) {transformation: [-0.9998f,0.0157f,-0.0096f,-0.0044f,0.0043f,0.705f,0.7092f,1.3312f,0.0179f,0.709f,-0.705f,2.2661f,0f,0f,0f,1f],start_interpolation: 0,interpolation_duration: 0}
$data merge entity $(bone86) {transformation: [-1f,0f,0f,0f,0f,0.78f,0.6258f,1.4701f,0f,0.6258f,-0.78f,2.0851f,0f,0f,0f,1f],start_interpolation: 0,interpolation_duration: 0}
$data merge entity $(bone92) {transformation: [-0.8818f,0.2593f,-0.3939f,0.1194f,-0.0298f,0.803f,0.5952f,1.8154f,0.4707f,0.5366f,-0.7004f,1.7127f,0f,0f,0f,1f],start_interpolation: 0,interpolation_duration: 0}
$data merge entity $(bone3) {transformation: [-0.8818f,-0.2593f,0.3939f,-0.1194f,0.0298f,0.803f,0.5952f,1.8154f,-0.4707f,0.5366f,-0.7004f,1.7127f,0f,0f,0f,1f],start_interpolation: 0,interpolation_duration: 0}
$data merge entity $(head) {transformation: [-1f,0f,0f,0f,0f,0.8117f,0.5841f,1.7211f,0f,0.5841f,-0.8117f,1.4957f,0f,0f,0f,1f],start_interpolation: 0,interpolation_duration: 0}
$data merge entity $(neck) {transformation: [-1f,0f,0f,0f,0f,0.6328f,0.7743f,1.6143f,0f,0.7743f,-0.6328f,1.365f,0f,0f,0f,1f],start_interpolation: 0,interpolation_duration: 0}
$data merge entity $(bone2) {transformation: [-1f,0f,0f,0f,0f,0.156f,0.9878f,1.5442f,0f,0.9878f,-0.156f,1.0548f,0f,0f,0f,1f],start_interpolation: 0,interpolation_duration: 0}
$data merge entity $(bone136) {transformation: [-1f,0f,0f,0f,0f,0.2075f,1.0158f,1.5209f,0f,0.9782f,-0.2154f,0.8595f,0f,0f,0f,1f],start_interpolation: 0,interpolation_duration: 0}
$data merge entity $(bone118) {transformation: [-0.0897f,-0.849f,-0.5207f,0.2586f,0.9917f,-0.1242f,0.0318f,1.6816f,-0.0917f,-0.5136f,0.8531f,0.7663f,0f,0f,0f,1f],start_interpolation: 0,interpolation_duration: 0}
$data merge entity $(bone119) {transformation: [-0.1524f,-0.849f,-0.5059f,0.7333f,0.9882f,-0.1242f,-0.0893f,1.7289f,0.013f,-0.5136f,0.8579f,-0.0416f,0f,0f,0f,1f],start_interpolation: 0,interpolation_duration: 0}
$data merge entity $(bone120) {transformation: [-0.489f,-0.849f,0.2002f,1.6301f,-0.1836f,-0.1242f,-0.9751f,1.0123f,0.8528f,-0.5136f,-0.0951f,0.613f,0f,0f,0f,1f],start_interpolation: 0,interpolation_duration: 0}
$data merge entity $(bone121) {transformation: [0f,0f,0f,0.9817f,0f,0f,0f,1.843f,0f,0f,0f,-0.4681f,0f,0f,0f,1f],start_interpolation: 0,interpolation_duration: 0}
$data merge entity $(bone123) {transformation: [-0.0107f,-1.732f,-1.0625f,0.9351f,1.9923f,-0.2178f,0.3348f,1.2429f,-0.3993f,-1.04f,1.6993f,2.38f,0f,0f,0f,1f],start_interpolation: 0,interpolation_duration: 0}
$data merge entity $(bone124) {transformation: [-0.1404f,-0.8524f,-0.5037f,0.7152f,0.9897f,-0.1072f,-0.0946f,2.6983f,0.0266f,-0.5118f,0.8587f,-0.2542f,0f,0f,0f,1f],start_interpolation: 0,interpolation_duration: 0}
$data merge entity $(bone122) {transformation: [-0.4099f,-1.3133f,-0.6937f,0.5421f,1.4353f,-0.1651f,-0.5355f,2.6739f,0.3821f,-0.7886f,1.2673f,0.0375f,0f,0f,0f,1f],start_interpolation: 0,interpolation_duration: 0}
$data merge entity $(bone126) {transformation: [0.2529f,-0.8524f,-0.4577f,1.1403f,0.7722f,-0.1072f,0.6262f,1.9986f,-0.5828f,-0.5118f,0.6311f,-0.8145f,0f,0f,0f,1f],start_interpolation: 0,interpolation_duration: 0}
$data merge entity $(bone127) {transformation: [0.1258f,-0.8524f,-0.5076f,0.7907f,0.908f,-0.1072f,0.405f,2.3816f,-0.3996f,-0.5118f,0.7605f,-0.3137f,0f,0f,0f,1f],start_interpolation: 0,interpolation_duration: 0}
$data merge entity $(bone125) {transformation: [-0.0138f,-1.1949f,-0.733f,0.6218f,1.3765f,-0.1502f,0.219f,2.5335f,-0.2652f,-0.7175f,1.1748f,-0.0568f,0f,0f,0f,1f],start_interpolation: 0,interpolation_duration: 0}
$data merge entity $(bone129) {transformation: [1.0216f,-1.5895f,-0.2562f,0.4356f,0.1383f,-0.1999f,1.9976f,3.7617f,-1.7302f,-0.9545f,0.0084f,2.6844f,0f,0f,0f,1f],start_interpolation: 0,interpolation_duration: 0}
$data merge entity $(bone130) {transformation: [0.5234f,-0.8524f,-0.2123f,0.8626f,0.2225f,-0.1072f,1.0505f,1.5467f,-0.9181f,-0.5118f,0.1336f,-0.2586f,0f,0f,0f,1f],start_interpolation: 0,interpolation_duration: 0}
$data merge entity $(bone131) {transformation: [0.4384f,-0.8524f,-0.356f,0.7041f,0.5199f,-0.1072f,0.9395f,2.1202f,-0.839f,-0.5118f,0.3962f,-0.1148f,0f,0f,0f,1f],start_interpolation: 0,interpolation_duration: 0}
$data merge entity $(bone128) {transformation: [0.3493f,-0.8986f,-0.4822f,0.5899f,0.7858f,-0.113f,0.8149f,2.4189f,-0.7463f,-0.5396f,0.6324f,0.0023f,0f,0f,0f,1f],start_interpolation: 0,interpolation_duration: 0}
$data merge entity $(bone132) {transformation: [-0.2381f,-0.8524f,-0.4656f,0.465f,0.951f,-0.1072f,-0.29f,2.5472f,0.1973f,-0.5118f,0.8361f,0.2063f,0f,0f,0f,1f],start_interpolation: 0,interpolation_duration: 0}
$data merge entity $(bone133) {transformation: [-0.4163f,-1.4471f,-0.6877f,0.5291f,1.6629f,-0.1819f,-0.4283f,2.5685f,0.345f,-0.8689f,1.2349f,0.1069f,0f,0f,0f,1f],start_interpolation: 0,interpolation_duration: 0}
$data merge entity $(w5) {transformation: [-0.2381f,-0.8524f,-0.4656f,0.5391f,0.951f,-0.1072f,-0.29f,2.5017f,0.1973f,-0.5118f,0.8361f,0.1173f,0f,0f,0f,1f],start_interpolation: 0,interpolation_duration: 0}
$data merge entity $(w2) {transformation: [-0.5154f,-0.849f,-0.1164f,0.7067f,0.4089f,-0.1242f,-0.9041f,1.7444f,0.7531f,-0.5136f,0.4112f,-0.0248f,0f,0f,0f,1f],start_interpolation: 0,interpolation_duration: 0}
$data merge entity $(wing3) {transformation: [-0.0897f,-0.849f,-0.5207f,0.2175f,0.9917f,-0.1242f,0.0318f,1.7846f,-0.0917f,-0.5136f,0.8531f,0.7743f,0f,0f,0f,1f],start_interpolation: 0,interpolation_duration: 0}
$data merge entity $(bone104) {transformation: [-0.0897f,0.849f,0.5207f,-0.2586f,-0.9917f,-0.1242f,0.0318f,1.6816f,0.0917f,-0.5136f,0.8531f,0.7663f,0f,0f,0f,1f],start_interpolation: 0,interpolation_duration: 0}
$data merge entity $(bone105) {transformation: [-0.1524f,0.849f,0.5059f,-0.7333f,-0.9882f,-0.1242f,-0.0893f,1.7289f,-0.013f,-0.5136f,0.8579f,-0.0416f,0f,0f,0f,1f],start_interpolation: 0,interpolation_duration: 0}
$data merge entity $(bone106) {transformation: [-0.489f,0.849f,-0.2002f,-1.6301f,0.1836f,-0.1242f,-0.9751f,1.0123f,-0.8528f,-0.5136f,-0.0951f,0.613f,0f,0f,0f,1f],start_interpolation: 0,interpolation_duration: 0}
$data merge entity $(bone107) {transformation: [0f,0f,0f,-0.9817f,0f,0f,0f,1.843f,0f,0f,0f,-0.4681f,0f,0f,0f,1f],start_interpolation: 0,interpolation_duration: 0}
$data merge entity $(bone109) {transformation: [0.0085f,1.732f,0.9986f,-0.9652f,-1.8271f,-0.2178f,0.2803f,1.3538f,0.3968f,-1.04f,1.6043f,2.3067f,0f,0f,0f,1f],start_interpolation: 0,interpolation_duration: 0}
$data merge entity $(bone110) {transformation: [-0.1231f,0.8524f,0.4758f,-0.7055f,-0.9043f,-0.1072f,-0.0995f,2.7007f,-0.0157f,-0.5118f,0.8132f,-0.2387f,0f,0f,0f,1f],start_interpolation: 0,interpolation_duration: 0}
$data merge entity $(bone108) {transformation: [-0.373f,1.3133f,0.659f,-0.5421f,-1.3061f,-0.1651f,-0.5087f,2.6739f,-0.3477f,-0.7886f,1.204f,0.0375f,0f,0f,0f,1f],start_interpolation: 0,interpolation_duration: 0}
$data merge entity $(bone112) {transformation: [0.2529f,0.8524f,0.4577f,-1.1403f,-0.7722f,-0.1072f,0.6262f,1.9986f,0.5828f,-0.5118f,0.6311f,-0.8145f,0f,0f,0f,1f],start_interpolation: 0,interpolation_duration: 0}
$data merge entity $(bone113) {transformation: [0.1258f,0.8524f,0.5076f,-0.7907f,-0.908f,-0.1072f,0.405f,2.3816f,0.3996f,-0.5118f,0.7605f,-0.3137f,0f,0f,0f,1f],start_interpolation: 0,interpolation_duration: 0}
$data merge entity $(bone111) {transformation: [-0.0138f,1.1949f,0.733f,-0.6218f,-1.3765f,-0.1502f,0.219f,2.5335f,0.2652f,-0.7175f,1.1748f,-0.0568f,0f,0f,0f,1f],start_interpolation: 0,interpolation_duration: 0}
$data merge entity $(bone115) {transformation: [1.0216f,1.5895f,0.2562f,-0.4356f,-0.1383f,-0.1999f,1.9976f,3.7617f,1.7302f,-0.9545f,0.0084f,2.6844f,0f,0f,0f,1f],start_interpolation: 0,interpolation_duration: 0}
$data merge entity $(bone116) {transformation: [0.5234f,0.8524f,0.2123f,-0.8626f,-0.2225f,-0.1072f,1.0505f,1.5467f,0.9181f,-0.5118f,0.1336f,-0.2586f,0f,0f,0f,1f],start_interpolation: 0,interpolation_duration: 0}
$data merge entity $(bone117) {transformation: [0.4384f,0.8524f,0.356f,-0.7041f,-0.5199f,-0.1072f,0.9395f,2.1202f,0.839f,-0.5118f,0.3962f,-0.1148f,0f,0f,0f,1f],start_interpolation: 0,interpolation_duration: 0}
$data merge entity $(bone114) {transformation: [0.3493f,0.8986f,0.4822f,-0.5899f,-0.7858f,-0.113f,0.8149f,2.4189f,0.7463f,-0.5396f,0.6324f,0.0023f,0f,0f,0f,1f],start_interpolation: 0,interpolation_duration: 0}
$data merge entity $(bone134) {transformation: [-0.2381f,0.8524f,0.4656f,-0.465f,-0.951f,-0.1072f,-0.29f,2.5472f,-0.1973f,-0.5118f,0.8361f,0.2063f,0f,0f,0f,1f],start_interpolation: 0,interpolation_duration: 0}
$data merge entity $(bone135) {transformation: [-0.4163f,1.4471f,0.6877f,-0.5291f,-1.6629f,-0.1819f,-0.4283f,2.5685f,-0.345f,-0.8689f,1.2349f,0.1069f,0f,0f,0f,1f],start_interpolation: 0,interpolation_duration: 0}
$data merge entity $(w4) {transformation: [-0.2381f,0.8524f,0.4656f,-0.5391f,-0.951f,-0.1072f,-0.29f,2.5017f,-0.1973f,-0.5118f,0.8361f,0.1173f,0f,0f,0f,1f],start_interpolation: 0,interpolation_duration: 0}
$data merge entity $(w3) {transformation: [-0.5154f,0.849f,0.1164f,-0.7067f,-0.4089f,-0.1242f,-0.9041f,1.7444f,-0.7531f,-0.5136f,0.4112f,-0.0248f,0f,0f,0f,1f],start_interpolation: 0,interpolation_duration: 0}
$data merge entity $(wing2) {transformation: [-0.0897f,0.849f,0.5207f,-0.2175f,-0.9917f,-0.1242f,0.0318f,1.7846f,0.0917f,-0.5136f,0.8531f,0.7743f,0f,0f,0f,1f],start_interpolation: 0,interpolation_duration: 0}
$data merge entity $(bone20) {transformation: [-1f,0f,0f,-0.1563f,0f,-0.1482f,0.989f,1.5261f,0f,0.989f,0.1482f,0.3246f,0f,0f,0f,1f],start_interpolation: 0,interpolation_duration: 0}
$data merge entity $(bone101) {transformation: [-1f,0f,0f,0f,0f,-0.3228f,0.9465f,1.2156f,0f,0.9465f,0.3228f,-2.6557f,0f,0f,0f,1f],start_interpolation: 0,interpolation_duration: 0}
$data merge entity $(bone100) {transformation: [-1f,0f,0f,0f,0f,0.1839f,0.9829f,0.7713f,0f,0.9829f,-0.1839f,-2.5662f,0f,0f,0f,1f],start_interpolation: 0,interpolation_duration: 0}
$data merge entity $(bone99) {transformation: [-1f,0f,0f,0f,0f,0.4199f,0.9076f,0.3119f,0f,0.9076f,-0.4199f,-2.3536f,0f,0f,0f,1f],start_interpolation: 0,interpolation_duration: 0}
$data merge entity $(bone98) {transformation: [-1f,0f,0f,0f,0f,0.8513f,0.5247f,0.0528f,0f,0.5247f,-0.8513f,-1.9333f,0f,0f,0f,1f],start_interpolation: 0,interpolation_duration: 0}
$data merge entity $(bone97) {transformation: [-1f,0f,0f,0f,0f,0.99f,-0.1407f,0.1249f,0f,-0.1407f,-0.99f,-1.4259f,0f,0f,0f,1f],start_interpolation: 0,interpolation_duration: 0}
$data merge entity $(bone96) {transformation: [-1f,0f,0f,0f,0f,0.8608f,-0.5089f,0.3794f,0f,-0.5089f,-0.8608f,-0.9955f,0f,0f,0f,1f],start_interpolation: 0,interpolation_duration: 0}
$data merge entity $(bone95) {transformation: [-1f,0f,0f,0f,0f,0.6679f,-0.7442f,0.7468f,0f,-0.7442f,-0.6679f,-0.6657f,0f,0f,0f,1f],start_interpolation: 0,interpolation_duration: 0}
$data merge entity $(bone94) {transformation: [-1f,0f,0f,0f,0f,0.6005f,-0.7996f,1.1416f,0f,-0.7996f,-0.6005f,-0.3692f,0f,0f,0f,1f],start_interpolation: 0,interpolation_duration: 0}
$data merge entity $(bone93) {transformation: [-1f,0f,0f,0f,0f,0.7303f,-0.6832f,1.3999f,0f,-0.6832f,-0.7303f,-0.093f,0f,0f,0f,1f],start_interpolation: 0,interpolation_duration: 0}
$data merge entity $(bone) {transformation: [-1f,0f,0f,0f,0f,0.5373f,0.8434f,1.3077f,0f,0.8434f,-0.5373f,-0.0343f,0f,0f,0f,1f],start_interpolation: 0,interpolation_duration: 0}
$data merge entity $(bone24) {transformation: [-0.9666f,-0.2562f,-0.0097f,0.1031f,-0.256f,0.9621f,0.0944f,1.249f,-0.0149f,0.0937f,-0.9955f,-0.0353f,0f,0f,0f,1f],start_interpolation: 0,interpolation_duration: 0}
$data merge entity $(bone32) {transformation: [-0.9975f,-0.0454f,-0.0547f,0.226f,-0.0681f,0.3898f,0.9184f,0.6052f,-0.0204f,0.9198f,-0.3919f,-0.3422f,0f,0f,0f,1f],start_interpolation: 0,interpolation_duration: 0}
$data merge entity $(bone36) {transformation: [-0.9988f,-0.0352f,-0.0346f,0.3379f,-0.0332f,0.9979f,-0.0557f,0.2742f,0.0365f,-0.0545f,-0.9978f,-1.0355f,0f,0f,0f,1f],start_interpolation: 0,interpolation_duration: 0}
$data merge entity $(bone35) {transformation: [-0.9988f,-0.0132f,-0.0475f,0.2973f,-0.0332f,0.892f,0.4507f,0.4038f,0.0365f,0.4517f,-0.8914f,-0.9634f,0f,0f,0f,1f],start_interpolation: 0,interpolation_duration: 0}
$data merge entity $(bone34) {transformation: [-0.9988f,-0.0069f,-0.0489f,0.2979f,-0.0332f,0.8256f,0.5633f,0.4842f,0.0365f,0.5642f,-0.8248f,-0.9109f,0f,0f,0f,1f],start_interpolation: 0,interpolation_duration: 0}
$data merge entity $(bone77) {transformation: [-0.9299f,0.3677f,-0.0058f,0.105f,-0.0155f,-0.0549f,-0.9984f,0.0691f,-0.3674f,-0.9283f,0.0568f,-0.3587f,0f,0f,0f,1f],start_interpolation: 0,interpolation_duration: 0}
$data merge entity $(bone75) {transformation: [-0.9299f,0.3677f,-0.0058f,0.1698f,-0.0155f,-0.0549f,-0.9984f,0.0608f,-0.3674f,-0.9283f,0.0568f,-0.5331f,0f,0f,0f,1f],start_interpolation: 0,interpolation_duration: 0}
$data merge entity $(bone39) {transformation: [-0.9299f,0.3677f,-0.0058f,0.2338f,-0.0155f,-0.0549f,-0.9984f,0.0494f,-0.3674f,-0.9283f,0.0568f,-0.691f,0f,0f,0f,1f],start_interpolation: 0,interpolation_duration: 0}
$data merge entity $(bone76) {transformation: [-0.9643f,-0.2648f,-0.0059f,0.4963f,0.0092f,-0.0113f,-0.9999f,0.053f,0.2647f,-0.9642f,0.0134f,-0.3314f,0f,0f,0f,1f],start_interpolation: 0,interpolation_duration: 0}
$data merge entity $(bone74) {transformation: [-0.9643f,-0.2648f,-0.0059f,0.4827f,0.0092f,-0.0113f,-0.9999f,0.0596f,0.2647f,-0.9642f,0.0134f,-0.5279f,0f,0f,0f,1f],start_interpolation: 0,interpolation_duration: 0}
$data merge entity $(bone40) {transformation: [-0.9643f,-0.2648f,-0.0059f,0.4362f,0.0092f,-0.0113f,-0.9999f,0.0556f,0.2647f,-0.9642f,0.0134f,-0.6921f,0f,0f,0f,1f],start_interpolation: 0,interpolation_duration: 0}
$data merge entity $(bone79) {transformation: [-0.9989f,0.044f,0.0145f,0.3084f,-0.0151f,-0.0128f,-0.9998f,0.0593f,-0.0438f,-0.9989f,0.0134f,-0.2931f,0f,0f,0f,1f],start_interpolation: 0,interpolation_duration: 0}
$data merge entity $(bone78) {transformation: [-0.9989f,0.044f,0.0145f,0.3212f,-0.0151f,-0.0128f,-0.9998f,0.0588f,-0.0438f,-0.9989f,0.0134f,-0.4935f,0f,0f,0f,1f],start_interpolation: 0,interpolation_duration: 0}
$data merge entity $(bone41) {transformation: [-0.9989f,0.044f,0.0145f,0.3287f,-0.0151f,-0.0128f,-0.9998f,0.0542f,-0.0438f,-0.9989f,0.0134f,-0.6925f,0f,0f,0f,1f],start_interpolation: 0,interpolation_duration: 0}
$data merge entity $(bone38) {transformation: [-0.9999f,-0.01f,0.0093f,0.337f,-0.0132f,0.886f,-0.4636f,0.3075f,-0.0036f,-0.4637f,-0.886f,-0.8003f,0f,0f,0f,1f],start_interpolation: 0,interpolation_duration: 0}
$data merge entity $(bone33) {transformation: [-0.9988f,-0.0438f,-0.0214f,0.3151f,-0.0487f,0.891f,0.4514f,0.5436f,-0.0007f,0.4519f,-0.8921f,-0.6798f,0f,0f,0f,1f],start_interpolation: 0,interpolation_duration: 0}
$data merge entity $(bone31) {transformation: [-0.9975f,-0.0357f,-0.0614f,0.2811f,-0.0681f,0.2329f,0.9701f,0.6162f,-0.0204f,0.9718f,-0.2348f,0.1817f,0f,0f,0f,1f],start_interpolation: 0,interpolation_duration: 0}
$data merge entity $(bone19) {transformation: [-0.9852f,-0.1688f,0.029f,0.1713f,-0.1711f,0.9768f,-0.1287f,1.2566f,-0.0066f,-0.1317f,-0.9913f,-0.0343f,0f,0f,0f,1f],start_interpolation: 0,interpolation_duration: 0}
$data merge entity $(bone44) {transformation: [-0.7972f,0.5343f,0.281f,-0.1115f,0.1728f,0.6479f,-0.7418f,1.2507f,-0.5784f,-0.5429f,-0.6089f,-0.0011f,0f,0f,0f,1f],start_interpolation: 0,interpolation_duration: 0}
$data merge entity $(bone46) {transformation: [-0.8899f,-0.2305f,0.3936f,-0.2903f,0.0652f,0.7897f,0.61f,0.7826f,-0.4515f,0.5685f,-0.6877f,0.1231f,0f,0f,0f,1f],start_interpolation: 0,interpolation_duration: 0}
$data merge entity $(bone50) {transformation: [-0.8717f,-0.1307f,0.4723f,-0.0789f,0.0299f,0.9478f,0.3174f,0.3313f,-0.4892f,0.2908f,-0.8223f,-0.5334f,0f,0f,0f,1f],start_interpolation: 0,interpolation_duration: 0}
$data merge entity $(bone49) {transformation: [-0.8717f,-0.3494f,0.3437f,-0.0984f,0.0299f,0.6621f,0.7488f,0.4257f,-0.4892f,0.663f,-0.5667f,-0.4136f,0f,0f,0f,1f],start_interpolation: 0,interpolation_duration: 0}
$data merge entity $(bone48) {transformation: [-0.8717f,-0.3913f,0.2952f,-0.1365f,0.0299f,0.5587f,0.8288f,0.4811f,-0.4892f,0.7313f,-0.4753f,-0.345f,0f,0f,0f,1f],start_interpolation: 0,interpolation_duration: 0}
$data merge entity $(bone54) {transformation: [-0.9809f,0.1942f,-0.0101f,-0.257f,-0.0016f,-0.0599f,-0.9982f,0.0667f,-0.1944f,-0.9791f,0.0591f,0.217f,0f,0f,0f,1f],start_interpolation: 0,interpolation_duration: 0}
$data merge entity $(bone53) {transformation: [-0.9809f,0.1942f,-0.0101f,-0.217f,-0.0016f,-0.0599f,-0.9982f,0.0575f,-0.1944f,-0.9791f,0.0591f,0.0355f,0f,0f,0f,1f],start_interpolation: 0,interpolation_duration: 0}
$data merge entity $(bone52) {transformation: [-0.9809f,0.1942f,-0.0101f,-0.1851f,-0.0016f,-0.0599f,-0.9982f,0.0452f,-0.1944f,-0.9791f,0.0591f,-0.1319f,0f,0f,0f,1f],start_interpolation: 0,interpolation_duration: 0}
$data merge entity $(bone57) {transformation: [-0.7287f,0.6849f,-0.0054f,-0.5859f,-0.007f,-0.0154f,-0.9999f,0.0576f,-0.6848f,-0.7285f,0.016f,0.065f,0f,0f,0f,1f],start_interpolation: 0,interpolation_duration: 0}
$data merge entity $(bone56) {transformation: [-0.7287f,0.6849f,-0.0054f,-0.482f,-0.007f,-0.0154f,-0.9999f,0.0635f,-0.6848f,-0.7285f,0.016f,-0.1023f,0f,0f,0f,1f],start_interpolation: 0,interpolation_duration: 0}
$data merge entity $(bone55) {transformation: [-0.7287f,0.6849f,-0.0054f,-0.3641f,-0.007f,-0.0154f,-0.9999f,0.0588f,-0.6848f,-0.7285f,0.016f,-0.2258f,0f,0f,0f,1f],start_interpolation: 0,interpolation_duration: 0}
$data merge entity $(bone60) {transformation: [-0.8812f,0.4711f,-0.0394f,-0.4547f,0.0181f,-0.0498f,-0.9986f,0.0735f,-0.4724f,-0.8807f,0.0353f,0.1769f,0f,0f,0f,1f],start_interpolation: 0,interpolation_duration: 0}
$data merge entity $(bone59) {transformation: [-0.8812f,0.4711f,-0.0394f,-0.3635f,0.0181f,-0.0498f,-0.9986f,0.0656f,-0.4724f,-0.8807f,0.0353f,-0.0018f,0f,0f,0f,1f],start_interpolation: 0,interpolation_duration: 0}
$data merge entity $(bone58) {transformation: [-0.8812f,0.4711f,-0.0394f,-0.2686f,0.0181f,-0.0498f,-0.9986f,0.0536f,-0.4724f,-0.8807f,0.0353f,-0.1766f,0f,0f,0f,1f],start_interpolation: 0,interpolation_duration: 0}
$data merge entity $(bone51) {transformation: [-0.8878f,0.2115f,0.4087f,-0.2295f,0.049f,0.9265f,-0.373f,0.3164f,-0.4576f,-0.3111f,-0.8329f,-0.2488f,0f,0f,0f,1f],start_interpolation: 0,interpolation_duration: 0}
$data merge entity $(bone47) {transformation: [-0.8878f,-0.1241f,0.4432f,-0.2535f,0.049f,0.932f,0.3591f,0.5635f,-0.4576f,0.3405f,-0.8214f,-0.1533f,0f,0f,0f,1f],start_interpolation: 0,interpolation_duration: 0}
$data merge entity $(bone45) {transformation: [-0.8899f,-0.2923f,0.3501f,-0.5388f,0.0652f,0.6782f,0.732f,1.0479f,-0.4515f,0.6742f,-0.5845f,0.5044f,0f,0f,0f,1f],start_interpolation: 0,interpolation_duration: 0}
$data merge entity $(bone43) {transformation: [-0.8408f,0.5141f,0.1697f,-0.1713f,0.1157f,0.4767f,-0.8714f,1.2566f,-0.5289f,-0.713f,-0.4603f,-0.0343f,0f,0f,0f,1f],start_interpolation: 0,interpolation_duration: 0}