# This file was generated by Animated Java via MC-Build. It is not recommended to edit this file directly.
$data merge entity $(bone5) {transformation: [-0.9947f,-0.1024f,0.0038f,0.3851f,-0.0946f,0.9326f,0.3483f,1.4729f,-0.0392f,0.3461f,-0.9374f,0.975f,0f,0f,0f,1f],start_interpolation: 0,interpolation_duration: 0}
$data merge entity $(bone6) {transformation: [0.0239f,-0.2641f,-0.9642f,0.4946f,-0.4409f,0.8628f,-0.2473f,1.2437f,0.8972f,0.431f,-0.0958f,0.8989f,0f,0f,0f,1f],start_interpolation: 0,interpolation_duration: 0}
$data merge entity $(bone8) {transformation: [-0.2643f,-0.0606f,0.9625f,0.6374f,-0.0876f,0.9954f,0.0386f,0.5578f,-0.9605f,-0.0741f,-0.2684f,0.7522f,0f,0f,0f,1f],start_interpolation: 0,interpolation_duration: 0}
$data merge entity $(bone9) {transformation: [-0.2643f,-0.0606f,0.9625f,0.7985f,-0.0876f,0.9954f,0.0386f,0.7302f,-0.9605f,-0.0741f,-0.2684f,0.6846f,0f,0f,0f,1f],start_interpolation: 0,interpolation_duration: 0}
$data merge entity $(bone10) {transformation: [-0.2338f,-0.1372f,0.9625f,0.6192f,-0.3829f,0.923f,0.0386f,0.5485f,-0.8937f,-0.3595f,-0.2684f,0.7286f,0f,0f,0f,1f],start_interpolation: 0,interpolation_duration: 0}
$data merge entity $(bone12) {transformation: [-0.1721f,-0.5249f,0.8336f,0.7638f,-0.907f,0.4145f,0.0738f,0.0484f,-0.3843f,-0.7434f,-0.5475f,0.9459f,0f,0f,0f,1f],start_interpolation: 0,interpolation_duration: 0}
$data merge entity $(bone15) {transformation: [0.9841f,-0.1029f,0.1449f,0.3671f,-0.1648f,-0.2234f,0.9607f,0.0347f,-0.0664f,-0.9693f,-0.2368f,0.9962f,0f,0f,0f,1f],start_interpolation: 0,interpolation_duration: 0}
$data merge entity $(bone14) {transformation: [0.9791f,-0.1029f,-0.1752f,0.4932f,0.1489f,-0.2234f,0.9633f,0.0549f,-0.1382f,-0.9693f,-0.2035f,0.9769f,0f,0f,0f,1f],start_interpolation: 0,interpolation_duration: 0}
$data merge entity $(bone13) {transformation: [0.8602f,-0.1029f,-0.4995f,0.6051f,0.4694f,-0.2234f,0.8543f,0.1136f,-0.1995f,-0.9693f,-0.1439f,0.9481f,0f,0f,0f,1f],start_interpolation: 0,interpolation_duration: 0}
$data merge entity $(bone18) {transformation: [-0.0442f,-0.9972f,-0.0598f,0.7394f,0.9315f,-0.0195f,-0.3633f,-0.257f,0.3611f,-0.0717f,0.9298f,1.248f,0f,0f,0f,1f],start_interpolation: 0,interpolation_duration: 0}
$data merge entity $(bone17) {transformation: [0.0046f,-0.9972f,-0.0742f,0.7403f,0.9471f,-0.0195f,0.3204f,-0.0704f,-0.321f,-0.0717f,0.9444f,1.1848f,0f,0f,0f,1f],start_interpolation: 0,interpolation_duration: 0}
$data merge entity $(bone16) {transformation: [0.0325f,-0.9972f,-0.0668f,0.7409f,0.7535f,-0.0195f,0.6572f,0.0389f,-0.6567f,-0.0717f,0.7508f,1.0869f,0f,0f,0f,1f],start_interpolation: 0,interpolation_duration: 0}
$data merge entity $(bone27) {transformation: [-0.8435f,-0.5301f,-0.0865f,1.1832f,-0.0677f,-0.0548f,0.9962f,0.0338f,-0.5328f,0.8462f,0.0103f,1.1419f,0f,0f,0f,1f],start_interpolation: 0,interpolation_duration: 0}
$data merge entity $(bone26) {transformation: [-0.8313f,-0.5506f,-0.0762f,1.0508f,-0.0643f,-0.0409f,0.9971f,0.0247f,-0.5521f,0.8338f,-0.0014f,1.0618f,0f,0f,0f,1f],start_interpolation: 0,interpolation_duration: 0}
$data merge entity $(bone25) {transformation: [-0.8227f,-0.5506f,0.1415f,0.8993f,0.1959f,-0.0409f,0.9798f,0.0583f,-0.5337f,0.8338f,0.1415f,0.9686f,0f,0f,0f,1f],start_interpolation: 0,interpolation_duration: 0}
$data merge entity $(bone30) {transformation: [0.0238f,-0.8748f,0.4838f,0.9532f,0.99f,-0.0466f,-0.1329f,-0.26f,0.1388f,0.4822f,0.865f,1.2361f,0f,0f,0f,1f],start_interpolation: 0,interpolation_duration: 0}
$data merge entity $(bone29) {transformation: [-0.225f,-0.8748f,0.4289f,0.9126f,0.9205f,-0.0466f,0.3879f,-0.0784f,-0.3194f,0.4822f,0.8158f,1.1711f,0f,0f,0f,1f],start_interpolation: 0,interpolation_duration: 0}
$data merge entity $(bone28) {transformation: [-0.4052f,-0.8748f,0.2654f,0.8263f,0.6157f,-0.0466f,0.7866f,0.0447f,-0.6758f,0.4822f,0.5575f,1.0355f,0f,0f,0f,1f],start_interpolation: 0,interpolation_duration: 0}
$data merge entity $(bone7) {transformation: [0.9625f,-0.072f,0.2614f,0.6017f,0.0386f,0.9906f,0.1309f,0.8931f,-0.2684f,-0.1159f,0.9563f,0.7092f,0f,0f,0f,1f],start_interpolation: 0,interpolation_duration: 0}
$data merge entity $(bone4) {transformation: [-0.9642f,-0.2651f,0.0038f,0.3501f,-0.2473f,0.9042f,0.3483f,1.5787f,-0.0958f,0.3349f,-0.9374f,0.9865f,0f,0f,0f,1f],start_interpolation: 0,interpolation_duration: 0}
$data merge entity $(bone62) {transformation: [-0.9111f,0.3536f,0.2121f,-0.4154f,0.4103f,0.7273f,0.5502f,1.4971f,0.0403f,0.5883f,-0.8076f,0.9459f,0f,0f,0f,1f],start_interpolation: 0,interpolation_duration: 0}
$data merge entity $(bone63) {transformation: [0.2631f,0.4742f,0.8402f,-0.5826f,0.6151f,0.5885f,-0.5247f,1.3445f,-0.7433f,0.6549f,-0.1369f,0.808f,0f,0f,0f,1f],start_interpolation: 0,interpolation_duration: 0}
$data merge entity $(bone65) {transformation: [-0.0571f,0.1539f,-0.9864f,-0.8367f,0.1965f,0.9705f,0.1401f,0.7854f,0.9789f,-0.1858f,-0.0856f,0.611f,0f,0f,0f,1f],start_interpolation: 0,interpolation_duration: 0}
$data merge entity $(bone66) {transformation: [-0.0571f,0.1539f,-0.9864f,-0.988f,0.1965f,0.9705f,0.1401f,0.9712f,0.9789f,-0.1858f,-0.0856f,0.5575f,0f,0f,0f,1f],start_interpolation: 0,interpolation_duration: 0}
$data merge entity $(bone67) {transformation: [-0.0081f,0.164f,-0.9864f,-0.8246f,0.4792f,0.8665f,0.1401f,0.7721f,0.8777f,-0.4715f,-0.0856f,0.5855f,0f,0f,0f,1f],start_interpolation: 0,interpolation_duration: 0}
$data merge entity $(bone69) {transformation: [-0.2722f,0.1049f,-0.9565f,-0.9139f,0.3862f,0.9224f,-0.0087f,0.2111f,0.8813f,-0.3718f,-0.2916f,0.7698f,0f,0f,0f,1f],start_interpolation: 0,interpolation_duration: 0}
$data merge entity $(bone72) {transformation: [0.9305f,0.2788f,0.2376f,-0.6312f,-0.2979f,0.1988f,0.9337f,0.124f,0.2131f,-0.9396f,0.268f,0.8045f,0f,0f,0f,1f],start_interpolation: 0,interpolation_duration: 0}
$data merge entity $(bone71) {transformation: [0.7374f,0.2788f,0.6152f,-0.7253f,-0.6711f,0.1988f,0.7143f,0.2118f,0.0768f,-0.9396f,0.3337f,0.7939f,0f,0f,0f,1f],start_interpolation: 0,interpolation_duration: 0}
$data merge entity $(bone70) {transformation: [0.4825f,0.2788f,0.8303f,-0.7883f,-0.8749f,0.1988f,0.4417f,0.325f,-0.0419f,-0.9396f,0.3398f,0.7957f,0f,0f,0f,1f],start_interpolation: 0,interpolation_duration: 0}
$data merge entity $(bone81) {transformation: [0.0404f,0.9855f,0.1645f,-0.8121f,-0.9939f,0.0228f,0.1078f,-0.1428f,0.1025f,-0.1679f,0.9805f,1.0372f,0f,0f,0f,1f],start_interpolation: 0,interpolation_duration: 0}
$data merge entity $(bone80) {transformation: [0.0688f,0.9855f,0.1548f,-0.8257f,-0.9594f,0.0228f,0.2813f,0.0462f,0.2737f,-0.1679f,0.9471f,0.9833f,0f,0f,0f,1f],start_interpolation: 0,interpolation_duration: 0}
$data merge entity $(bone73) {transformation: [0.1434f,0.9855f,0.0902f,-0.8426f,-0.6394f,0.0228f,0.7685f,0.1388f,0.7554f,-0.1679f,0.6334f,0.8707f,0f,0f,0f,1f],start_interpolation: 0,interpolation_duration: 0}
$data merge entity $(bone84) {transformation: [-0.7085f,0.6969f,0.111f,-1.2567f,0.1292f,-0.0266f,0.9913f,0.0295f,0.6938f,0.7167f,-0.0712f,1.0219f,0f,0f,0f,1f],start_interpolation: 0,interpolation_duration: 0}
$data merge entity $(bone83) {transformation: [-0.6829f,0.7144f,-0.1527f,-1.1466f,-0.2243f,-0.0061f,0.9745f,0.0653f,0.6953f,0.6997f,0.1644f,0.919f,0f,0f,0f,1f],start_interpolation: 0,interpolation_duration: 0}
$data merge entity $(bone82) {transformation: [-0.6201f,0.7144f,-0.3242f,-1.0308f,-0.4689f,-0.0061f,0.8832f,0.1487f,0.629f,0.6997f,0.3388f,0.8076f,0f,0f,0f,1f],start_interpolation: 0,interpolation_duration: 0}
$data merge entity $(bone103) {transformation: [-0.1763f,0.9496f,-0.2592f,-1.0273f,-0.824f,0.0017f,0.5665f,-0.1363f,0.5384f,0.3135f,0.7822f,1.1137f,0f,0f,0f,1f],start_interpolation: 0,interpolation_duration: 0}
$data merge entity $(bone102) {transformation: [-0.1813f,0.9496f,-0.2557f,-0.9957f,-0.8127f,0.0017f,0.5826f,0.0239f,0.5537f,0.3135f,0.7715f,1.0033f,0f,0f,0f,1f],start_interpolation: 0,interpolation_duration: 0}
$data merge entity $(bone85) {transformation: [-0.2606f,0.9496f,-0.1742f,-0.9385f,-0.5514f,0.0017f,0.8342f,0.134f,0.7925f,0.3135f,0.5232f,0.8434f,0f,0f,0f,1f],start_interpolation: 0,interpolation_duration: 0}
$data merge entity $(bone64) {transformation: [0.9864f,0.1563f,-0.0503f,-0.7735f,-0.1401f,0.961f,0.2386f,1.1089f,0.0856f,-0.2283f,0.9698f,0.5279f,0f,0f,0f,1f],start_interpolation: 0,interpolation_duration: 0}
$data merge entity $(bone61) {transformation: [-0.8402f,0.4991f,0.2121f,-0.3501f,0.5247f,0.6496f,0.5502f,1.5787f,0.1369f,0.5736f,-0.8076f,0.9865f,0f,0f,0f,1f],start_interpolation: 0,interpolation_duration: 0}
$data merge entity $(bone23) {transformation: [-0.7934f,-0.6088f,0f,0.1071f,-0.0943f,0.1229f,0.9879f,1.502f,-0.6014f,0.7838f,-0.1549f,1.0117f,0f,0f,0f,1f],start_interpolation: 0,interpolation_duration: 0}
$data merge entity $(bone22) {transformation: [-0.7934f,0.6088f,0f,-0.1071f,0.0943f,0.1229f,0.9879f,1.502f,0.6014f,0.7838f,-0.1549f,1.0117f,0f,0f,0f,1f],start_interpolation: 0,interpolation_duration: 0}
$data merge entity $(bone89) {transformation: [-1f,0.0072f,0.0007f,0.002f,0.0058f,0.7445f,0.6676f,2.2159f,0.0043f,0.6676f,-0.7445f,1.4279f,0f,0f,0f,1f],start_interpolation: 0,interpolation_duration: 0}
$data merge entity $(bone90) {transformation: [-1f,0.0069f,0.0019f,0.0013f,0.0058f,0.6173f,0.7867f,2.1476f,0.0043f,0.7867f,-0.6173f,1.3549f,0f,0f,0f,1f],start_interpolation: 0,interpolation_duration: 0}
$data merge entity $(bone88) {transformation: [-1f,0.0071f,0.0013f,0.0312f,0.0058f,0.6835f,0.7299f,1.9983f,0.0043f,0.7299f,-0.6835f,1.2503f,0f,0f,0f,1f],start_interpolation: 0,interpolation_duration: 0}
$data merge entity $(bone42) {transformation: [-1f,0f,0f,0f,0f,0.7573f,0.6531f,1.7366f,0f,0.6531f,-0.7573f,1.6778f,0f,0f,0f,1f],start_interpolation: 0,interpolation_duration: 0}
$data merge entity $(bone87) {transformation: [-0.9998f,0.0157f,-0.0096f,-0.0044f,0.0044f,0.7092f,0.705f,1.3316f,0.0179f,0.7049f,-0.7091f,2.2679f,0f,0f,0f,1f],start_interpolation: 0,interpolation_duration: 0}
$data merge entity $(bone86) {transformation: [-1f,0f,0f,0f,0f,0.7837f,0.6212f,1.4695f,0f,0.6212f,-0.7837f,2.086f,0f,0f,0f,1f],start_interpolation: 0,interpolation_duration: 0}
$data merge entity $(bone92) {transformation: [-0.8818f,0.2593f,-0.3939f,0.1194f,-0.027f,0.8062f,0.5911f,1.8125f,0.4708f,0.5319f,-0.7039f,1.7116f,0f,0f,0f,1f],start_interpolation: 0,interpolation_duration: 0}
$data merge entity $(bone3) {transformation: [-0.8818f,-0.2593f,0.3939f,-0.1194f,0.027f,0.8062f,0.5911f,1.8125f,-0.4708f,0.5319f,-0.7039f,1.7116f,0f,0f,0f,1f],start_interpolation: 0,interpolation_duration: 0}
$data merge entity $(head) {transformation: [-1f,0f,0f,0f,0f,0.8151f,0.5793f,1.7169f,0f,0.5793f,-0.8151f,1.4951f,0f,0f,0f,1f],start_interpolation: 0,interpolation_duration: 0}
$data merge entity $(neck) {transformation: [-1f,0f,0f,0f,0f,0.6374f,0.7706f,1.6094f,0f,0.7706f,-0.6374f,1.3651f,0f,0f,0f,1f],start_interpolation: 0,interpolation_duration: 0}
$data merge entity $(bone2) {transformation: [-1f,0f,0f,0f,0f,0.1549f,0.9879f,1.5396f,0f,0.9879f,-0.1549f,1.0549f,0f,0f,0f,1f],start_interpolation: 0,interpolation_duration: 0}
$data merge entity $(bone136) {transformation: [-1f,0f,0f,0f,0f,0.2064f,1.0092f,1.5166f,0f,0.9785f,-0.2128f,0.8595f,0f,0f,0f,1f],start_interpolation: 0,interpolation_duration: 0}
$data merge entity $(bone118) {transformation: [-0.0884f,-0.849f,-0.5209f,0.2585f,0.9917f,-0.1238f,0.0334f,1.6773f,-0.0929f,-0.5137f,0.8529f,0.7668f,0f,0f,0f,1f],start_interpolation: 0,interpolation_duration: 0}
$data merge entity $(bone119) {transformation: [-0.1512f,-0.849f,-0.5063f,0.7335f,0.9884f,-0.1238f,-0.0877f,1.7231f,0.0118f,-0.5137f,0.8579f,-0.0411f,0f,0f,0f,1f],start_interpolation: 0,interpolation_duration: 0}
$data merge entity $(bone120) {transformation: [-0.4895f,-0.849f,0.1991f,1.6292f,-0.182f,-0.1238f,-0.9755f,1.0062f,0.8528f,-0.5137f,-0.0939f,0.6146f,0f,0f,0f,1f],start_interpolation: 0,interpolation_duration: 0}
$data merge entity $(bone121) {transformation: [0f,0f,0f,0.9821f,0f,0f,0f,1.8364f,0f,0f,0f,-0.4676f,0f,0f,0f,1f],start_interpolation: 0,interpolation_duration: 0}
$data merge entity $(bone123) {transformation: [-0.0122f,-1.7319f,-1.0626f,0.9373f,1.9931f,-0.2169f,0.3306f,1.2332f,-0.3952f,-1.0403f,1.7001f,2.3769f,0f,0f,0f,1f],start_interpolation: 0,interpolation_duration: 0}
$data merge entity $(bone124) {transformation: [-0.1411f,-0.8523f,-0.5036f,0.7161f,0.9896f,-0.1067f,-0.0967f,2.6938f,0.0287f,-0.512f,0.8585f,-0.2543f,0f,0f,0f,1f],start_interpolation: 0,interpolation_duration: 0}
$data merge entity $(bone122) {transformation: [-0.4109f,-1.3133f,-0.6932f,0.543f,1.4342f,-0.1644f,-0.5385f,2.6687f,0.385f,-0.7888f,1.2663f,0.0374f,0f,0f,0f,1f],start_interpolation: 0,interpolation_duration: 0}
$data merge entity $(bone126) {transformation: [0.2523f,-0.8523f,-0.4581f,1.1416f,0.7736f,-0.1067f,0.6246f,1.9955f,-0.5813f,-0.512f,0.6324f,-0.816f,0f,0f,0f,1f],start_interpolation: 0,interpolation_duration: 0}
$data merge entity $(bone127) {transformation: [0.1251f,-0.8523f,-0.5078f,0.7918f,0.9089f,-0.1067f,0.4031f,2.3773f,-0.3978f,-0.512f,0.7613f,-0.3144f,0f,0f,0f,1f],start_interpolation: 0,interpolation_duration: 0}
$data merge entity $(bone125) {transformation: [-0.0148f,-1.1949f,-0.733f,0.6228f,1.377f,-0.1496f,0.2161f,2.5286f,-0.2624f,-0.7177f,1.1753f,-0.0572f,0f,0f,0f,1f],start_interpolation: 0,interpolation_duration: 0}
$data merge entity $(bone129) {transformation: [1.0213f,-1.5895f,-0.2576f,0.436f,0.1425f,-0.199f,1.9974f,3.751f,-1.73f,-0.9547f,0.0125f,2.6866f,0f,0f,0f,1f],start_interpolation: 0,interpolation_duration: 0}
$data merge entity $(bone130) {transformation: [0.5231f,-0.8523f,-0.213f,0.8643f,0.2247f,-0.1067f,1.0501f,1.5423f,-0.9177f,-0.512f,0.1357f,-0.261f,0f,0f,0f,1f],start_interpolation: 0,interpolation_duration: 0}
$data merge entity $(bone131) {transformation: [0.438f,-0.8523f,-0.3566f,0.7055f,0.5219f,-0.1067f,0.9385f,2.1154f,-0.838f,-0.512f,0.3981f,-0.116f,0f,0f,0f,1f],start_interpolation: 0,interpolation_duration: 0}
$data merge entity $(bone128) {transformation: [0.3487f,-0.8986f,-0.4827f,0.591f,0.7876f,-0.1125f,0.8132f,2.4138f,-0.7447f,-0.5397f,0.6341f,0.0017f,0f,0f,0f,1f],start_interpolation: 0,interpolation_duration: 0}
$data merge entity $(bone132) {transformation: [-0.2387f,-0.8523f,-0.4653f,0.4661f,0.9504f,-0.1067f,-0.292f,2.5416f,0.1993f,-0.512f,0.8356f,0.2059f,0f,0f,0f,1f],start_interpolation: 0,interpolation_duration: 0}
$data merge entity $(bone133) {transformation: [-0.4174f,-1.447f,-0.6873f,0.5301f,1.6619f,-0.1812f,-0.4313f,2.5631f,0.3484f,-0.8692f,1.2341f,0.1066f,0f,0f,0f,1f],start_interpolation: 0,interpolation_duration: 0}
$data merge entity $(w5) {transformation: [-0.2387f,-0.8523f,-0.4653f,0.5402f,0.9504f,-0.1067f,-0.292f,2.4963f,0.1993f,-0.512f,0.8356f,0.1168f,0f,0f,0f,1f],start_interpolation: 0,interpolation_duration: 0}
$data merge entity $(w2) {transformation: [-0.5151f,-0.849f,-0.1177f,0.7069f,0.4104f,-0.1238f,-0.9035f,1.7387f,0.7525f,-0.5137f,0.4122f,-0.0243f,0f,0f,0f,1f],start_interpolation: 0,interpolation_duration: 0}
$data merge entity $(wing3) {transformation: [-0.0884f,-0.849f,-0.5209f,0.2175f,0.9917f,-0.1238f,0.0334f,1.7803f,-0.0929f,-0.5137f,0.8529f,0.7746f,0f,0f,0f,1f],start_interpolation: 0,interpolation_duration: 0}
$data merge entity $(bone104) {transformation: [-0.0884f,0.849f,0.5209f,-0.2585f,-0.9917f,-0.1238f,0.0334f,1.6773f,0.0929f,-0.5137f,0.8529f,0.7668f,0f,0f,0f,1f],start_interpolation: 0,interpolation_duration: 0}
$data merge entity $(bone105) {transformation: [-0.1512f,0.849f,0.5063f,-0.7335f,-0.9884f,-0.1238f,-0.0877f,1.7231f,-0.0118f,-0.5137f,0.8579f,-0.0411f,0f,0f,0f,1f],start_interpolation: 0,interpolation_duration: 0}
$data merge entity $(bone106) {transformation: [-0.4895f,0.849f,-0.1991f,-1.6292f,0.182f,-0.1238f,-0.9755f,1.0062f,-0.8528f,-0.5137f,-0.0939f,0.6146f,0f,0f,0f,1f],start_interpolation: 0,interpolation_duration: 0}
$data merge entity $(bone107) {transformation: [0f,0f,0f,-0.9821f,0f,0f,0f,1.8364f,0f,0f,0f,-0.4676f,0f,0f,0f,1f],start_interpolation: 0,interpolation_duration: 0}
$data merge entity $(bone109) {transformation: [0.0072f,1.7319f,0.9986f,-0.9673f,-1.8279f,-0.2169f,0.2763f,1.3442f,0.3931f,-1.0403f,1.605f,2.3038f,0f,0f,0f,1f],start_interpolation: 0,interpolation_duration: 0}
$data merge entity $(bone110) {transformation: [-0.1238f,0.8523f,0.4756f,-0.7064f,-0.9041f,-0.1067f,-0.1015f,2.6961f,-0.0176f,-0.512f,0.813f,-0.2387f,0f,0f,0f,1f],start_interpolation: 0,interpolation_duration: 0}
$data merge entity $(bone108) {transformation: [-0.3739f,1.3133f,0.6585f,-0.543f,-1.3051f,-0.1644f,-0.5116f,2.6687f,-0.3504f,-0.7888f,1.203f,0.0374f,0f,0f,0f,1f],start_interpolation: 0,interpolation_duration: 0}
$data merge entity $(bone112) {transformation: [0.2523f,0.8523f,0.4581f,-1.1416f,-0.7736f,-0.1067f,0.6246f,1.9955f,0.5813f,-0.512f,0.6324f,-0.816f,0f,0f,0f,1f],start_interpolation: 0,interpolation_duration: 0}
$data merge entity $(bone113) {transformation: [0.1251f,0.8523f,0.5078f,-0.7918f,-0.9089f,-0.1067f,0.4031f,2.3773f,0.3978f,-0.512f,0.7613f,-0.3144f,0f,0f,0f,1f],start_interpolation: 0,interpolation_duration: 0}
$data merge entity $(bone111) {transformation: [-0.0148f,1.1949f,0.733f,-0.6228f,-1.377f,-0.1496f,0.2161f,2.5286f,0.2624f,-0.7177f,1.1753f,-0.0572f,0f,0f,0f,1f],start_interpolation: 0,interpolation_duration: 0}
$data merge entity $(bone115) {transformation: [1.0213f,1.5895f,0.2576f,-0.436f,-0.1425f,-0.199f,1.9974f,3.751f,1.73f,-0.9547f,0.0125f,2.6866f,0f,0f,0f,1f],start_interpolation: 0,interpolation_duration: 0}
$data merge entity $(bone116) {transformation: [0.5231f,0.8523f,0.213f,-0.8643f,-0.2247f,-0.1067f,1.0501f,1.5423f,0.9177f,-0.512f,0.1357f,-0.261f,0f,0f,0f,1f],start_interpolation: 0,interpolation_duration: 0}
$data merge entity $(bone117) {transformation: [0.438f,0.8523f,0.3566f,-0.7055f,-0.5219f,-0.1067f,0.9385f,2.1154f,0.838f,-0.512f,0.3981f,-0.116f,0f,0f,0f,1f],start_interpolation: 0,interpolation_duration: 0}
$data merge entity $(bone114) {transformation: [0.3487f,0.8986f,0.4827f,-0.591f,-0.7876f,-0.1125f,0.8132f,2.4138f,0.7447f,-0.5397f,0.6341f,0.0017f,0f,0f,0f,1f],start_interpolation: 0,interpolation_duration: 0}
$data merge entity $(bone134) {transformation: [-0.2387f,0.8523f,0.4653f,-0.4661f,-0.9504f,-0.1067f,-0.292f,2.5416f,-0.1993f,-0.512f,0.8356f,0.2059f,0f,0f,0f,1f],start_interpolation: 0,interpolation_duration: 0}
$data merge entity $(bone135) {transformation: [-0.4174f,1.447f,0.6873f,-0.5301f,-1.6619f,-0.1812f,-0.4313f,2.5631f,-0.3484f,-0.8692f,1.2341f,0.1066f,0f,0f,0f,1f],start_interpolation: 0,interpolation_duration: 0}
$data merge entity $(w4) {transformation: [-0.2387f,0.8523f,0.4653f,-0.5402f,-0.9504f,-0.1067f,-0.292f,2.4963f,-0.1993f,-0.512f,0.8356f,0.1168f,0f,0f,0f,1f],start_interpolation: 0,interpolation_duration: 0}
$data merge entity $(w3) {transformation: [-0.5151f,0.849f,0.1177f,-0.7069f,-0.4104f,-0.1238f,-0.9035f,1.7387f,-0.7525f,-0.5137f,0.4122f,-0.0243f,0f,0f,0f,1f],start_interpolation: 0,interpolation_duration: 0}
$data merge entity $(wing2) {transformation: [-0.0884f,0.849f,0.5209f,-0.2175f,-0.9917f,-0.1238f,0.0334f,1.7803f,0.0929f,-0.5137f,0.8529f,0.7746f,0f,0f,0f,1f],start_interpolation: 0,interpolation_duration: 0}
$data merge entity $(bone20) {transformation: [-1f,0f,0f,-0.1563f,0f,-0.1494f,0.9888f,1.5224f,0f,0.9888f,0.1494f,0.3246f,0f,0f,0f,1f],start_interpolation: 0,interpolation_duration: 0}
$data merge entity $(bone101) {transformation: [-1f,0f,0f,0f,0f,-0.3221f,0.9467f,1.2163f,0f,0.9467f,0.3221f,-2.6515f,0f,0f,0f,1f],start_interpolation: 0,interpolation_duration: 0}
$data merge entity $(bone100) {transformation: [-1f,0f,0f,0f,0f,0.1708f,0.9853f,0.7709f,0f,0.9853f,-0.1708f,-2.5679f,0f,0f,0f,1f],start_interpolation: 0,interpolation_duration: 0}
$data merge entity $(bone99) {transformation: [-1f,0f,0f,0f,0f,0.4174f,0.9087f,0.3108f,0f,0.9087f,-0.4174f,-2.3566f,0f,0f,0f,1f],start_interpolation: 0,interpolation_duration: 0}
$data merge entity $(bone98) {transformation: [-1f,0f,0f,0f,0f,0.8523f,0.5231f,0.0526f,0f,0.5231f,-0.8523f,-1.9358f,0f,0f,0f,1f],start_interpolation: 0,interpolation_duration: 0}
$data merge entity $(bone97) {transformation: [-1f,0f,0f,0f,0f,0.9903f,-0.1389f,0.1237f,0f,-0.1389f,-0.9903f,-1.4283f,0f,0f,0f,1f],start_interpolation: 0,interpolation_duration: 0}
$data merge entity $(bone96) {transformation: [-1f,0f,0f,0f,0f,0.8618f,-0.5073f,0.3774f,0f,-0.5073f,-0.8618f,-0.9974f,0f,0f,0f,1f],start_interpolation: 0,interpolation_duration: 0}
$data merge entity $(bone95) {transformation: [-1f,0f,0f,0f,0f,0.6693f,-0.743f,0.7442f,0f,-0.743f,-0.6693f,-0.6669f,0f,0f,0f,1f],start_interpolation: 0,interpolation_duration: 0}
$data merge entity $(bone94) {transformation: [-1f,0f,0f,0f,0f,0.602f,-0.7985f,1.1384f,0f,-0.7985f,-0.602f,-0.3697f,0f,0f,0f,1f],start_interpolation: 0,interpolation_duration: 0}
$data merge entity $(bone93) {transformation: [-1f,0f,0f,0f,0f,0.7316f,-0.6818f,1.3962f,0f,-0.6818f,-0.7316f,-0.093f,0f,0f,0f,1f],start_interpolation: 0,interpolation_duration: 0}
$data merge entity $(bone) {transformation: [-1f,0f,0f,0f,0f,0.5373f,0.8434f,1.304f,0f,0.8434f,-0.5373f,-0.0343f,0f,0f,0f,1f],start_interpolation: 0,interpolation_duration: 0}
$data merge entity $(bone24) {transformation: [-0.9666f,-0.2562f,-0.0105f,0.1031f,-0.2559f,0.9616f,0.099f,1.2453f,-0.0153f,0.0984f,-0.995f,-0.0353f,0f,0f,0f,1f],start_interpolation: 0,interpolation_duration: 0}
$data merge entity $(bone32) {transformation: [-0.9975f,-0.0446f,-0.0551f,0.2257f,-0.068f,0.3838f,0.9209f,0.6039f,-0.0199f,0.9223f,-0.3859f,-0.3452f,0f,0f,0f,1f],start_interpolation: 0,interpolation_duration: 0}
$data merge entity $(bone36) {transformation: [-0.9988f,-0.0367f,-0.0336f,0.338f,-0.0345f,0.9974f,-0.0633f,0.2724f,0.0358f,-0.062f,-0.9974f,-1.037f,0f,0f,0f,1f],start_interpolation: 0,interpolation_duration: 0}
$data merge entity $(bone35) {transformation: [-0.9988f,-0.015f,-0.0474f,0.2972f,-0.0345f,0.8954f,0.4439f,0.4025f,0.0358f,0.445f,-0.8948f,-0.9658f,0f,0f,0f,1f],start_interpolation: 0,interpolation_duration: 0}
$data merge entity $(bone34) {transformation: [-0.9988f,-0.0087f,-0.049f,0.2976f,-0.0345f,0.8298f,0.557f,0.4834f,0.0358f,0.558f,-0.8291f,-0.914f,0f,0f,0f,1f],start_interpolation: 0,interpolation_duration: 0}
$data merge entity $(bone77) {transformation: [-0.9296f,0.3687f,-0.0022f,0.1048f,-0.0186f,-0.053f,-0.9984f,0.0691f,-0.3682f,-0.928f,0.0561f,-0.3587f,0f,0f,0f,1f],start_interpolation: 0,interpolation_duration: 0}
$data merge entity $(bone75) {transformation: [-0.9296f,0.3687f,-0.0022f,0.1698f,-0.0186f,-0.053f,-0.9984f,0.0612f,-0.3682f,-0.928f,0.0561f,-0.533f,0f,0f,0f,1f],start_interpolation: 0,interpolation_duration: 0}
$data merge entity $(bone39) {transformation: [-0.9296f,0.3687f,-0.0022f,0.234f,-0.0186f,-0.053f,-0.9984f,0.0501f,-0.3682f,-0.928f,0.0561f,-0.6909f,0f,0f,0f,1f],start_interpolation: 0,interpolation_duration: 0}
$data merge entity $(bone76) {transformation: [-0.9647f,-0.2635f,-0.005f,0.496f,0.0078f,-0.0096f,-0.9999f,0.0533f,0.2634f,-0.9646f,0.0113f,-0.3311f,0f,0f,0f,1f],start_interpolation: 0,interpolation_duration: 0}
$data merge entity $(bone74) {transformation: [-0.9647f,-0.2635f,-0.005f,0.4827f,0.0078f,-0.0096f,-0.9999f,0.0603f,0.2634f,-0.9646f,0.0113f,-0.5275f,0f,0f,0f,1f],start_interpolation: 0,interpolation_duration: 0}
$data merge entity $(bone40) {transformation: [-0.9647f,-0.2635f,-0.005f,0.4364f,0.0078f,-0.0096f,-0.9999f,0.0566f,0.2634f,-0.9646f,0.0113f,-0.6919f,0f,0f,0f,1f],start_interpolation: 0,interpolation_duration: 0}
$data merge entity $(bone79) {transformation: [-0.9988f,0.0461f,0.0166f,0.3077f,-0.0171f,-0.0111f,-0.9998f,0.0595f,-0.0459f,-0.9989f,0.0119f,-0.2929f,0f,0f,0f,1f],start_interpolation: 0,interpolation_duration: 0}
$data merge entity $(bone78) {transformation: [-0.9988f,0.0461f,0.0166f,0.3209f,-0.0171f,-0.0111f,-0.9998f,0.0593f,-0.0459f,-0.9989f,0.0119f,-0.4933f,0f,0f,0f,1f],start_interpolation: 0,interpolation_duration: 0}
$data merge entity $(bone41) {transformation: [-0.9988f,0.0461f,0.0166f,0.3288f,-0.0171f,-0.0111f,-0.9998f,0.055f,-0.0459f,-0.9989f,0.0119f,-0.6924f,0f,0f,0f,1f],start_interpolation: 0,interpolation_duration: 0}
$data merge entity $(bone38) {transformation: [-0.9999f,-0.0109f,0.0108f,0.3369f,-0.0147f,0.8824f,-0.4702f,0.3075f,-0.0044f,-0.4703f,-0.8825f,-0.802f,0f,0f,0f,1f],start_interpolation: 0,interpolation_duration: 0}
$data merge entity $(bone33) {transformation: [-0.9987f,-0.0456f,-0.0212f,0.3145f,-0.0503f,0.8943f,0.4446f,0.5445f,-0.0013f,0.4452f,-0.8955f,-0.6834f,0f,0f,0f,1f],start_interpolation: 0,interpolation_duration: 0}
$data merge entity $(bone31) {transformation: [-0.9975f,-0.0349f,-0.0617f,0.2813f,-0.068f,0.2266f,0.9716f,0.6115f,-0.0199f,0.9734f,-0.2284f,0.1786f,0f,0f,0f,1f],start_interpolation: 0,interpolation_duration: 0}
$data merge entity $(bone19) {transformation: [-0.9852f,-0.1689f,0.0282f,0.1713f,-0.1711f,0.9774f,-0.1241f,1.2529f,-0.0066f,-0.1271f,-0.9919f,-0.0343f,0f,0f,0f,1f],start_interpolation: 0,interpolation_duration: 0}
$data merge entity $(bone44) {transformation: [-0.7971f,0.5356f,0.2788f,-0.1115f,0.1725f,0.6445f,-0.7449f,1.2469f,-0.5786f,-0.5457f,-0.6061f,-0.0011f,0f,0f,0f,1f],start_interpolation: 0,interpolation_duration: 0}
$data merge entity $(bone46) {transformation: [-0.89f,-0.2301f,0.3937f,-0.2907f,0.0656f,0.7897f,0.61f,0.7819f,-0.4512f,0.5687f,-0.6877f,0.124f,0f,0f,0f,1f],start_interpolation: 0,interpolation_duration: 0}
$data merge entity $(bone50) {transformation: [-0.8718f,-0.1311f,0.4721f,-0.0794f,0.0304f,0.9472f,0.3192f,0.3315f,-0.489f,0.2926f,-0.8217f,-0.5331f,0f,0f,0f,1f],start_interpolation: 0,interpolation_duration: 0}
$data merge entity $(bone49) {transformation: [-0.8718f,-0.3496f,0.3432f,-0.0989f,0.0304f,0.6607f,0.75f,0.4257f,-0.489f,0.6643f,-0.5653f,-0.413f,0f,0f,0f,1f],start_interpolation: 0,interpolation_duration: 0}
$data merge entity $(bone48) {transformation: [-0.8718f,-0.3914f,0.2947f,-0.137f,0.0304f,0.5571f,0.8299f,0.4809f,-0.489f,0.7324f,-0.4738f,-0.3443f,0f,0f,0f,1f],start_interpolation: 0,interpolation_duration: 0}
$data merge entity $(bone54) {transformation: [-0.9809f,0.1939f,-0.0122f,-0.2572f,0.0001f,-0.0621f,-0.9981f,0.0669f,-0.1943f,-0.979f,0.0609f,0.2168f,0f,0f,0f,1f],start_interpolation: 0,interpolation_duration: 0}
$data merge entity $(bone53) {transformation: [-0.9809f,0.1939f,-0.0122f,-0.2172f,0.0001f,-0.0621f,-0.9981f,0.0573f,-0.1943f,-0.979f,0.0609f,0.0353f,0f,0f,0f,1f],start_interpolation: 0,interpolation_duration: 0}
$data merge entity $(bone52) {transformation: [-0.9809f,0.1939f,-0.0122f,-0.1854f,0.0001f,-0.0621f,-0.9981f,0.0446f,-0.1943f,-0.979f,0.0609f,-0.1321f,0f,0f,0f,1f],start_interpolation: 0,interpolation_duration: 0}
$data merge entity $(bone57) {transformation: [-0.7287f,0.6847f,-0.0069f,-0.5862f,-0.0061f,-0.0165f,-0.9998f,0.0575f,-0.6848f,-0.7286f,0.0162f,0.0649f,0f,0f,0f,1f],start_interpolation: 0,interpolation_duration: 0}
$data merge entity $(bone56) {transformation: [-0.7287f,0.6847f,-0.0069f,-0.4823f,-0.0061f,-0.0165f,-0.9998f,0.0632f,-0.6848f,-0.7286f,0.0162f,-0.1024f,0f,0f,0f,1f],start_interpolation: 0,interpolation_duration: 0}
$data merge entity $(bone55) {transformation: [-0.7287f,0.6847f,-0.0069f,-0.3644f,-0.0061f,-0.0165f,-0.9998f,0.0583f,-0.6848f,-0.7286f,0.0162f,-0.2259f,0f,0f,0f,1f],start_interpolation: 0,interpolation_duration: 0}
$data merge entity $(bone60) {transformation: [-0.8813f,0.4708f,-0.0406f,-0.4549f,0.0186f,-0.0514f,-0.9985f,0.0736f,-0.4722f,-0.8807f,0.0365f,0.1768f,0f,0f,0f,1f],start_interpolation: 0,interpolation_duration: 0}
$data merge entity $(bone59) {transformation: [-0.8813f,0.4708f,-0.0406f,-0.3638f,0.0186f,-0.0514f,-0.9985f,0.0653f,-0.4722f,-0.8807f,0.0365f,-0.0019f,0f,0f,0f,1f],start_interpolation: 0,interpolation_duration: 0}
$data merge entity $(bone58) {transformation: [-0.8813f,0.4708f,-0.0406f,-0.2689f,0.0186f,-0.0514f,-0.9985f,0.053f,-0.4722f,-0.8807f,0.0365f,-0.1767f,0f,0f,0f,1f],start_interpolation: 0,interpolation_duration: 0}
$data merge entity $(bone51) {transformation: [-0.8879f,0.211f,0.4088f,-0.23f,0.0495f,0.9272f,-0.3712f,0.316f,-0.4574f,-0.3094f,-0.8337f,-0.2485f,0f,0f,0f,1f],start_interpolation: 0,interpolation_duration: 0}
$data merge entity $(bone47) {transformation: [-0.8879f,-0.1245f,0.4429f,-0.2541f,0.0495f,0.9313f,0.3609f,0.5629f,-0.4574f,0.3423f,-0.8207f,-0.1525f,0f,0f,0f,1f],start_interpolation: 0,interpolation_duration: 0}
$data merge entity $(bone45) {transformation: [-0.89f,-0.2919f,0.3503f,-0.5391f,0.0656f,0.6782f,0.732f,1.0473f,-0.4512f,0.6744f,-0.5844f,0.5054f,0f,0f,0f,1f],start_interpolation: 0,interpolation_duration: 0}
$data merge entity $(bone43) {transformation: [-0.8408f,0.5149f,0.1672f,-0.1713f,0.1157f,0.4726f,-0.8736f,1.2529f,-0.5289f,-0.7152f,-0.4569f,-0.0343f,0f,0f,0f,1f],start_interpolation: 0,interpolation_duration: 0}