# This file was generated by Animated Java via MC-Build. It is not recommended to edit this file directly.
$data merge entity $(bone5) {transformation: [-0.9947f,-0.1024f,0.0031f,0.3852f,-0.0947f,0.9311f,0.3522f,1.4685f,-0.0389f,0.3501f,-0.9359f,0.9746f,0f,0f,0f,1f],start_interpolation: 0,interpolation_duration: 0}
$data merge entity $(bone6) {transformation: [0.0246f,-0.264f,-0.9642f,0.4946f,-0.4446f,0.861f,-0.2471f,1.2397f,0.8954f,0.4348f,-0.0962f,0.8975f,0f,0f,0f,1f],start_interpolation: 0,interpolation_duration: 0}
$data merge entity $(bone8) {transformation: [-0.2643f,-0.0614f,0.9625f,0.6377f,-0.091f,0.9951f,0.0385f,0.5548f,-0.9601f,-0.0774f,-0.2686f,0.7504f,0f,0f,0f,1f],start_interpolation: 0,interpolation_duration: 0}
$data merge entity $(bone9) {transformation: [-0.2643f,-0.0614f,0.9625f,0.7987f,-0.091f,0.9951f,0.0385f,0.7271f,-0.9601f,-0.0774f,-0.2686f,0.6821f,0f,0f,0f,1f],start_interpolation: 0,interpolation_duration: 0}
$data merge entity $(bone10) {transformation: [-0.2336f,-0.1381f,0.9625f,0.6195f,-0.386f,0.9217f,0.0385f,0.5454f,-0.8924f,-0.3625f,-0.2686f,0.7268f,0f,0f,0f,1f],start_interpolation: 0,interpolation_duration: 0}
$data merge entity $(bone12) {transformation: [-0.1708f,-0.5256f,0.8334f,0.7646f,-0.9089f,0.4106f,0.0727f,0.0463f,-0.3805f,-0.7451f,-0.5478f,0.9458f,0f,0f,0f,1f],start_interpolation: 0,interpolation_duration: 0}
$data merge entity $(bone15) {transformation: [0.984f,-0.1023f,0.1459f,0.3667f,-0.1659f,-0.2269f,0.9597f,0.0353f,-0.0651f,-0.9685f,-0.2403f,0.9955f,0f,0f,0f,1f],start_interpolation: 0,interpolation_duration: 0}
$data merge entity $(bone14) {transformation: [0.9812f,-0.1023f,-0.1634f,0.4931f,0.1369f,-0.2269f,0.9642f,0.054f,-0.1357f,-0.9685f,-0.2087f,0.9764f,0f,0f,0f,1f],start_interpolation: 0,interpolation_duration: 0}
$data merge entity $(bone13) {transformation: [0.8662f,-0.1023f,-0.4892f,0.6058f,0.4584f,-0.2269f,0.8593f,0.1112f,-0.1989f,-0.9685f,-0.1497f,0.9478f,0f,0f,0f,1f],start_interpolation: 0,interpolation_duration: 0}
$data merge entity $(bone18) {transformation: [-0.0416f,-0.9973f,-0.0599f,0.7397f,0.9184f,-0.0145f,-0.3954f,-0.2649f,0.3935f,-0.0714f,0.9166f,1.2365f,0f,0f,0f,1f],start_interpolation: 0,interpolation_duration: 0}
$data merge entity $(bone17) {transformation: [0.0066f,-0.9973f,-0.0726f,0.741f,0.9577f,-0.0145f,0.2874f,-0.0763f,-0.2877f,-0.0714f,0.955f,1.1798f,0f,0f,0f,1f],start_interpolation: 0,interpolation_duration: 0}
$data merge entity $(bone16) {transformation: [0.0332f,-0.9973f,-0.0649f,0.7417f,0.7819f,-0.0145f,0.6232f,0.0373f,-0.6225f,-0.0714f,0.7793f,1.0869f,0f,0f,0f,1f],start_interpolation: 0,interpolation_duration: 0}
$data merge entity $(bone27) {transformation: [-0.8425f,-0.5314f,-0.0877f,1.1837f,-0.0711f,-0.0517f,0.9961f,0.033f,-0.5339f,0.8455f,0.0057f,1.1423f,0f,0f,0f,1f],start_interpolation: 0,interpolation_duration: 0}
$data merge entity $(bone26) {transformation: [-0.8303f,-0.5519f,-0.0774f,1.0515f,-0.0678f,-0.0378f,0.997f,0.0235f,-0.5532f,0.833f,-0.006f,1.062f,0f,0f,0f,1f],start_interpolation: 0,interpolation_duration: 0}
$data merge entity $(bone25) {transformation: [-0.822f,-0.5519f,0.1402f,0.9001f,0.1926f,-0.0378f,0.9806f,0.0565f,-0.5359f,0.833f,0.1374f,0.9685f,0f,0f,0f,1f],start_interpolation: 0,interpolation_duration: 0}
$data merge entity $(bone30) {transformation: [0.0396f,-0.8752f,0.4821f,0.949f,0.9854f,-0.0456f,-0.1638f,-0.2694f,0.1654f,0.4816f,0.8607f,1.2273f,0f,0f,0f,1f],start_interpolation: 0,interpolation_duration: 0}
$data merge entity $(bone29) {transformation: [-0.2105f,-0.8752f,0.4355f,0.9113f,0.9322f,-0.0456f,0.359f,-0.0856f,-0.2943f,0.4816f,0.8255f,1.1672f,0f,0f,0f,1f],start_interpolation: 0,interpolation_duration: 0}
$data merge entity $(bone28) {transformation: [-0.3948f,-0.8752f,0.2795f,0.8271f,0.6426f,-0.0456f,0.7648f,0.043f,-0.6566f,0.4816f,0.5805f,1.0355f,0f,0f,0f,1f],start_interpolation: 0,interpolation_duration: 0}
$data merge entity $(bone7) {transformation: [0.9625f,-0.0729f,0.2614f,0.6016f,0.0385f,0.9902f,0.1343f,0.8898f,-0.2686f,-0.1192f,0.9558f,0.7062f,0f,0f,0f,1f],start_interpolation: 0,interpolation_duration: 0}
$data merge entity $(bone4) {transformation: [-0.9642f,-0.2652f,0.0031f,0.3501f,-0.2471f,0.9027f,0.3522f,1.5742f,-0.0962f,0.3388f,-0.9359f,0.9866f,0f,0f,0f,1f],start_interpolation: 0,interpolation_duration: 0}
$data merge entity $(bone62) {transformation: [-0.9115f,0.3505f,0.215f,-0.4152f,0.4094f,0.724f,0.5552f,1.4929f,0.0389f,0.5941f,-0.8034f,0.9452f,0f,0f,0f,1f],start_interpolation: 0,interpolation_duration: 0}
$data merge entity $(bone63) {transformation: [0.2657f,0.471f,0.8412f,-0.5817f,0.6197f,0.5849f,-0.5232f,1.341f,-0.7385f,0.6603f,-0.1364f,0.8058f,0f,0f,0f,1f],start_interpolation: 0,interpolation_duration: 0}
$data merge entity $(bone65) {transformation: [-0.0599f,0.1545f,-0.9862f,-0.8346f,0.1997f,0.9698f,0.1398f,0.7837f,0.978f,-0.1886f,-0.0889f,0.6074f,0f,0f,0f,1f],start_interpolation: 0,interpolation_duration: 0}
$data merge entity $(bone66) {transformation: [-0.0599f,0.1545f,-0.9862f,-0.9858f,0.1997f,0.9698f,0.1398f,0.9692f,0.978f,-0.1886f,-0.0889f,0.5528f,0f,0f,0f,1f],start_interpolation: 0,interpolation_duration: 0}
$data merge entity $(bone67) {transformation: [-0.0106f,0.1654f,-0.9862f,-0.8225f,0.4821f,0.8649f,0.1398f,0.7702f,0.876f,-0.474f,-0.0889f,0.582f,0f,0f,0f,1f],start_interpolation: 0,interpolation_duration: 0}
$data merge entity $(bone69) {transformation: [-0.2743f,0.1073f,-0.9556f,-0.9126f,0.3934f,0.9193f,-0.0097f,0.2101f,0.8775f,-0.3786f,-0.2944f,0.7687f,0f,0f,0f,1f],start_interpolation: 0,interpolation_duration: 0}
$data merge entity $(bone72) {transformation: [0.932f,0.2818f,0.2279f,-0.6302f,-0.2873f,0.1911f,0.9386f,0.1228f,0.221f,-0.9402f,0.2591f,0.8049f,0f,0f,0f,1f],start_interpolation: 0,interpolation_duration: 0}
$data merge entity $(bone71) {transformation: [0.7362f,0.2818f,0.6153f,-0.724f,-0.6715f,0.1911f,0.716f,0.2107f,0.0842f,-0.9402f,0.3299f,0.7933f,0f,0f,0f,1f],start_interpolation: 0,interpolation_duration: 0}
$data merge entity $(bone70) {transformation: [0.4814f,0.2818f,0.83f,-0.7869f,-0.8758f,0.1911f,0.4431f,0.3241f,-0.0337f,-0.9402f,0.3388f,0.7941f,0f,0f,0f,1f],start_interpolation: 0,interpolation_duration: 0}
$data merge entity $(bone81) {transformation: [0.0012f,0.9855f,0.1698f,-0.8157f,-0.9931f,0.021f,-0.1152f,-0.1569f,-0.1171f,-0.1685f,0.9787f,1.011f,0f,0f,0f,1f],start_interpolation: 0,interpolation_duration: 0}
$data merge entity $(bone80) {transformation: [0.0524f,0.9855f,0.1615f,-0.8261f,-0.9815f,0.021f,0.1902f,0.0365f,0.184f,-0.1685f,0.9684f,0.9747f,0f,0f,0f,1f],start_interpolation: 0,interpolation_duration: 0}
$data merge entity $(bone73) {transformation: [0.1344f,0.9855f,0.1038f,-0.8417f,-0.703f,0.021f,0.7109f,0.1385f,0.6984f,-0.1685f,0.6956f,0.8704f,0f,0f,0f,1f],start_interpolation: 0,interpolation_duration: 0}
$data merge entity $(bone84) {transformation: [-0.7085f,0.6967f,0.1124f,-1.2556f,0.132f,-0.0256f,0.9909f,0.0291f,0.6933f,0.7169f,-0.0738f,1.021f,0f,0f,0f,1f],start_interpolation: 0,interpolation_duration: 0}
$data merge entity $(bone83) {transformation: [-0.6829f,0.7143f,-0.1531f,-1.1455f,-0.2239f,-0.0052f,0.9746f,0.0649f,0.6953f,0.6999f,0.1634f,0.9181f,0f,0f,0f,1f],start_interpolation: 0,interpolation_duration: 0}
$data merge entity $(bone82) {transformation: [-0.6201f,0.7143f,-0.3246f,-1.0297f,-0.4685f,-0.0052f,0.8835f,0.1481f,0.6293f,0.6999f,0.3378f,0.8067f,0f,0f,0f,1f],start_interpolation: 0,interpolation_duration: 0}
$data merge entity $(bone103) {transformation: [-0.1412f,0.9494f,-0.2805f,-1.0225f,-0.8939f,-0.0005f,0.4483f,-0.1512f,0.4255f,0.314f,0.8487f,1.0989f,0f,0f,0f,1f],start_interpolation: 0,interpolation_duration: 0}
$data merge entity $(bone102) {transformation: [-0.1692f,0.9494f,-0.2645f,-0.9932f,-0.8433f,-0.0005f,0.5375f,0.015f,0.5102f,0.314f,0.8007f,0.997f,0f,0f,0f,1f],start_interpolation: 0,interpolation_duration: 0}
$data merge entity $(bone85) {transformation: [-0.2531f,0.9494f,-0.1859f,-0.9376f,-0.5932f,-0.0005f,0.805f,0.1336f,0.7642f,0.314f,0.5634f,0.8428f,0f,0f,0f,1f],start_interpolation: 0,interpolation_duration: 0}
$data merge entity $(bone64) {transformation: [0.9862f,0.157f,-0.0531f,-0.7712f,-0.1398f,0.9602f,0.2418f,1.1069f,0.0889f,-0.2311f,0.9689f,0.5234f,0f,0f,0f,1f],start_interpolation: 0,interpolation_duration: 0}
$data merge entity $(bone61) {transformation: [-0.8412f,0.4962f,0.215f,-0.3501f,0.5232f,0.6465f,0.5552f,1.5742f,0.1364f,0.5795f,-0.8034f,0.9866f,0f,0f,0f,1f],start_interpolation: 0,interpolation_duration: 0}
$data merge entity $(bone23) {transformation: [-0.7934f,-0.6088f,0f,0.1071f,-0.0934f,0.1217f,0.9882f,1.4975f,-0.6016f,0.784f,-0.1534f,1.0117f,0f,0f,0f,1f],start_interpolation: 0,interpolation_duration: 0}
$data merge entity $(bone22) {transformation: [-0.7934f,0.6088f,0f,-0.1071f,0.0934f,0.1217f,0.9882f,1.4975f,0.6016f,0.784f,-0.1534f,1.0117f,0f,0f,0f,1f],start_interpolation: 0,interpolation_duration: 0}
$data merge entity $(bone89) {transformation: [-1f,0.0072f,0.0007f,0.002f,0.0058f,0.7479f,0.6638f,2.2112f,0.0042f,0.6638f,-0.7479f,1.4249f,0f,0f,0f,1f],start_interpolation: 0,interpolation_duration: 0}
$data merge entity $(bone90) {transformation: [-1f,0.0069f,0.0019f,0.0013f,0.0058f,0.6213f,0.7836f,2.1425f,0.0042f,0.7836f,-0.6213f,1.3523f,0f,0f,0f,1f],start_interpolation: 0,interpolation_duration: 0}
$data merge entity $(bone88) {transformation: [-1f,0.0071f,0.0013f,0.0312f,0.0058f,0.6872f,0.7265f,1.9926f,0.0042f,0.7264f,-0.6872f,1.2485f,0f,0f,0f,1f],start_interpolation: 0,interpolation_duration: 0}
$data merge entity $(bone42) {transformation: [-1f,0f,0f,0f,0f,0.7527f,0.6583f,1.7332f,0f,0.6583f,-0.7527f,1.6773f,0f,0f,0f,1f],start_interpolation: 0,interpolation_duration: 0}
$data merge entity $(bone87) {transformation: [-0.9998f,0.0157f,-0.0096f,-0.0044f,0.0045f,0.7128f,0.7014f,1.3312f,0.0178f,0.7012f,-0.7127f,2.2694f,0f,0f,0f,1f],start_interpolation: 0,interpolation_duration: 0}
$data merge entity $(bone86) {transformation: [-1f,0f,0f,0f,0f,0.7868f,0.6172f,1.4681f,0f,0.6172f,-0.7868f,2.0869f,0f,0f,0f,1f],start_interpolation: 0,interpolation_duration: 0}
$data merge entity $(bone92) {transformation: [-0.8818f,0.2593f,-0.3939f,0.1194f,-0.0246f,0.8088f,0.5875f,1.8092f,0.471f,0.5278f,-0.7069f,1.7107f,0f,0f,0f,1f],start_interpolation: 0,interpolation_duration: 0}
$data merge entity $(bone3) {transformation: [-0.8818f,-0.2593f,0.3939f,-0.1194f,0.0246f,0.8088f,0.5875f,1.8092f,-0.471f,0.5278f,-0.7069f,1.7107f,0f,0f,0f,1f],start_interpolation: 0,interpolation_duration: 0}
$data merge entity $(head) {transformation: [-1f,0f,0f,0f,0f,0.818f,0.5752f,1.7126f,0f,0.5752f,-0.818f,1.4947f,0f,0f,0f,1f],start_interpolation: 0,interpolation_duration: 0}
$data merge entity $(neck) {transformation: [-1f,0f,0f,0f,0f,0.6413f,0.7673f,1.6043f,0f,0.7673f,-0.6413f,1.3652f,0f,0f,0f,1f],start_interpolation: 0,interpolation_duration: 0}
$data merge entity $(bone2) {transformation: [-1f,0f,0f,0f,0f,0.1534f,0.9882f,1.5351f,0f,0.9882f,-0.1534f,1.0549f,0f,0f,0f,1f],start_interpolation: 0,interpolation_duration: 0}
$data merge entity $(bone136) {transformation: [-1f,0f,0f,0f,0f,0.2049f,1.0031f,1.5123f,0f,0.9788f,-0.21f,0.8595f,0f,0f,0f,1f],start_interpolation: 0,interpolation_duration: 0}
$data merge entity $(bone118) {transformation: [-0.0869f,-0.849f,-0.5212f,0.2583f,0.9918f,-0.1232f,0.0352f,1.6731f,-0.0941f,-0.5138f,0.8527f,0.7673f,0f,0f,0f,1f],start_interpolation: 0,interpolation_duration: 0}
$data merge entity $(bone119) {transformation: [-0.1498f,-0.849f,-0.5067f,0.7337f,0.9887f,-0.1232f,-0.0859f,1.7173f,0.0105f,-0.5138f,0.8578f,-0.0405f,0f,0f,0f,1f],start_interpolation: 0,interpolation_duration: 0}
$data merge entity $(bone120) {transformation: [-0.49f,-0.849f,0.1977f,1.6282f,-0.1803f,-0.1232f,-0.9759f,0.9998f,0.8529f,-0.5138f,-0.0927f,0.6164f,0f,0f,0f,1f],start_interpolation: 0,interpolation_duration: 0}
$data merge entity $(bone121) {transformation: [0f,0f,0f,0.9826f,0f,0f,0f,1.8296f,0f,0f,0f,-0.467f,0f,0f,0f,1f],start_interpolation: 0,interpolation_duration: 0}
$data merge entity $(bone123) {transformation: [-0.0129f,-1.7319f,-1.0627f,0.939f,1.9938f,-0.2156f,0.3272f,1.2239f,-0.3917f,-1.0407f,1.7007f,2.3743f,0f,0f,0f,1f],start_interpolation: 0,interpolation_duration: 0}
$data merge entity $(bone124) {transformation: [-0.1415f,-0.8523f,-0.5035f,0.7173f,0.9895f,-0.1061f,-0.0984f,2.6891f,0.0304f,-0.5122f,0.8584f,-0.2543f,0f,0f,0f,1f],start_interpolation: 0,interpolation_duration: 0}
$data merge entity $(bone122) {transformation: [-0.4113f,-1.3132f,-0.693f,0.5442f,1.4334f,-0.1635f,-0.541f,2.6634f,0.3876f,-0.7891f,1.2653f,0.0374f,0f,0f,0f,1f],start_interpolation: 0,interpolation_duration: 0}
$data merge entity $(bone126) {transformation: [0.252f,-0.8523f,-0.4583f,1.143f,0.7747f,-0.1061f,0.6233f,1.992f,-0.5799f,-0.5122f,0.6336f,-0.8172f,0f,0f,0f,1f],start_interpolation: 0,interpolation_duration: 0}
$data merge entity $(bone127) {transformation: [0.1248f,-0.8523f,-0.5079f,0.7931f,0.9096f,-0.1061f,0.4016f,2.3727f,-0.3962f,-0.5122f,0.7621f,-0.315f,0f,0f,0f,1f],start_interpolation: 0,interpolation_duration: 0}
$data merge entity $(bone125) {transformation: [-0.0153f,-1.1948f,-0.7331f,0.6241f,1.3775f,-0.1487f,0.2138f,2.5235f,-0.26f,-0.718f,1.1757f,-0.0575f,0f,0f,0f,1f],start_interpolation: 0,interpolation_duration: 0}
$data merge entity $(bone129) {transformation: [1.0212f,-1.5894f,-0.2583f,0.4369f,0.1459f,-0.1979f,1.9973f,3.741f,-1.7298f,-0.9551f,0.016f,2.6884f,0f,0f,0f,1f],start_interpolation: 0,interpolation_duration: 0}
$data merge entity $(bone130) {transformation: [0.523f,-0.8523f,-0.2134f,0.8659f,0.2266f,-0.1061f,1.0497f,1.5377f,-0.9173f,-0.5122f,0.1376f,-0.2631f,0f,0f,0f,1f],start_interpolation: 0,interpolation_duration: 0}
$data merge entity $(bone131) {transformation: [0.4378f,-0.8523f,-0.357f,0.7069f,0.5236f,-0.1061f,0.9376f,2.1105f,-0.837f,-0.5122f,0.3998f,-0.1171f,0f,0f,0f,1f],start_interpolation: 0,interpolation_duration: 0}
$data merge entity $(bone128) {transformation: [0.3484f,-0.8986f,-0.483f,0.5923f,0.789f,-0.1119f,0.8119f,2.4086f,-0.7433f,-0.5399f,0.6355f,0.0012f,0f,0f,0f,1f],start_interpolation: 0,interpolation_duration: 0}
$data merge entity $(bone132) {transformation: [-0.239f,-0.8523f,-0.4652f,0.4673f,0.95f,-0.1061f,-0.2937f,2.536f,0.201f,-0.5122f,0.8351f,0.2057f,0f,0f,0f,1f],start_interpolation: 0,interpolation_duration: 0}
$data merge entity $(bone133) {transformation: [-0.418f,-1.447f,-0.6871f,0.5314f,1.6612f,-0.1801f,-0.4338f,2.5577f,0.3514f,-0.8695f,1.2334f,0.1063f,0f,0f,0f,1f],start_interpolation: 0,interpolation_duration: 0}
$data merge entity $(w5) {transformation: [-0.239f,-0.8523f,-0.4652f,0.5414f,0.95f,-0.1061f,-0.2937f,2.4909f,0.201f,-0.5122f,0.8351f,0.1165f,0f,0f,0f,1f],start_interpolation: 0,interpolation_duration: 0}
$data merge entity $(w2) {transformation: [-0.5148f,-0.849f,-0.1191f,0.7071f,0.4121f,-0.1232f,-0.9028f,1.7328f,0.7518f,-0.5138f,0.4133f,-0.0237f,0f,0f,0f,1f],start_interpolation: 0,interpolation_duration: 0}
$data merge entity $(wing3) {transformation: [-0.0869f,-0.849f,-0.5212f,0.2175f,0.9918f,-0.1232f,0.0352f,1.7762f,-0.0941f,-0.5138f,0.8527f,0.775f,0f,0f,0f,1f],start_interpolation: 0,interpolation_duration: 0}
$data merge entity $(bone104) {transformation: [-0.0869f,0.849f,0.5212f,-0.2583f,-0.9918f,-0.1232f,0.0352f,1.6731f,0.0941f,-0.5138f,0.8527f,0.7673f,0f,0f,0f,1f],start_interpolation: 0,interpolation_duration: 0}
$data merge entity $(bone105) {transformation: [-0.1498f,0.849f,0.5067f,-0.7337f,-0.9887f,-0.1232f,-0.0859f,1.7173f,-0.0105f,-0.5138f,0.8578f,-0.0405f,0f,0f,0f,1f],start_interpolation: 0,interpolation_duration: 0}
$data merge entity $(bone106) {transformation: [-0.49f,0.849f,-0.1977f,-1.6282f,0.1803f,-0.1232f,-0.9759f,0.9998f,-0.8529f,-0.5138f,-0.0927f,0.6164f,0f,0f,0f,1f],start_interpolation: 0,interpolation_duration: 0}
$data merge entity $(bone107) {transformation: [0f,0f,0f,-0.9826f,0f,0f,0f,1.8296f,0f,0f,0f,-0.467f,0f,0f,0f,1f],start_interpolation: 0,interpolation_duration: 0}
$data merge entity $(bone109) {transformation: [0.0066f,1.7319f,0.9987f,-0.969f,-1.8286f,-0.2156f,0.2731f,1.3351f,0.3898f,-1.0407f,1.6055f,2.3014f,0f,0f,0f,1f],start_interpolation: 0,interpolation_duration: 0}
$data merge entity $(bone110) {transformation: [-0.1241f,0.8523f,0.4756f,-0.7076f,-0.9041f,-0.1061f,-0.1031f,2.6914f,-0.0192f,-0.5122f,0.8128f,-0.2387f,0f,0f,0f,1f],start_interpolation: 0,interpolation_duration: 0}
$data merge entity $(bone108) {transformation: [-0.3743f,1.3132f,0.6583f,-0.5442f,-1.3044f,-0.1635f,-0.514f,2.6634f,-0.3527f,-0.7891f,1.2021f,0.0374f,0f,0f,0f,1f],start_interpolation: 0,interpolation_duration: 0}
$data merge entity $(bone112) {transformation: [0.252f,0.8523f,0.4583f,-1.143f,-0.7747f,-0.1061f,0.6233f,1.992f,0.5799f,-0.5122f,0.6336f,-0.8172f,0f,0f,0f,1f],start_interpolation: 0,interpolation_duration: 0}
$data merge entity $(bone113) {transformation: [0.1248f,0.8523f,0.5079f,-0.7931f,-0.9096f,-0.1061f,0.4016f,2.3727f,0.3962f,-0.5122f,0.7621f,-0.315f,0f,0f,0f,1f],start_interpolation: 0,interpolation_duration: 0}
$data merge entity $(bone111) {transformation: [-0.0153f,1.1948f,0.7331f,-0.6241f,-1.3775f,-0.1487f,0.2138f,2.5235f,0.26f,-0.718f,1.1757f,-0.0575f,0f,0f,0f,1f],start_interpolation: 0,interpolation_duration: 0}
$data merge entity $(bone115) {transformation: [1.0212f,1.5894f,0.2583f,-0.4369f,-0.1459f,-0.1979f,1.9973f,3.741f,1.7298f,-0.9551f,0.016f,2.6884f,0f,0f,0f,1f],start_interpolation: 0,interpolation_duration: 0}
$data merge entity $(bone116) {transformation: [0.523f,0.8523f,0.2134f,-0.8659f,-0.2266f,-0.1061f,1.0497f,1.5377f,0.9173f,-0.5122f,0.1376f,-0.2631f,0f,0f,0f,1f],start_interpolation: 0,interpolation_duration: 0}
$data merge entity $(bone117) {transformation: [0.4378f,0.8523f,0.357f,-0.7069f,-0.5236f,-0.1061f,0.9376f,2.1105f,0.837f,-0.5122f,0.3998f,-0.1171f,0f,0f,0f,1f],start_interpolation: 0,interpolation_duration: 0}
$data merge entity $(bone114) {transformation: [0.3484f,0.8986f,0.483f,-0.5923f,-0.789f,-0.1119f,0.8119f,2.4086f,0.7433f,-0.5399f,0.6355f,0.0012f,0f,0f,0f,1f],start_interpolation: 0,interpolation_duration: 0}
$data merge entity $(bone134) {transformation: [-0.239f,0.8523f,0.4652f,-0.4673f,-0.95f,-0.1061f,-0.2937f,2.536f,-0.201f,-0.5122f,0.8351f,0.2057f,0f,0f,0f,1f],start_interpolation: 0,interpolation_duration: 0}
$data merge entity $(bone135) {transformation: [-0.418f,1.447f,0.6871f,-0.5314f,-1.6612f,-0.1801f,-0.4338f,2.5577f,-0.3514f,-0.8695f,1.2334f,0.1063f,0f,0f,0f,1f],start_interpolation: 0,interpolation_duration: 0}
$data merge entity $(w4) {transformation: [-0.239f,0.8523f,0.4652f,-0.5414f,-0.95f,-0.1061f,-0.2937f,2.4909f,-0.201f,-0.5122f,0.8351f,0.1165f,0f,0f,0f,1f],start_interpolation: 0,interpolation_duration: 0}
$data merge entity $(w3) {transformation: [-0.5148f,0.849f,0.1191f,-0.7071f,-0.4121f,-0.1232f,-0.9028f,1.7328f,-0.7518f,-0.5138f,0.4133f,-0.0237f,0f,0f,0f,1f],start_interpolation: 0,interpolation_duration: 0}
$data merge entity $(wing2) {transformation: [-0.0869f,0.849f,0.5212f,-0.2175f,-0.9918f,-0.1232f,0.0352f,1.7762f,0.0941f,-0.5138f,0.8527f,0.775f,0f,0f,0f,1f],start_interpolation: 0,interpolation_duration: 0}
$data merge entity $(bone20) {transformation: [-1f,0f,0f,-0.1563f,0f,-0.1509f,0.9886f,1.519f,0f,0.9886f,0.1509f,0.3246f,0f,0f,0f,1f],start_interpolation: 0,interpolation_duration: 0}
$data merge entity $(bone101) {transformation: [-1f,0f,0f,0f,0f,-0.323f,0.9464f,1.2164f,0f,0.9464f,0.323f,-2.6474f,0f,0f,0f,1f],start_interpolation: 0,interpolation_duration: 0}
$data merge entity $(bone100) {transformation: [-1f,0f,0f,0f,0f,0.1569f,0.9876f,0.7699f,0f,0.9876f,-0.1569f,-2.5702f,0f,0f,0f,1f],start_interpolation: 0,interpolation_duration: 0}
$data merge entity $(bone99) {transformation: [-1f,0f,0f,0f,0f,0.4158f,0.9095f,0.3095f,0f,0.9095f,-0.4158f,-2.3597f,0f,0f,0f,1f],start_interpolation: 0,interpolation_duration: 0}
$data merge entity $(bone98) {transformation: [-1f,0f,0f,0f,0f,0.8537f,0.5208f,0.0523f,0f,0.5208f,-0.8537f,-1.9382f,0f,0f,0f,1f],start_interpolation: 0,interpolation_duration: 0}
$data merge entity $(bone97) {transformation: [-1f,0f,0f,0f,0f,0.9906f,-0.1371f,0.1226f,0f,-0.1371f,-0.9906f,-1.4305f,0f,0f,0f,1f],start_interpolation: 0,interpolation_duration: 0}
$data merge entity $(bone96) {transformation: [-1f,0f,0f,0f,0f,0.8627f,-0.5058f,0.3755f,0f,-0.5058f,-0.8627f,-0.9992f,0f,0f,0f,1f],start_interpolation: 0,interpolation_duration: 0}
$data merge entity $(bone95) {transformation: [-1f,0f,0f,0f,0f,0.6707f,-0.7418f,0.7418f,0f,-0.7418f,-0.6707f,-0.6681f,0f,0f,0f,1f],start_interpolation: 0,interpolation_duration: 0}
$data merge entity $(bone94) {transformation: [-1f,0f,0f,0f,0f,0.6035f,-0.7974f,1.1355f,0f,-0.7974f,-0.6035f,-0.3701f,0f,0f,0f,1f],start_interpolation: 0,interpolation_duration: 0}
$data merge entity $(bone93) {transformation: [-1f,0f,0f,0f,0f,0.7327f,-0.6805f,1.3928f,0f,-0.6805f,-0.7327f,-0.093f,0f,0f,0f,1f],start_interpolation: 0,interpolation_duration: 0}
$data merge entity $(bone) {transformation: [-1f,0f,0f,0f,0f,0.5373f,0.8434f,1.3005f,0f,0.8434f,-0.5373f,-0.0343f,0f,0f,0f,1f],start_interpolation: 0,interpolation_duration: 0}
$data merge entity $(bone24) {transformation: [-0.9666f,-0.2561f,-0.0112f,0.1031f,-0.2559f,0.9612f,0.1033f,1.2418f,-0.0156f,0.1027f,-0.9946f,-0.0352f,0f,0f,0f,1f],start_interpolation: 0,interpolation_duration: 0}
$data merge entity $(bone32) {transformation: [-0.9975f,-0.0438f,-0.0555f,0.2254f,-0.068f,0.3782f,0.9232f,0.6027f,-0.0194f,0.9247f,-0.3803f,-0.3481f,0f,0f,0f,1f],start_interpolation: 0,interpolation_duration: 0}
$data merge entity $(bone36) {transformation: [-0.9987f,-0.0381f,-0.0326f,0.3382f,-0.0357f,0.9969f,-0.0703f,0.2709f,0.0352f,-0.0691f,-0.997f,-1.0383f,0f,0f,0f,1f],start_interpolation: 0,interpolation_duration: 0}
$data merge entity $(bone35) {transformation: [-0.9987f,-0.0167f,-0.0473f,0.2971f,-0.0357f,0.8985f,0.4375f,0.4014f,0.0352f,0.4387f,-0.898f,-0.9681f,0f,0f,0f,1f],start_interpolation: 0,interpolation_duration: 0}
$data merge entity $(bone34) {transformation: [-0.9987f,-0.0103f,-0.049f,0.2973f,-0.0357f,0.8337f,0.5511f,0.4826f,0.0352f,0.5521f,-0.833f,-0.9169f,0f,0f,0f,1f],start_interpolation: 0,interpolation_duration: 0}
$data merge entity $(bone77) {transformation: [-0.9292f,0.3696f,0.0011f,0.1046f,-0.0215f,-0.0511f,-0.9985f,0.0692f,-0.369f,-0.9278f,0.0555f,-0.3587f,0f,0f,0f,1f],start_interpolation: 0,interpolation_duration: 0}
$data merge entity $(bone75) {transformation: [-0.9292f,0.3696f,0.0011f,0.1697f,-0.0215f,-0.0511f,-0.9985f,0.0616f,-0.369f,-0.9278f,0.0555f,-0.533f,0f,0f,0f,1f],start_interpolation: 0,interpolation_duration: 0}
$data merge entity $(bone39) {transformation: [-0.9292f,0.3696f,0.0011f,0.2341f,-0.0215f,-0.0511f,-0.9985f,0.0508f,-0.369f,-0.9278f,0.0555f,-0.6908f,0f,0f,0f,1f],start_interpolation: 0,interpolation_duration: 0}
$data merge entity $(bone76) {transformation: [-0.965f,-0.2622f,-0.0042f,0.4957f,0.0065f,-0.008f,-0.9999f,0.0537f,0.2622f,-0.965f,0.0094f,-0.3307f,0f,0f,0f,1f],start_interpolation: 0,interpolation_duration: 0}
$data merge entity $(bone74) {transformation: [-0.965f,-0.2622f,-0.0042f,0.4826f,0.0065f,-0.008f,-0.9999f,0.061f,0.2622f,-0.965f,0.0094f,-0.5272f,0f,0f,0f,1f],start_interpolation: 0,interpolation_duration: 0}
$data merge entity $(bone40) {transformation: [-0.965f,-0.2622f,-0.0042f,0.4365f,0.0065f,-0.008f,-0.9999f,0.0576f,0.2622f,-0.965f,0.0094f,-0.6916f,0f,0f,0f,1f],start_interpolation: 0,interpolation_duration: 0}
$data merge entity $(bone79) {transformation: [-0.9987f,0.0481f,0.0185f,0.3071f,-0.019f,-0.0096f,-0.9998f,0.0597f,-0.0479f,-0.9988f,0.0105f,-0.2928f,0f,0f,0f,1f],start_interpolation: 0,interpolation_duration: 0}
$data merge entity $(bone78) {transformation: [-0.9987f,0.0481f,0.0185f,0.3207f,-0.019f,-0.0096f,-0.9998f,0.0599f,-0.0479f,-0.9988f,0.0105f,-0.4932f,0f,0f,0f,1f],start_interpolation: 0,interpolation_duration: 0}
$data merge entity $(bone41) {transformation: [-0.9987f,0.0481f,0.0185f,0.329f,-0.019f,-0.0096f,-0.9998f,0.0559f,-0.0479f,-0.9988f,0.0105f,-0.6922f,0f,0f,0f,1f],start_interpolation: 0,interpolation_duration: 0}
$data merge entity $(bone38) {transformation: [-0.9999f,-0.0118f,0.0123f,0.3368f,-0.0162f,0.8791f,-0.4764f,0.3076f,-0.0052f,-0.4765f,-0.8791f,-0.8036f,0f,0f,0f,1f],start_interpolation: 0,interpolation_duration: 0}
$data merge entity $(bone33) {transformation: [-0.9987f,-0.0473f,-0.0211f,0.3139f,-0.0517f,0.8973f,0.4383f,0.5454f,-0.0018f,0.4388f,-0.8986f,-0.6867f,0f,0f,0f,1f],start_interpolation: 0,interpolation_duration: 0}
$data merge entity $(bone31) {transformation: [-0.9975f,-0.034f,-0.062f,0.2815f,-0.068f,0.2207f,0.973f,0.6072f,-0.0194f,0.9748f,-0.2224f,0.1758f,0f,0f,0f,1f],start_interpolation: 0,interpolation_duration: 0}
$data merge entity $(bone19) {transformation: [-0.9852f,-0.1691f,0.0275f,0.1713f,-0.1711f,0.9779f,-0.1198f,1.2494f,-0.0066f,-0.1227f,-0.9924f,-0.0343f,0f,0f,0f,1f],start_interpolation: 0,interpolation_duration: 0}
$data merge entity $(bone44) {transformation: [-0.797f,0.5368f,0.2767f,-0.1115f,0.1722f,0.6412f,-0.7478f,1.2435f,-0.5789f,-0.5484f,-0.6035f,-0.0011f,0f,0f,0f,1f],start_interpolation: 0,interpolation_duration: 0}
$data merge entity $(bone46) {transformation: [-0.8901f,-0.2297f,0.3937f,-0.2911f,0.066f,0.7896f,0.61f,0.7813f,-0.451f,0.569f,-0.6877f,0.1248f,0f,0f,0f,1f],start_interpolation: 0,interpolation_duration: 0}
$data merge entity $(bone50) {transformation: [-0.8718f,-0.1315f,0.4718f,-0.0798f,0.0308f,0.9466f,0.3209f,0.3317f,-0.4888f,0.2943f,-0.8212f,-0.5327f,0f,0f,0f,1f],start_interpolation: 0,interpolation_duration: 0}
$data merge entity $(bone49) {transformation: [-0.8718f,-0.3498f,0.3428f,-0.0994f,0.0308f,0.6593f,0.7512f,0.4256f,-0.4888f,0.6655f,-0.5641f,-0.4125f,0f,0f,0f,1f],start_interpolation: 0,interpolation_duration: 0}
$data merge entity $(bone48) {transformation: [-0.8718f,-0.3916f,0.2942f,-0.1375f,0.0308f,0.5557f,0.8308f,0.4807f,-0.4888f,0.7334f,-0.4724f,-0.3437f,0f,0f,0f,1f],start_interpolation: 0,interpolation_duration: 0}
$data merge entity $(bone54) {transformation: [-0.981f,0.1936f,-0.0142f,-0.2574f,0.0018f,-0.0643f,-0.9979f,0.0671f,-0.1941f,-0.979f,0.0627f,0.2167f,0f,0f,0f,1f],start_interpolation: 0,interpolation_duration: 0}
$data merge entity $(bone53) {transformation: [-0.981f,0.1936f,-0.0142f,-0.2174f,0.0018f,-0.0643f,-0.9979f,0.0571f,-0.1941f,-0.979f,0.0627f,0.0351f,0f,0f,0f,1f],start_interpolation: 0,interpolation_duration: 0}
$data merge entity $(bone52) {transformation: [-0.981f,0.1936f,-0.0142f,-0.1857f,0.0018f,-0.0643f,-0.9979f,0.044f,-0.1941f,-0.979f,0.0627f,-0.1322f,0f,0f,0f,1f],start_interpolation: 0,interpolation_duration: 0}
$data merge entity $(bone57) {transformation: [-0.7288f,0.6846f,-0.0082f,-0.5864f,-0.0052f,-0.0175f,-0.9998f,0.0573f,-0.6847f,-0.7287f,0.0163f,0.0648f,0f,0f,0f,1f],start_interpolation: 0,interpolation_duration: 0}
$data merge entity $(bone56) {transformation: [-0.7288f,0.6846f,-0.0082f,-0.4825f,-0.0052f,-0.0175f,-0.9998f,0.0629f,-0.6847f,-0.7287f,0.0163f,-0.1025f,0f,0f,0f,1f],start_interpolation: 0,interpolation_duration: 0}
$data merge entity $(bone55) {transformation: [-0.7288f,0.6846f,-0.0082f,-0.3647f,-0.0052f,-0.0175f,-0.9998f,0.0578f,-0.6847f,-0.7287f,0.0163f,-0.226f,0f,0f,0f,1f],start_interpolation: 0,interpolation_duration: 0}
$data merge entity $(bone60) {transformation: [-0.8814f,0.4706f,-0.0417f,-0.4551f,0.019f,-0.0529f,-0.9984f,0.0736f,-0.4721f,-0.8808f,0.0377f,0.1767f,0f,0f,0f,1f],start_interpolation: 0,interpolation_duration: 0}
$data merge entity $(bone59) {transformation: [-0.8814f,0.4706f,-0.0417f,-0.364f,0.019f,-0.0529f,-0.9984f,0.0651f,-0.4721f,-0.8808f,0.0377f,-0.0021f,0f,0f,0f,1f],start_interpolation: 0,interpolation_duration: 0}
$data merge entity $(bone58) {transformation: [-0.8814f,0.4706f,-0.0417f,-0.2692f,0.019f,-0.0529f,-0.9984f,0.0525f,-0.4721f,-0.8808f,0.0377f,-0.1768f,0f,0f,0f,1f],start_interpolation: 0,interpolation_duration: 0}
$data merge entity $(bone51) {transformation: [-0.888f,0.2106f,0.4089f,-0.2304f,0.0499f,0.9279f,-0.3696f,0.3156f,-0.4572f,-0.3078f,-0.8344f,-0.2482f,0f,0f,0f,1f],start_interpolation: 0,interpolation_duration: 0}
$data merge entity $(bone47) {transformation: [-0.888f,-0.1249f,0.4426f,-0.2546f,0.0499f,0.9306f,0.3625f,0.5623f,-0.4572f,0.344f,-0.8202f,-0.1517f,0f,0f,0f,1f],start_interpolation: 0,interpolation_duration: 0}
$data merge entity $(bone45) {transformation: [-0.8901f,-0.2915f,0.3504f,-0.5393f,0.066f,0.6781f,0.732f,1.0467f,-0.451f,0.6747f,-0.5843f,0.5063f,0f,0f,0f,1f],start_interpolation: 0,interpolation_duration: 0}
$data merge entity $(bone43) {transformation: [-0.8408f,0.5156f,0.165f,-0.1713f,0.1157f,0.4688f,-0.8757f,1.2494f,-0.5289f,-0.7172f,-0.4538f,-0.0343f,0f,0f,0f,1f],start_interpolation: 0,interpolation_duration: 0}