# This file was generated by Animated Java via MC-Build. It is not recommended to edit this file directly.
$data merge entity $(bone5) {transformation: [-0.9947f,-0.1024f,0.0024f,0.3852f,-0.0948f,0.9295f,0.3563f,1.4642f,-0.0387f,0.3542f,-0.9344f,0.9742f,0f,0f,0f,1f],start_interpolation: 0,interpolation_duration: 0}
$data merge entity $(bone6) {transformation: [0.0254f,-0.264f,-0.9642f,0.4946f,-0.4486f,0.859f,-0.2469f,1.2358f,0.8934f,0.4388f,-0.0966f,0.896f,0f,0f,0f,1f],start_interpolation: 0,interpolation_duration: 0}
$data merge entity $(bone8) {transformation: [-0.2644f,-0.0623f,0.9624f,0.638f,-0.0944f,0.9948f,0.0384f,0.5519f,-0.9598f,-0.0807f,-0.2689f,0.7484f,0f,0f,0f,1f],start_interpolation: 0,interpolation_duration: 0}
$data merge entity $(bone9) {transformation: [-0.2644f,-0.0623f,0.9624f,0.7988f,-0.0944f,0.9948f,0.0384f,0.7241f,-0.9598f,-0.0807f,-0.2689f,0.6796f,0f,0f,0f,1f],start_interpolation: 0,interpolation_duration: 0}
$data merge entity $(bone10) {transformation: [-0.2334f,-0.1389f,0.9624f,0.6198f,-0.3892f,0.9204f,0.0384f,0.5424f,-0.8911f,-0.3656f,-0.2689f,0.7249f,0f,0f,0f,1f],start_interpolation: 0,interpolation_duration: 0}
$data merge entity $(bone12) {transformation: [-0.1696f,-0.5261f,0.8333f,0.7654f,-0.9106f,0.4069f,0.0716f,0.0443f,-0.3768f,-0.7467f,-0.5481f,0.9456f,0f,0f,0f,1f],start_interpolation: 0,interpolation_duration: 0}
$data merge entity $(bone15) {transformation: [0.9839f,-0.1018f,0.1469f,0.3665f,-0.167f,-0.2302f,0.9587f,0.0359f,-0.0638f,-0.9678f,-0.2435f,0.9946f,0f,0f,0f,1f],start_interpolation: 0,interpolation_duration: 0}
$data merge entity $(bone14) {transformation: [0.983f,-0.1018f,-0.1526f,0.4931f,0.1259f,-0.2302f,0.965f,0.0532f,-0.1333f,-0.9678f,-0.2135f,0.9759f,0f,0f,0f,1f],start_interpolation: 0,interpolation_duration: 0}
$data merge entity $(bone13) {transformation: [0.8716f,-0.1018f,-0.4796f,0.6065f,0.4484f,-0.2302f,0.8637f,0.109f,-0.1983f,-0.9678f,-0.155f,0.9473f,0f,0f,0f,1f],start_interpolation: 0,interpolation_duration: 0}
$data merge entity $(bone18) {transformation: [-0.0389f,-0.9974f,-0.06f,0.74f,0.9058f,-0.0099f,-0.4235f,-0.2717f,0.4218f,-0.0708f,0.9039f,1.2257f,0f,0f,0f,1f],start_interpolation: 0,interpolation_duration: 0}
$data merge entity $(bone17) {transformation: [0.0088f,-0.9974f,-0.0709f,0.7417f,0.9661f,-0.0099f,0.2578f,-0.0814f,-0.2579f,-0.0708f,0.9636f,1.1749f,0f,0f,0f,1f],start_interpolation: 0,interpolation_duration: 0}
$data merge entity $(bone16) {transformation: [0.0339f,-0.9974f,-0.0629f,0.7425f,0.8065f,-0.0099f,0.5912f,0.0359f,-0.5903f,-0.0708f,0.8041f,1.0867f,0f,0f,0f,1f],start_interpolation: 0,interpolation_duration: 0}
$data merge entity $(bone27) {transformation: [-0.8417f,-0.5327f,-0.0888f,1.1842f,-0.0743f,-0.0487f,0.996f,0.0324f,-0.5349f,0.8449f,0.0014f,1.1426f,0f,0f,0f,1f],start_interpolation: 0,interpolation_duration: 0}
$data merge entity $(bone26) {transformation: [-0.8294f,-0.5532f,-0.0785f,1.0521f,-0.0711f,-0.0349f,0.9969f,0.0223f,-0.5542f,0.8323f,-0.0104f,1.0622f,0f,0f,0f,1f],start_interpolation: 0,interpolation_duration: 0}
$data merge entity $(bone25) {transformation: [-0.8214f,-0.5532f,0.1388f,0.9009f,0.1894f,-0.0349f,0.9813f,0.0548f,-0.538f,0.8323f,0.1334f,0.9682f,0f,0f,0f,1f],start_interpolation: 0,interpolation_duration: 0}
$data merge entity $(bone30) {transformation: [0.0539f,-0.8756f,0.4801f,0.9452f,0.9805f,-0.0447f,-0.1916f,-0.2778f,0.1892f,0.481f,0.8561f,1.2189f,0f,0f,0f,1f],start_interpolation: 0,interpolation_duration: 0}
$data merge entity $(bone29) {transformation: [-0.1972f,-0.8756f,0.441f,0.9101f,0.942f,-0.0447f,0.3325f,-0.092f,-0.2715f,0.481f,0.8336f,1.1634f,0f,0f,0f,1f],start_interpolation: 0,interpolation_duration: 0}
$data merge entity $(bone28) {transformation: [-0.3848f,-0.8756f,0.2921f,0.8279f,0.6666f,-0.0447f,0.7441f,0.0415f,-0.6384f,0.481f,0.6009f,1.0353f,0f,0f,0f,1f],start_interpolation: 0,interpolation_duration: 0}
$data merge entity $(bone7) {transformation: [0.9624f,-0.0738f,0.2614f,0.6016f,0.0384f,0.9897f,0.1377f,0.8868f,-0.2689f,-0.1225f,0.9554f,0.7031f,0f,0f,0f,1f],start_interpolation: 0,interpolation_duration: 0}
$data merge entity $(bone4) {transformation: [-0.9642f,-0.2652f,0.0024f,0.3501f,-0.2469f,0.9011f,0.3563f,1.5699f,-0.0966f,0.343f,-0.9344f,0.9867f,0f,0f,0f,1f],start_interpolation: 0,interpolation_duration: 0}
$data merge entity $(bone62) {transformation: [-0.912f,0.3475f,0.2179f,-0.4149f,0.4084f,0.7206f,0.5603f,1.4887f,0.0377f,0.6f,-0.7991f,0.9446f,0f,0f,0f,1f],start_interpolation: 0,interpolation_duration: 0}
$data merge entity $(bone63) {transformation: [0.2683f,0.4677f,0.8422f,-0.5807f,0.6245f,0.5812f,-0.5217f,1.3375f,-0.7335f,0.6659f,-0.1362f,0.8035f,0f,0f,0f,1f],start_interpolation: 0,interpolation_duration: 0}
$data merge entity $(bone65) {transformation: [-0.0626f,0.1551f,-0.9859f,-0.8326f,0.2029f,0.9692f,0.1396f,0.7822f,0.9772f,-0.1913f,-0.0922f,0.6038f,0f,0f,0f,1f],start_interpolation: 0,interpolation_duration: 0}
$data merge entity $(bone66) {transformation: [-0.0626f,0.1551f,-0.9859f,-0.9836f,0.2029f,0.9692f,0.1396f,0.9675f,0.9772f,-0.1913f,-0.0922f,0.5482f,0f,0f,0f,1f],start_interpolation: 0,interpolation_duration: 0}
$data merge entity $(bone67) {transformation: [-0.0131f,0.1668f,-0.9859f,-0.8204f,0.485f,0.8633f,0.1396f,0.7686f,0.8744f,-0.4763f,-0.0922f,0.5784f,0f,0f,0f,1f],start_interpolation: 0,interpolation_duration: 0}
$data merge entity $(bone69) {transformation: [-0.2762f,0.1097f,-0.9548f,-0.9113f,0.4005f,0.9162f,-0.0106f,0.2093f,0.8737f,-0.3853f,-0.297f,0.7675f,0f,0f,0f,1f],start_interpolation: 0,interpolation_duration: 0}
$data merge entity $(bone72) {transformation: [0.9334f,0.2848f,0.2182f,-0.6291f,-0.2765f,0.1835f,0.9433f,0.1219f,0.2286f,-0.9409f,0.25f,0.8052f,0f,0f,0f,1f],start_interpolation: 0,interpolation_duration: 0}
$data merge entity $(bone71) {transformation: [0.735f,0.2848f,0.6153f,-0.7228f,-0.6718f,0.1835f,0.7176f,0.2099f,0.0914f,-0.9409f,0.3262f,0.7927f,0f,0f,0f,1f],start_interpolation: 0,interpolation_duration: 0}
$data merge entity $(bone70) {transformation: [0.4802f,0.2848f,0.8296f,-0.7855f,-0.8768f,0.1835f,0.4445f,0.3233f,-0.0256f,-0.9409f,0.3378f,0.7924f,0f,0f,0f,1f],start_interpolation: 0,interpolation_duration: 0}
$data merge entity $(bone81) {transformation: [-0.0359f,0.986f,0.1629f,-0.8198f,-0.9434f,0.0204f,-0.3312f,-0.1686f,-0.3298f,-0.1655f,0.9294f,0.983f,0f,0f,0f,1f],start_interpolation: 0,interpolation_duration: 0}
$data merge entity $(bone80) {transformation: [0.0358f,0.986f,0.1629f,-0.8269f,-0.9952f,0.0204f,0.0956f,0.0275f,0.0909f,-0.1655f,0.982f,0.9651f,0f,0f,0f,1f],start_interpolation: 0,interpolation_duration: 0}
$data merge entity $(bone73) {transformation: [0.1224f,0.986f,0.1133f,-0.8408f,-0.7627f,0.0204f,0.6465f,0.1384f,0.6351f,-0.1655f,0.7545f,0.8699f,0f,0f,0f,1f],start_interpolation: 0,interpolation_duration: 0}
$data merge entity $(bone84) {transformation: [-0.7084f,0.6966f,0.1137f,-1.2545f,0.1347f,-0.0248f,0.9906f,0.0288f,0.6928f,0.7171f,-0.0763f,1.02f,0f,0f,0f,1f],start_interpolation: 0,interpolation_duration: 0}
$data merge entity $(bone83) {transformation: [-0.683f,0.7141f,-0.1535f,-1.1444f,-0.2236f,-0.0043f,0.9747f,0.0646f,0.6954f,0.7f,0.1626f,0.917f,0f,0f,0f,1f],start_interpolation: 0,interpolation_duration: 0}
$data merge entity $(bone82) {transformation: [-0.62f,0.7141f,-0.3251f,-1.0285f,-0.4683f,-0.0043f,0.8836f,0.1478f,0.6296f,0.7f,0.3371f,0.8056f,0f,0f,0f,1f],start_interpolation: 0,interpolation_duration: 0}
$data merge entity $(bone103) {transformation: [-0.1037f,0.9494f,-0.2966f,-1.0171f,-0.9465f,-0.0025f,0.3228f,-0.1653f,0.3057f,0.3142f,0.8988f,1.083f,0f,0f,0f,1f],start_interpolation: 0,interpolation_duration: 0}
$data merge entity $(bone102) {transformation: [-0.156f,0.9494f,-0.2727f,-0.9905f,-0.8717f,-0.0025f,0.49f,0.0064f,0.4645f,0.3142f,0.828f,0.9902f,0f,0f,0f,1f],start_interpolation: 0,interpolation_duration: 0}
$data merge entity $(bone85) {transformation: [-0.2444f,0.9494f,-0.1974f,-0.9366f,-0.6342f,-0.0025f,0.7732f,0.1335f,0.7335f,0.3142f,0.6027f,0.8421f,0f,0f,0f,1f],start_interpolation: 0,interpolation_duration: 0}
$data merge entity $(bone64) {transformation: [0.9859f,0.1577f,-0.0558f,-0.7689f,-0.1396f,0.9594f,0.245f,1.105f,0.0922f,-0.2338f,0.9679f,0.5189f,0f,0f,0f,1f],start_interpolation: 0,interpolation_duration: 0}
$data merge entity $(bone61) {transformation: [-0.8422f,0.4932f,0.2179f,-0.3501f,0.5217f,0.6433f,0.5603f,1.5699f,0.1362f,0.5856f,-0.7991f,0.9867f,0f,0f,0f,1f],start_interpolation: 0,interpolation_duration: 0}
$data merge entity $(bone23) {transformation: [-0.7934f,-0.6088f,0f,0.1071f,-0.0923f,0.1203f,0.9884f,1.4931f,-0.6017f,0.7842f,-0.1516f,1.0116f,0f,0f,0f,1f],start_interpolation: 0,interpolation_duration: 0}
$data merge entity $(bone22) {transformation: [-0.7934f,0.6088f,0f,-0.1071f,0.0923f,0.1203f,0.9884f,1.4931f,0.6017f,0.7842f,-0.1516f,1.0116f,0f,0f,0f,1f],start_interpolation: 0,interpolation_duration: 0}
$data merge entity $(bone89) {transformation: [-1f,0.0072f,0.0007f,0.002f,0.0058f,0.7507f,0.6606f,2.2064f,0.0042f,0.6606f,-0.7507f,1.4225f,0f,0f,0f,1f],start_interpolation: 0,interpolation_duration: 0}
$data merge entity $(bone90) {transformation: [-1f,0.0069f,0.0019f,0.0013f,0.0058f,0.6246f,0.7809f,2.1374f,0.0042f,0.7809f,-0.6246f,1.3501f,0f,0f,0f,1f],start_interpolation: 0,interpolation_duration: 0}
$data merge entity $(bone88) {transformation: [-1f,0.0071f,0.0013f,0.0312f,0.0058f,0.6903f,0.7235f,1.9871f,0.0042f,0.7235f,-0.6903f,1.247f,0f,0f,0f,1f],start_interpolation: 0,interpolation_duration: 0}
$data merge entity $(bone42) {transformation: [-1f,0f,0f,0f,0f,0.7479f,0.6638f,1.7295f,0f,0.6638f,-0.7479f,1.6769f,0f,0f,0f,1f],start_interpolation: 0,interpolation_duration: 0}
$data merge entity $(bone87) {transformation: [-0.9998f,0.0157f,-0.0096f,-0.0044f,0.0046f,0.7157f,0.6983f,1.33f,0.0178f,0.6982f,-0.7157f,2.2707f,0f,0f,0f,1f],start_interpolation: 0,interpolation_duration: 0}
$data merge entity $(bone86) {transformation: [-1f,0f,0f,0f,0f,0.7894f,0.6138f,1.4662f,0f,0.6138f,-0.7894f,2.0876f,0f,0f,0f,1f],start_interpolation: 0,interpolation_duration: 0}
$data merge entity $(bone92) {transformation: [-0.8818f,0.2593f,-0.3939f,0.1194f,-0.0226f,0.8111f,0.5845f,1.8057f,0.4711f,0.5243f,-0.7094f,1.7099f,0f,0f,0f,1f],start_interpolation: 0,interpolation_duration: 0}
$data merge entity $(bone3) {transformation: [-0.8818f,-0.2593f,0.3939f,-0.1194f,0.0226f,0.8111f,0.5845f,1.8057f,-0.4711f,0.5243f,-0.7094f,1.7099f,0f,0f,0f,1f],start_interpolation: 0,interpolation_duration: 0}
$data merge entity $(head) {transformation: [-1f,0f,0f,0f,0f,0.8205f,0.5717f,1.7081f,0f,0.5717f,-0.8205f,1.4944f,0f,0f,0f,1f],start_interpolation: 0,interpolation_duration: 0}
$data merge entity $(neck) {transformation: [-1f,0f,0f,0f,0f,0.6446f,0.7646f,1.5993f,0f,0.7646f,-0.6446f,1.3654f,0f,0f,0f,1f],start_interpolation: 0,interpolation_duration: 0}
$data merge entity $(bone2) {transformation: [-1f,0f,0f,0f,0f,0.1516f,0.9884f,1.5306f,0f,0.9884f,-0.1516f,1.0549f,0f,0f,0f,1f],start_interpolation: 0,interpolation_duration: 0}
$data merge entity $(bone136) {transformation: [-1f,0f,0f,0f,0f,0.2032f,0.9976f,1.5082f,0f,0.9791f,-0.207f,0.8595f,0f,0f,0f,1f],start_interpolation: 0,interpolation_duration: 0}
$data merge entity $(bone118) {transformation: [-0.0853f,-0.849f,-0.5215f,0.2581f,0.9918f,-0.1224f,0.0371f,1.6691f,-0.0954f,-0.514f,0.8525f,0.7679f,0f,0f,0f,1f],start_interpolation: 0,interpolation_duration: 0}
$data merge entity $(bone119) {transformation: [-0.1482f,-0.849f,-0.5072f,0.734f,0.9889f,-0.1224f,-0.084f,1.7115f,0.0092f,-0.514f,0.8577f,-0.0397f,0f,0f,0f,1f],start_interpolation: 0,interpolation_duration: 0}
$data merge entity $(bone120) {transformation: [-0.4907f,-0.849f,0.1961f,1.627f,-0.1784f,-0.1224f,-0.9763f,0.9933f,0.8529f,-0.514f,-0.0914f,0.6184f,0f,0f,0f,1f],start_interpolation: 0,interpolation_duration: 0}
$data merge entity $(bone121) {transformation: [0f,0f,0f,0.9832f,0f,0f,0f,1.8229f,0f,0f,0f,-0.4663f,0f,0f,0f,1f],start_interpolation: 0,interpolation_duration: 0}
$data merge entity $(bone123) {transformation: [-0.0129f,-1.7318f,-1.0628f,0.9404f,1.9944f,-0.214f,0.3246f,1.2152f,-0.3886f,-1.0411f,1.7012f,2.3721f,0f,0f,0f,1f],start_interpolation: 0,interpolation_duration: 0}
$data merge entity $(bone124) {transformation: [-0.1415f,-0.8523f,-0.5036f,0.7187f,0.9894f,-0.1053f,-0.0997f,2.6844f,0.0319f,-0.5124f,0.8582f,-0.2543f,0f,0f,0f,1f],start_interpolation: 0,interpolation_duration: 0}
$data merge entity $(bone122) {transformation: [-0.4114f,-1.3132f,-0.693f,0.5457f,1.4328f,-0.1623f,-0.543f,2.6582f,0.3898f,-0.7894f,1.2645f,0.0374f,0f,0f,0f,1f],start_interpolation: 0,interpolation_duration: 0}
$data merge entity $(bone126) {transformation: [0.252f,-0.8523f,-0.4583f,1.1445f,0.7756f,-0.1053f,0.6224f,1.9881f,-0.5787f,-0.5124f,0.6345f,-0.8183f,0f,0f,0f,1f],start_interpolation: 0,interpolation_duration: 0}
$data merge entity $(bone127) {transformation: [0.1248f,-0.8523f,-0.508f,0.7946f,0.9103f,-0.1053f,0.4004f,2.3681f,-0.3948f,-0.5124f,0.7626f,-0.3154f,0f,0f,0f,1f],start_interpolation: 0,interpolation_duration: 0}
$data merge entity $(bone125) {transformation: [-0.0153f,-1.1948f,-0.7331f,0.6255f,1.3779f,-0.1477f,0.212f,2.5184f,-0.2579f,-0.7183f,1.176f,-0.0577f,0f,0f,0f,1f],start_interpolation: 0,interpolation_duration: 0}
$data merge entity $(bone129) {transformation: [1.0213f,-1.5894f,-0.2583f,0.4382f,0.1486f,-0.1964f,1.9973f,3.7318f,-1.7295f,-0.9555f,0.0191f,2.69f,0f,0f,0f,1f],start_interpolation: 0,interpolation_duration: 0}
$data merge entity $(bone130) {transformation: [0.5231f,-0.8523f,-0.2134f,0.8674f,0.228f,-0.1053f,1.0495f,1.533f,-0.917f,-0.5124f,0.1392f,-0.2648f,0f,0f,0f,1f],start_interpolation: 0,interpolation_duration: 0}
$data merge entity $(bone131) {transformation: [0.4378f,-0.8523f,-0.357f,0.7083f,0.5249f,-0.1053f,0.937f,2.1055f,-0.8362f,-0.5124f,0.4012f,-0.1179f,0f,0f,0f,1f],start_interpolation: 0,interpolation_duration: 0}
$data merge entity $(bone128) {transformation: [0.3484f,-0.8985f,-0.483f,0.5937f,0.7901f,-0.111f,0.811f,2.4034f,-0.7421f,-0.5402f,0.6367f,0.0008f,0f,0f,0f,1f],start_interpolation: 0,interpolation_duration: 0}
$data merge entity $(bone132) {transformation: [-0.239f,-0.8523f,-0.4653f,0.4688f,0.9497f,-0.1053f,-0.295f,2.5306f,0.2024f,-0.5124f,0.8346f,0.2054f,0f,0f,0f,1f],start_interpolation: 0,interpolation_duration: 0}
$data merge entity $(bone133) {transformation: [-0.418f,-1.4469f,-0.6872f,0.5328f,1.6606f,-0.1788f,-0.4357f,2.5524f,0.3539f,-0.8698f,1.2327f,0.1062f,0f,0f,0f,1f],start_interpolation: 0,interpolation_duration: 0}
$data merge entity $(w5) {transformation: [-0.239f,-0.8523f,-0.4653f,0.5429f,0.9497f,-0.1053f,-0.295f,2.4856f,0.2024f,-0.5124f,0.8346f,0.1162f,0f,0f,0f,1f],start_interpolation: 0,interpolation_duration: 0}
$data merge entity $(w2) {transformation: [-0.5144f,-0.849f,-0.1208f,0.7074f,0.4138f,-0.1224f,-0.9021f,1.7271f,0.7511f,-0.514f,0.4143f,-0.023f,0f,0f,0f,1f],start_interpolation: 0,interpolation_duration: 0}
$data merge entity $(wing3) {transformation: [-0.0853f,-0.849f,-0.5215f,0.2175f,0.9918f,-0.1224f,0.0371f,1.7722f,-0.0954f,-0.514f,0.8525f,0.7754f,0f,0f,0f,1f],start_interpolation: 0,interpolation_duration: 0}
$data merge entity $(bone104) {transformation: [-0.0853f,0.849f,0.5215f,-0.2581f,-0.9918f,-0.1224f,0.0371f,1.6691f,0.0954f,-0.514f,0.8525f,0.7679f,0f,0f,0f,1f],start_interpolation: 0,interpolation_duration: 0}
$data merge entity $(bone105) {transformation: [-0.1482f,0.849f,0.5072f,-0.734f,-0.9889f,-0.1224f,-0.084f,1.7115f,-0.0092f,-0.514f,0.8577f,-0.0397f,0f,0f,0f,1f],start_interpolation: 0,interpolation_duration: 0}
$data merge entity $(bone106) {transformation: [-0.4907f,0.849f,-0.1961f,-1.627f,0.1784f,-0.1224f,-0.9763f,0.9933f,-0.8529f,-0.514f,-0.0914f,0.6184f,0f,0f,0f,1f],start_interpolation: 0,interpolation_duration: 0}
$data merge entity $(bone107) {transformation: [0f,0f,0f,-0.9832f,0f,0f,0f,1.8229f,0f,0f,0f,-0.4663f,0f,0f,0f,1f],start_interpolation: 0,interpolation_duration: 0}
$data merge entity $(bone109) {transformation: [0.0066f,1.7318f,0.9988f,-0.9703f,-1.8292f,-0.214f,0.2706f,1.3264f,0.387f,-1.0411f,1.6058f,2.2994f,0f,0f,0f,1f],start_interpolation: 0,interpolation_duration: 0}
$data merge entity $(bone110) {transformation: [-0.1241f,0.8523f,0.4756f,-0.7091f,-0.904f,-0.1053f,-0.1044f,2.6867f,-0.0206f,-0.5124f,0.8126f,-0.2387f,0f,0f,0f,1f],start_interpolation: 0,interpolation_duration: 0}
$data merge entity $(bone108) {transformation: [-0.3744f,1.3132f,0.6584f,-0.5457f,-1.3038f,-0.1623f,-0.5158f,2.6582f,-0.3547f,-0.7894f,1.2012f,0.0374f,0f,0f,0f,1f],start_interpolation: 0,interpolation_duration: 0}
$data merge entity $(bone112) {transformation: [0.252f,0.8523f,0.4583f,-1.1445f,-0.7756f,-0.1053f,0.6224f,1.9881f,0.5787f,-0.5124f,0.6345f,-0.8183f,0f,0f,0f,1f],start_interpolation: 0,interpolation_duration: 0}
$data merge entity $(bone113) {transformation: [0.1248f,0.8523f,0.508f,-0.7946f,-0.9103f,-0.1053f,0.4004f,2.3681f,0.3948f,-0.5124f,0.7626f,-0.3154f,0f,0f,0f,1f],start_interpolation: 0,interpolation_duration: 0}
$data merge entity $(bone111) {transformation: [-0.0153f,1.1948f,0.7331f,-0.6255f,-1.3779f,-0.1477f,0.212f,2.5184f,0.2579f,-0.7183f,1.176f,-0.0577f,0f,0f,0f,1f],start_interpolation: 0,interpolation_duration: 0}
$data merge entity $(bone115) {transformation: [1.0213f,1.5894f,0.2583f,-0.4382f,-0.1486f,-0.1964f,1.9973f,3.7318f,1.7295f,-0.9555f,0.0191f,2.69f,0f,0f,0f,1f],start_interpolation: 0,interpolation_duration: 0}
$data merge entity $(bone116) {transformation: [0.5231f,0.8523f,0.2134f,-0.8674f,-0.228f,-0.1053f,1.0495f,1.533f,0.917f,-0.5124f,0.1392f,-0.2648f,0f,0f,0f,1f],start_interpolation: 0,interpolation_duration: 0}
$data merge entity $(bone117) {transformation: [0.4378f,0.8523f,0.357f,-0.7083f,-0.5249f,-0.1053f,0.937f,2.1055f,0.8362f,-0.5124f,0.4012f,-0.1179f,0f,0f,0f,1f],start_interpolation: 0,interpolation_duration: 0}
$data merge entity $(bone114) {transformation: [0.3484f,0.8985f,0.483f,-0.5937f,-0.7901f,-0.111f,0.811f,2.4034f,0.7421f,-0.5402f,0.6367f,0.0008f,0f,0f,0f,1f],start_interpolation: 0,interpolation_duration: 0}
$data merge entity $(bone134) {transformation: [-0.239f,0.8523f,0.4653f,-0.4688f,-0.9497f,-0.1053f,-0.295f,2.5306f,-0.2024f,-0.5124f,0.8346f,0.2054f,0f,0f,0f,1f],start_interpolation: 0,interpolation_duration: 0}
$data merge entity $(bone135) {transformation: [-0.418f,1.4469f,0.6872f,-0.5328f,-1.6606f,-0.1788f,-0.4357f,2.5524f,-0.3539f,-0.8698f,1.2327f,0.1062f,0f,0f,0f,1f],start_interpolation: 0,interpolation_duration: 0}
$data merge entity $(w4) {transformation: [-0.239f,0.8523f,0.4653f,-0.5429f,-0.9497f,-0.1053f,-0.295f,2.4856f,-0.2024f,-0.5124f,0.8346f,0.1162f,0f,0f,0f,1f],start_interpolation: 0,interpolation_duration: 0}
$data merge entity $(w3) {transformation: [-0.5144f,0.849f,0.1208f,-0.7074f,-0.4138f,-0.1224f,-0.9021f,1.7271f,-0.7511f,-0.514f,0.4143f,-0.023f,0f,0f,0f,1f],start_interpolation: 0,interpolation_duration: 0}
$data merge entity $(wing2) {transformation: [-0.0853f,0.849f,0.5215f,-0.2175f,-0.9918f,-0.1224f,0.0371f,1.7722f,0.0954f,-0.514f,0.8525f,0.7754f,0f,0f,0f,1f],start_interpolation: 0,interpolation_duration: 0}
$data merge entity $(bone20) {transformation: [-1f,0f,0f,-0.1563f,0f,-0.1526f,0.9883f,1.5158f,0f,0.9883f,0.1526f,0.3246f,0f,0f,0f,1f],start_interpolation: 0,interpolation_duration: 0}
$data merge entity $(bone101) {transformation: [-1f,0f,0f,0f,0f,-0.3252f,0.9457f,1.2161f,0f,0.9457f,0.3252f,-2.6436f,0f,0f,0f,1f],start_interpolation: 0,interpolation_duration: 0}
$data merge entity $(bone100) {transformation: [-1f,0f,0f,0f,0f,0.1426f,0.9898f,0.7685f,0f,0.9898f,-0.1426f,-2.5728f,0f,0f,0f,1f],start_interpolation: 0,interpolation_duration: 0}
$data merge entity $(bone99) {transformation: [-1f,0f,0f,0f,0f,0.4151f,0.9098f,0.3079f,0f,0.9098f,-0.4151f,-2.3627f,0f,0f,0f,1f],start_interpolation: 0,interpolation_duration: 0}
$data merge entity $(bone98) {transformation: [-1f,0f,0f,0f,0f,0.8554f,0.518f,0.0521f,0f,0.518f,-0.8554f,-1.9403f,0f,0f,0f,1f],start_interpolation: 0,interpolation_duration: 0}
$data merge entity $(bone97) {transformation: [-1f,0f,0f,0f,0f,0.9908f,-0.1355f,0.1216f,0f,-0.1355f,-0.9908f,-1.4326f,0f,0f,0f,1f],start_interpolation: 0,interpolation_duration: 0}
$data merge entity $(bone96) {transformation: [-1f,0f,0f,0f,0f,0.8635f,-0.5044f,0.3738f,0f,-0.5044f,-0.8635f,-1.0008f,0f,0f,0f,1f],start_interpolation: 0,interpolation_duration: 0}
$data merge entity $(bone95) {transformation: [-1f,0f,0f,0f,0f,0.6718f,-0.7407f,0.7395f,0f,-0.7407f,-0.6718f,-0.6691f,0f,0f,0f,1f],start_interpolation: 0,interpolation_duration: 0}
$data merge entity $(bone94) {transformation: [-1f,0f,0f,0f,0f,0.6047f,-0.7964f,1.1327f,0f,-0.7964f,-0.6047f,-0.3705f,0f,0f,0f,1f],start_interpolation: 0,interpolation_duration: 0}
$data merge entity $(bone93) {transformation: [-1f,0f,0f,0f,0f,0.7338f,-0.6793f,1.3896f,0f,-0.6793f,-0.7338f,-0.093f,0f,0f,0f,1f],start_interpolation: 0,interpolation_duration: 0}
$data merge entity $(bone) {transformation: [-1f,0f,0f,0f,0f,0.5373f,0.8434f,1.2974f,0f,0.8434f,-0.5373f,-0.0343f,0f,0f,0f,1f],start_interpolation: 0,interpolation_duration: 0}
$data merge entity $(bone24) {transformation: [-0.9666f,-0.2561f,-0.0119f,0.1031f,-0.2559f,0.9608f,0.1072f,1.2387f,-0.016f,0.1067f,-0.9942f,-0.0352f,0f,0f,0f,1f],start_interpolation: 0,interpolation_duration: 0}
$data merge entity $(bone32) {transformation: [-0.9975f,-0.0431f,-0.0559f,0.2252f,-0.0679f,0.3731f,0.9253f,0.6016f,-0.019f,0.9268f,-0.3751f,-0.3507f,0f,0f,0f,1f],start_interpolation: 0,interpolation_duration: 0}
$data merge entity $(bone36) {transformation: [-0.9987f,-0.0393f,-0.0317f,0.3383f,-0.0368f,0.9964f,-0.0768f,0.2694f,0.0346f,-0.0755f,-0.9965f,-1.0395f,0f,0f,0f,1f],start_interpolation: 0,interpolation_duration: 0}
$data merge entity $(bone35) {transformation: [-0.9987f,-0.0182f,-0.0471f,0.297f,-0.0368f,0.9013f,0.4317f,0.4004f,0.0346f,0.4329f,-0.9008f,-0.9702f,0f,0f,0f,1f],start_interpolation: 0,interpolation_duration: 0}
$data merge entity $(bone34) {transformation: [-0.9987f,-0.0119f,-0.049f,0.2971f,-0.0368f,0.8372f,0.5456f,0.4819f,0.0346f,0.5467f,-0.8366f,-0.9195f,0f,0f,0f,1f],start_interpolation: 0,interpolation_duration: 0}
$data merge entity $(bone77) {transformation: [-0.9288f,0.3705f,0.0041f,0.1045f,-0.0242f,-0.0495f,-0.9985f,0.0693f,-0.3697f,-0.9275f,0.0549f,-0.3586f,0f,0f,0f,1f],start_interpolation: 0,interpolation_duration: 0}
$data merge entity $(bone75) {transformation: [-0.9288f,0.3705f,0.0041f,0.1697f,-0.0242f,-0.0495f,-0.9985f,0.062f,-0.3697f,-0.9275f,0.0549f,-0.5329f,0f,0f,0f,1f],start_interpolation: 0,interpolation_duration: 0}
$data merge entity $(bone39) {transformation: [-0.9288f,0.3705f,0.0041f,0.2342f,-0.0242f,-0.0495f,-0.9985f,0.0515f,-0.3697f,-0.9275f,0.0549f,-0.6907f,0f,0f,0f,1f],start_interpolation: 0,interpolation_duration: 0}
$data merge entity $(bone76) {transformation: [-0.9653f,-0.261f,-0.0034f,0.4953f,0.0053f,-0.0065f,-1f,0.054f,0.261f,-0.9653f,0.0077f,-0.3304f,0f,0f,0f,1f],start_interpolation: 0,interpolation_duration: 0}
$data merge entity $(bone74) {transformation: [-0.9653f,-0.261f,-0.0034f,0.4825f,0.0053f,-0.0065f,-1f,0.0617f,0.261f,-0.9653f,0.0077f,-0.5269f,0f,0f,0f,1f],start_interpolation: 0,interpolation_duration: 0}
$data merge entity $(bone40) {transformation: [-0.9653f,-0.261f,-0.0034f,0.4366f,0.0053f,-0.0065f,-1f,0.0586f,0.261f,-0.9653f,0.0077f,-0.6914f,0f,0f,0f,1f],start_interpolation: 0,interpolation_duration: 0}
$data merge entity $(bone79) {transformation: [-0.9986f,0.0499f,0.0203f,0.3065f,-0.0207f,-0.0082f,-0.9998f,0.06f,-0.0497f,-0.9987f,0.0092f,-0.2926f,0f,0f,0f,1f],start_interpolation: 0,interpolation_duration: 0}
$data merge entity $(bone78) {transformation: [-0.9986f,0.0499f,0.0203f,0.3204f,-0.0207f,-0.0082f,-0.9998f,0.0604f,-0.0497f,-0.9987f,0.0092f,-0.493f,0f,0f,0f,1f],start_interpolation: 0,interpolation_duration: 0}
$data merge entity $(bone41) {transformation: [-0.9986f,0.0499f,0.0203f,0.3291f,-0.0207f,-0.0082f,-0.9998f,0.0567f,-0.0497f,-0.9987f,0.0092f,-0.692f,0f,0f,0f,1f],start_interpolation: 0,interpolation_duration: 0}
$data merge entity $(bone38) {transformation: [-0.9998f,-0.0125f,0.0136f,0.3366f,-0.0175f,0.876f,-0.482f,0.3077f,-0.0059f,-0.4822f,-0.876f,-0.805f,0f,0f,0f,1f],start_interpolation: 0,interpolation_duration: 0}
$data merge entity $(bone33) {transformation: [-0.9986f,-0.0488f,-0.0209f,0.3134f,-0.053f,0.9001f,0.4325f,0.5462f,-0.0023f,0.433f,-0.9014f,-0.6896f,0f,0f,0f,1f],start_interpolation: 0,interpolation_duration: 0}
$data merge entity $(bone31) {transformation: [-0.9975f,-0.0333f,-0.0622f,0.2816f,-0.0679f,0.2152f,0.9742f,0.6032f,-0.019f,0.976f,-0.2169f,0.1731f,0f,0f,0f,1f],start_interpolation: 0,interpolation_duration: 0}
$data merge entity $(bone19) {transformation: [-0.9852f,-0.1692f,0.0268f,0.1713f,-0.1711f,0.9784f,-0.1158f,1.2462f,-0.0066f,-0.1187f,-0.9929f,-0.0343f,0f,0f,0f,1f],start_interpolation: 0,interpolation_duration: 0}
$data merge entity $(bone44) {transformation: [-0.7969f,0.5379f,0.2749f,-0.1115f,0.172f,0.6382f,-0.7504f,1.2403f,-0.5791f,-0.5508f,-0.6011f,-0.0011f,0f,0f,0f,1f],start_interpolation: 0,interpolation_duration: 0}
$data merge entity $(bone46) {transformation: [-0.8901f,-0.2294f,0.3938f,-0.2914f,0.0664f,0.7896f,0.61f,0.7807f,-0.4508f,0.5692f,-0.6876f,0.1256f,0f,0f,0f,1f],start_interpolation: 0,interpolation_duration: 0}
$data merge entity $(bone50) {transformation: [-0.8719f,-0.1319f,0.4716f,-0.0802f,0.0313f,0.9461f,0.3224f,0.3319f,-0.4887f,0.2959f,-0.8208f,-0.5324f,0f,0f,0f,1f],start_interpolation: 0,interpolation_duration: 0}
$data merge entity $(bone49) {transformation: [-0.8719f,-0.35f,0.3424f,-0.0998f,0.0313f,0.6581f,0.7523f,0.4256f,-0.4887f,0.6666f,-0.5629f,-0.412f,0f,0f,0f,1f],start_interpolation: 0,interpolation_duration: 0}
$data merge entity $(bone48) {transformation: [-0.8719f,-0.3917f,0.2938f,-0.138f,0.0313f,0.5543f,0.8317f,0.4806f,-0.4887f,0.7344f,-0.471f,-0.3432f,0f,0f,0f,1f],start_interpolation: 0,interpolation_duration: 0}
$data merge entity $(bone54) {transformation: [-0.981f,0.1934f,-0.0161f,-0.2576f,0.0033f,-0.0662f,-0.9978f,0.0672f,-0.194f,-0.9789f,0.0643f,0.2165f,0f,0f,0f,1f],start_interpolation: 0,interpolation_duration: 0}
$data merge entity $(bone53) {transformation: [-0.981f,0.1934f,-0.0161f,-0.2176f,0.0033f,-0.0662f,-0.9978f,0.0569f,-0.194f,-0.9789f,0.0643f,0.0349f,0f,0f,0f,1f],start_interpolation: 0,interpolation_duration: 0}
$data merge entity $(bone52) {transformation: [-0.981f,0.1934f,-0.0161f,-0.1859f,0.0033f,-0.0662f,-0.9978f,0.0435f,-0.194f,-0.9789f,0.0643f,-0.1324f,0f,0f,0f,1f],start_interpolation: 0,interpolation_duration: 0}
$data merge entity $(bone57) {transformation: [-0.7289f,0.6845f,-0.0095f,-0.5866f,-0.0044f,-0.0185f,-0.9998f,0.0572f,-0.6846f,-0.7287f,0.0165f,0.0647f,0f,0f,0f,1f],start_interpolation: 0,interpolation_duration: 0}
$data merge entity $(bone56) {transformation: [-0.7289f,0.6845f,-0.0095f,-0.4828f,-0.0044f,-0.0185f,-0.9998f,0.0626f,-0.6846f,-0.7287f,0.0165f,-0.1026f,0f,0f,0f,1f],start_interpolation: 0,interpolation_duration: 0}
$data merge entity $(bone55) {transformation: [-0.7289f,0.6845f,-0.0095f,-0.3649f,-0.0044f,-0.0185f,-0.9998f,0.0574f,-0.6846f,-0.7287f,0.0165f,-0.2261f,0f,0f,0f,1f],start_interpolation: 0,interpolation_duration: 0}
$data merge entity $(bone60) {transformation: [-0.8814f,0.4704f,-0.0427f,-0.4552f,0.0194f,-0.0543f,-0.9983f,0.0737f,-0.4719f,-0.8808f,0.0387f,0.1766f,0f,0f,0f,1f],start_interpolation: 0,interpolation_duration: 0}
$data merge entity $(bone59) {transformation: [-0.8814f,0.4704f,-0.0427f,-0.3642f,0.0194f,-0.0543f,-0.9983f,0.0649f,-0.4719f,-0.8808f,0.0387f,-0.0022f,0f,0f,0f,1f],start_interpolation: 0,interpolation_duration: 0}
$data merge entity $(bone58) {transformation: [-0.8814f,0.4704f,-0.0427f,-0.2694f,0.0194f,-0.0543f,-0.9983f,0.052f,-0.4719f,-0.8808f,0.0387f,-0.177f,0f,0f,0f,1f],start_interpolation: 0,interpolation_duration: 0}
$data merge entity $(bone51) {transformation: [-0.888f,0.2101f,0.4089f,-0.2307f,0.0502f,0.9285f,-0.368f,0.3153f,-0.457f,-0.3063f,-0.8351f,-0.2479f,0f,0f,0f,1f],start_interpolation: 0,interpolation_duration: 0}
$data merge entity $(bone47) {transformation: [-0.888f,-0.1252f,0.4424f,-0.2551f,0.0502f,0.93f,0.3641f,0.5618f,-0.457f,0.3455f,-0.8196f,-0.151f,0f,0f,0f,1f],start_interpolation: 0,interpolation_duration: 0}
$data merge entity $(bone45) {transformation: [-0.8901f,-0.2912f,0.3505f,-0.5394f,0.0664f,0.6781f,0.732f,1.0461f,-0.4508f,0.6748f,-0.5842f,0.5072f,0f,0f,0f,1f],start_interpolation: 0,interpolation_duration: 0}
$data merge entity $(bone43) {transformation: [-0.8408f,0.5163f,0.1629f,-0.1713f,0.1157f,0.4653f,-0.8776f,1.2462f,-0.5289f,-0.719f,-0.4509f,-0.0343f,0f,0f,0f,1f],start_interpolation: 0,interpolation_duration: 0}