# This file was generated by Animated Java via MC-Build. It is not recommended to edit this file directly.
$data merge entity $(bone5) {transformation: [-0.9947f,-0.1024f,0.0017f,0.3852f,-0.0949f,0.9279f,0.3604f,1.4601f,-0.0385f,0.3584f,-0.9328f,0.9738f,0f,0f,0f,1f],start_interpolation: 0,interpolation_duration: 0}
$data merge entity $(bone6) {transformation: [0.026f,-0.2639f,-0.9642f,0.4946f,-0.4525f,0.8569f,-0.2468f,1.2321f,0.8914f,0.4427f,-0.0971f,0.8946f,0f,0f,0f,1f],start_interpolation: 0,interpolation_duration: 0}
$data merge entity $(bone8) {transformation: [-0.2644f,-0.0632f,0.9624f,0.6383f,-0.0978f,0.9945f,0.0384f,0.5493f,-0.9595f,-0.0839f,-0.2691f,0.7464f,0f,0f,0f,1f],start_interpolation: 0,interpolation_duration: 0}
$data merge entity $(bone9) {transformation: [-0.2644f,-0.0632f,0.9624f,0.7989f,-0.0978f,0.9945f,0.0384f,0.7214f,-0.9595f,-0.0839f,-0.2691f,0.677f,0f,0f,0f,1f],start_interpolation: 0,interpolation_duration: 0}
$data merge entity $(bone10) {transformation: [-0.2331f,-0.1398f,0.9624f,0.6201f,-0.3923f,0.919f,0.0384f,0.5397f,-0.8898f,-0.3685f,-0.2691f,0.7229f,0f,0f,0f,1f],start_interpolation: 0,interpolation_duration: 0}
$data merge entity $(bone12) {transformation: [-0.1685f,-0.5267f,0.8332f,0.7662f,-0.9123f,0.4035f,0.0706f,0.0426f,-0.3734f,-0.7482f,-0.5484f,0.9453f,0f,0f,0f,1f],start_interpolation: 0,interpolation_duration: 0}
$data merge entity $(bone15) {transformation: [0.9838f,-0.1012f,0.1478f,0.3664f,-0.1679f,-0.2331f,0.9578f,0.0364f,-0.0625f,-0.9672f,-0.2464f,0.9937f,0f,0f,0f,1f],start_interpolation: 0,interpolation_duration: 0}
$data merge entity $(bone14) {transformation: [0.9846f,-0.1012f,-0.1429f,0.4932f,0.1161f,-0.2331f,0.9655f,0.0524f,-0.131f,-0.9672f,-0.2178f,0.9752f,0f,0f,0f,1f],start_interpolation: 0,interpolation_duration: 0}
$data merge entity $(bone13) {transformation: [0.8763f,-0.1012f,-0.471f,0.6072f,0.4393f,-0.2331f,0.8675f,0.1071f,-0.1976f,-0.9672f,-0.1598f,0.9468f,0f,0f,0f,1f],start_interpolation: 0,interpolation_duration: 0}
$data merge entity $(bone18) {transformation: [-0.0362f,-0.9975f,-0.0601f,0.7403f,0.8944f,-0.0056f,-0.4472f,-0.2774f,0.4457f,-0.0699f,0.8924f,1.2161f,0f,0f,0f,1f],start_interpolation: 0,interpolation_duration: 0}
$data merge entity $(bone17) {transformation: [0.0109f,-0.9975f,-0.0693f,0.7424f,0.9726f,-0.0056f,0.2324f,-0.0857f,-0.2322f,-0.0699f,0.9701f,1.1704f,0f,0f,0f,1f],start_interpolation: 0,interpolation_duration: 0}
$data merge entity $(bone16) {transformation: [0.0347f,-0.9975f,-0.061f,0.7433f,0.8272f,-0.0056f,0.5619f,0.0346f,-0.5609f,-0.0699f,0.825f,1.0864f,0f,0f,0f,1f],start_interpolation: 0,interpolation_duration: 0}
$data merge entity $(bone27) {transformation: [-0.8408f,-0.5338f,-0.0899f,1.1848f,-0.0773f,-0.0459f,0.996f,0.0319f,-0.5357f,0.8444f,-0.0027f,1.1427f,0f,0f,0f,1f],start_interpolation: 0,interpolation_duration: 0}
$data merge entity $(bone26) {transformation: [-0.8285f,-0.5543f,-0.0795f,1.0528f,-0.0741f,-0.0322f,0.9967f,0.0213f,-0.555f,0.8317f,-0.0144f,1.0621f,0f,0f,0f,1f],start_interpolation: 0,interpolation_duration: 0}
$data merge entity $(bone25) {transformation: [-0.8209f,-0.5543f,0.1377f,0.9017f,0.1864f,-0.0322f,0.9819f,0.0533f,-0.5398f,0.8317f,0.1297f,0.9678f,0f,0f,0f,1f],start_interpolation: 0,interpolation_duration: 0}
$data merge entity $(bone30) {transformation: [0.0664f,-0.8759f,0.4779f,0.9418f,0.9755f,-0.0438f,-0.2157f,-0.2849f,0.2099f,0.4805f,0.8515f,1.2113f,0f,0f,0f,1f],start_interpolation: 0,interpolation_duration: 0}
$data merge entity $(bone29) {transformation: [-0.1854f,-0.8759f,0.4455f,0.909f,0.95f,-0.0438f,0.3092f,-0.0976f,-0.2513f,0.4805f,0.8402f,1.1597f,0f,0f,0f,1f],start_interpolation: 0,interpolation_duration: 0}
$data merge entity $(bone28) {transformation: [-0.3755f,-0.8759f,0.303f,0.8287f,0.6873f,-0.0438f,0.725f,0.0401f,-0.6218f,0.4805f,0.6185f,1.0349f,0f,0f,0f,1f],start_interpolation: 0,interpolation_duration: 0}
$data merge entity $(bone7) {transformation: [0.9624f,-0.0747f,0.2614f,0.6016f,0.0384f,0.9893f,0.141f,0.884f,-0.2691f,-0.1257f,0.9549f,0.7001f,0f,0f,0f,1f],start_interpolation: 0,interpolation_duration: 0}
$data merge entity $(bone4) {transformation: [-0.9642f,-0.2652f,0.0017f,0.3501f,-0.2468f,0.8996f,0.3604f,1.5658f,-0.0971f,0.3471f,-0.9328f,0.9868f,0f,0f,0f,1f],start_interpolation: 0,interpolation_duration: 0}
$data merge entity $(bone62) {transformation: [-0.9125f,0.3445f,0.2206f,-0.4147f,0.4075f,0.7172f,0.5653f,1.4848f,0.0365f,0.6058f,-0.7948f,0.9439f,0f,0f,0f,1f],start_interpolation: 0,interpolation_duration: 0}
$data merge entity $(bone63) {transformation: [0.2707f,0.4646f,0.8431f,-0.5798f,0.6291f,0.5775f,-0.5202f,1.3344f,-0.7286f,0.6713f,-0.136f,0.8012f,0f,0f,0f,1f],start_interpolation: 0,interpolation_duration: 0}
$data merge entity $(bone65) {transformation: [-0.0652f,0.1557f,-0.9857f,-0.8306f,0.2059f,0.9686f,0.1394f,0.7808f,0.9764f,-0.1939f,-0.0952f,0.6002f,0f,0f,0f,1f],start_interpolation: 0,interpolation_duration: 0}
$data merge entity $(bone66) {transformation: [-0.0652f,0.1557f,-0.9857f,-0.9815f,0.2059f,0.9686f,0.1394f,0.966f,0.9764f,-0.1939f,-0.0952f,0.5436f,0f,0f,0f,1f],start_interpolation: 0,interpolation_duration: 0}
$data merge entity $(bone67) {transformation: [-0.0154f,0.1681f,-0.9857f,-0.8184f,0.4877f,0.8618f,0.1394f,0.7672f,0.8729f,-0.4785f,-0.0952f,0.575f,0f,0f,0f,1f],start_interpolation: 0,interpolation_duration: 0}
$data merge entity $(bone69) {transformation: [-0.278f,0.112f,-0.954f,-0.91f,0.4071f,0.9133f,-0.0114f,0.2087f,0.87f,-0.3916f,-0.2995f,0.7662f,0f,0f,0f,1f],start_interpolation: 0,interpolation_duration: 0}
$data merge entity $(bone72) {transformation: [0.9347f,0.2876f,0.2089f,-0.628f,-0.266f,0.1764f,0.9477f,0.1212f,0.2357f,-0.9414f,0.2414f,0.8053f,0f,0f,0f,1f],start_interpolation: 0,interpolation_duration: 0}
$data merge entity $(bone71) {transformation: [0.7339f,0.2876f,0.6154f,-0.7216f,-0.6722f,0.1764f,0.7191f,0.2092f,0.0982f,-0.9414f,0.3227f,0.7919f,0f,0f,0f,1f],start_interpolation: 0,interpolation_duration: 0}
$data merge entity $(bone70) {transformation: [0.4791f,0.2876f,0.8293f,-0.7841f,-0.8776f,0.1764f,0.4458f,0.3227f,-0.0181f,-0.9414f,0.3369f,0.7906f,0f,0f,0f,1f],start_interpolation: 0,interpolation_duration: 0}
$data merge entity $(bone81) {transformation: [-0.066f,0.987f,0.1463f,-0.824f,-0.8524f,0.0205f,-0.5225f,-0.1773f,-0.5187f,-0.1592f,0.84f,0.9547f,0f,0f,0f,1f],start_interpolation: 0,interpolation_duration: 0}
$data merge entity $(bone80) {transformation: [0.0206f,0.987f,0.1592f,-0.828f,-0.9998f,0.0205f,0.0023f,0.0197f,-0.0009f,-0.1592f,0.9872f,0.9549f,0f,0f,0f,1f],start_interpolation: 0,interpolation_duration: 0}
$data merge entity $(bone73) {transformation: [0.1087f,0.987f,0.1182f,-0.8399f,-0.8151f,0.0205f,0.5789f,0.1384f,0.569f,-0.1592f,0.8068f,0.8694f,0f,0f,0f,1f],start_interpolation: 0,interpolation_duration: 0}
$data merge entity $(bone84) {transformation: [-0.7084f,0.6964f,0.115f,-1.2534f,0.1372f,-0.0239f,0.9903f,0.0287f,0.6924f,0.7173f,-0.0786f,1.0189f,0f,0f,0f,1f],start_interpolation: 0,interpolation_duration: 0}
$data merge entity $(bone83) {transformation: [-0.683f,0.714f,-0.1541f,-1.1433f,-0.2236f,-0.0035f,0.9747f,0.0644f,0.6953f,0.7002f,0.162f,0.9159f,0f,0f,0f,1f],start_interpolation: 0,interpolation_duration: 0}
$data merge entity $(bone82) {transformation: [-0.6199f,0.714f,-0.3256f,-1.0275f,-0.4682f,-0.0035f,0.8836f,0.1476f,0.6297f,0.7002f,0.3365f,0.8044f,0f,0f,0f,1f],start_interpolation: 0,interpolation_duration: 0}
$data merge entity $(bone103) {transformation: [-0.066f,0.9494f,-0.3071f,-1.0117f,-0.9803f,-0.0042f,0.1975f,-0.1781f,0.1862f,0.3141f,0.931f,1.0669f,0f,0f,0f,1f],start_interpolation: 0,interpolation_duration: 0}
$data merge entity $(bone102) {transformation: [-0.1425f,0.9494f,-0.2799f,-0.9877f,-0.8969f,-0.0042f,0.4423f,-0.0014f,0.4187f,0.3141f,0.8521f,0.9831f,0f,0f,0f,1f],start_interpolation: 0,interpolation_duration: 0}
$data merge entity $(bone85) {transformation: [-0.2352f,0.9494f,-0.2082f,-0.9356f,-0.6724f,-0.0042f,0.7402f,0.1334f,0.7019f,0.3141f,0.6393f,0.8413f,0f,0f,0f,1f],start_interpolation: 0,interpolation_duration: 0}
$data merge entity $(bone64) {transformation: [0.9857f,0.1584f,-0.0583f,-0.7666f,-0.1394f,0.9587f,0.248f,1.1034f,0.0952f,-0.2363f,0.967f,0.5145f,0f,0f,0f,1f],start_interpolation: 0,interpolation_duration: 0}
$data merge entity $(bone61) {transformation: [-0.8431f,0.4904f,0.2206f,-0.3501f,0.5202f,0.6401f,0.5653f,1.5658f,0.136f,0.5914f,-0.7948f,0.9868f,0f,0f,0f,1f],start_interpolation: 0,interpolation_duration: 0}
$data merge entity $(bone23) {transformation: [-0.7934f,-0.6088f,0f,0.1071f,-0.0911f,0.1188f,0.9887f,1.4889f,-0.6019f,0.7844f,-0.1497f,1.0116f,0f,0f,0f,1f],start_interpolation: 0,interpolation_duration: 0}
$data merge entity $(bone22) {transformation: [-0.7934f,0.6088f,0f,-0.1071f,0.0911f,0.1188f,0.9887f,1.4889f,0.6019f,0.7844f,-0.1497f,1.0116f,0f,0f,0f,1f],start_interpolation: 0,interpolation_duration: 0}
$data merge entity $(bone89) {transformation: [-1f,0.0072f,0.0007f,0.002f,0.0059f,0.753f,0.658f,2.2017f,0.0042f,0.658f,-0.753f,1.4205f,0f,0f,0f,1f],start_interpolation: 0,interpolation_duration: 0}
$data merge entity $(bone90) {transformation: [-1f,0.0069f,0.0019f,0.0013f,0.0059f,0.6273f,0.7788f,2.1325f,0.0042f,0.7788f,-0.6273f,1.3484f,0f,0f,0f,1f],start_interpolation: 0,interpolation_duration: 0}
$data merge entity $(bone88) {transformation: [-1f,0.0071f,0.0013f,0.0312f,0.0059f,0.6928f,0.7211f,1.9819f,0.0042f,0.7211f,-0.6928f,1.2458f,0f,0f,0f,1f],start_interpolation: 0,interpolation_duration: 0}
$data merge entity $(bone42) {transformation: [-1f,0f,0f,0f,0f,0.7431f,0.6692f,1.7257f,0f,0.6692f,-0.7431f,1.6766f,0f,0f,0f,1f],start_interpolation: 0,interpolation_duration: 0}
$data merge entity $(bone87) {transformation: [-0.9998f,0.0157f,-0.0096f,-0.0044f,0.0047f,0.7181f,0.6959f,1.3282f,0.0178f,0.6957f,-0.7181f,2.2718f,0f,0f,0f,1f],start_interpolation: 0,interpolation_duration: 0}
$data merge entity $(bone86) {transformation: [-1f,0f,0f,0f,0f,0.7915f,0.6111f,1.4638f,0f,0.6111f,-0.7915f,2.0882f,0f,0f,0f,1f],start_interpolation: 0,interpolation_duration: 0}
$data merge entity $(bone92) {transformation: [-0.8818f,0.2593f,-0.3939f,0.1194f,-0.021f,0.8129f,0.582f,1.802f,0.4711f,0.5215f,-0.7114f,1.7094f,0f,0f,0f,1f],start_interpolation: 0,interpolation_duration: 0}
$data merge entity $(bone3) {transformation: [-0.8818f,-0.2593f,0.3939f,-0.1194f,0.021f,0.8129f,0.582f,1.802f,-0.4711f,0.5215f,-0.7114f,1.7094f,0f,0f,0f,1f],start_interpolation: 0,interpolation_duration: 0}
$data merge entity $(head) {transformation: [-1f,0f,0f,0f,0f,0.8224f,0.5689f,1.7037f,0f,0.5689f,-0.8224f,1.4942f,0f,0f,0f,1f],start_interpolation: 0,interpolation_duration: 0}
$data merge entity $(neck) {transformation: [-1f,0f,0f,0f,0f,0.6472f,0.7623f,1.5945f,0f,0.7623f,-0.6472f,1.3655f,0f,0f,0f,1f],start_interpolation: 0,interpolation_duration: 0}
$data merge entity $(bone2) {transformation: [-1f,0f,0f,0f,0f,0.1497f,0.9887f,1.5263f,0f,0.9887f,-0.1497f,1.0549f,0f,0f,0f,1f],start_interpolation: 0,interpolation_duration: 0}
$data merge entity $(bone136) {transformation: [-1f,0f,0f,0f,0f,0.2012f,0.9928f,1.5043f,0f,0.9795f,-0.204f,0.8595f,0f,0f,0f,1f],start_interpolation: 0,interpolation_duration: 0}
$data merge entity $(bone118) {transformation: [-0.0835f,-0.849f,-0.5218f,0.258f,0.9918f,-0.1215f,0.0391f,1.6653f,-0.0966f,-0.5142f,0.8522f,0.7685f,0f,0f,0f,1f],start_interpolation: 0,interpolation_duration: 0}
$data merge entity $(bone119) {transformation: [-0.1464f,-0.849f,-0.5077f,0.7342f,0.9892f,-0.1215f,-0.0821f,1.7059f,0.008f,-0.5142f,0.8576f,-0.039f,0f,0f,0f,1f],start_interpolation: 0,interpolation_duration: 0}
$data merge entity $(bone120) {transformation: [-0.4913f,-0.849f,0.1944f,1.6257f,-0.1765f,-0.1215f,-0.9768f,0.9869f,0.8529f,-0.5142f,-0.0902f,0.6204f,0f,0f,0f,1f],start_interpolation: 0,interpolation_duration: 0}
$data merge entity $(bone121) {transformation: [0f,0f,0f,0.9838f,0f,0f,0f,1.8164f,0f,0f,0f,-0.4656f,0f,0f,0f,1f],start_interpolation: 0,interpolation_duration: 0}
$data merge entity $(bone123) {transformation: [-0.0123f,-1.7317f,-1.0629f,0.9413f,1.9949f,-0.2122f,0.3228f,1.2071f,-0.3861f,-1.0416f,1.7014f,2.3703f,0f,0f,0f,1f],start_interpolation: 0,interpolation_duration: 0}
$data merge entity $(bone124) {transformation: [-0.1412f,-0.8523f,-0.5037f,0.7204f,0.9894f,-0.1045f,-0.1007f,2.6798f,0.0332f,-0.5126f,0.858f,-0.2542f,0f,0f,0f,1f],start_interpolation: 0,interpolation_duration: 0}
$data merge entity $(bone122) {transformation: [-0.411f,-1.3131f,-0.6934f,0.5473f,1.4324f,-0.1609f,-0.5444f,2.6533f,0.3915f,-0.7898f,1.2637f,0.0374f,0f,0f,0f,1f],start_interpolation: 0,interpolation_duration: 0}
$data merge entity $(bone126) {transformation: [0.2523f,-0.8523f,-0.4582f,1.146f,0.7763f,-0.1045f,0.6217f,1.9841f,-0.5777f,-0.5126f,0.6352f,-0.819f,0f,0f,0f,1f],start_interpolation: 0,interpolation_duration: 0}
$data merge entity $(bone127) {transformation: [0.1251f,-0.8523f,-0.5079f,0.7961f,0.9107f,-0.1045f,0.3996f,2.3635f,-0.3936f,-0.5126f,0.7631f,-0.3157f,0f,0f,0f,1f],start_interpolation: 0,interpolation_duration: 0}
$data merge entity $(bone125) {transformation: [-0.0149f,-1.1948f,-0.7332f,0.6271f,1.3782f,-0.1464f,0.2107f,2.5136f,-0.2561f,-0.7186f,1.1761f,-0.0578f,0f,0f,0f,1f],start_interpolation: 0,interpolation_duration: 0}
$data merge entity $(bone129) {transformation: [1.0216f,-1.5893f,-0.2578f,0.4397f,0.1505f,-0.1948f,1.9973f,3.7235f,-1.7292f,-0.9559f,0.0215f,2.6914f,0f,0f,0f,1f],start_interpolation: 0,interpolation_duration: 0}
$data merge entity $(bone130) {transformation: [0.5232f,-0.8523f,-0.2131f,0.8687f,0.229f,-0.1045f,1.0494f,1.5283f,-0.9166f,-0.5126f,0.1405f,-0.2662f,0f,0f,0f,1f],start_interpolation: 0,interpolation_duration: 0}
$data merge entity $(bone131) {transformation: [0.4381f,-0.8523f,-0.3568f,0.7098f,0.5258f,-0.1045f,0.9366f,2.1007f,-0.8355f,-0.5126f,0.4023f,-0.1186f,0f,0f,0f,1f],start_interpolation: 0,interpolation_duration: 0}
$data merge entity $(bone128) {transformation: [0.3488f,-0.8985f,-0.4829f,0.5953f,0.791f,-0.1101f,0.8103f,2.3985f,-0.741f,-0.5404f,0.6377f,0.0005f,0f,0f,0f,1f],start_interpolation: 0,interpolation_duration: 0}
$data merge entity $(bone132) {transformation: [-0.2388f,-0.8523f,-0.4654f,0.4703f,0.9495f,-0.1045f,-0.2959f,2.5254f,0.2036f,-0.5126f,0.8342f,0.2053f,0f,0f,0f,1f],start_interpolation: 0,interpolation_duration: 0}
$data merge entity $(bone133) {transformation: [-0.4176f,-1.4469f,-0.6875f,0.5343f,1.6603f,-0.1773f,-0.437f,2.5474f,0.3559f,-0.8702f,1.232f,0.106f,0f,0f,0f,1f],start_interpolation: 0,interpolation_duration: 0}
$data merge entity $(w5) {transformation: [-0.2388f,-0.8523f,-0.4654f,0.5444f,0.9495f,-0.1045f,-0.2959f,2.4805f,0.2036f,-0.5126f,0.8342f,0.116f,0f,0f,0f,1f],start_interpolation: 0,interpolation_duration: 0}
$data merge entity $(w2) {transformation: [-0.514f,-0.849f,-0.1225f,0.7076f,0.4156f,-0.1215f,-0.9014f,1.7216f,0.7504f,-0.5142f,0.4153f,-0.0222f,0f,0f,0f,1f],start_interpolation: 0,interpolation_duration: 0}
$data merge entity $(wing3) {transformation: [-0.0835f,-0.849f,-0.5218f,0.2175f,0.9918f,-0.1215f,0.0391f,1.7685f,-0.0966f,-0.5142f,0.8522f,0.7759f,0f,0f,0f,1f],start_interpolation: 0,interpolation_duration: 0}
$data merge entity $(bone104) {transformation: [-0.0835f,0.849f,0.5218f,-0.258f,-0.9918f,-0.1215f,0.0391f,1.6653f,0.0966f,-0.5142f,0.8522f,0.7685f,0f,0f,0f,1f],start_interpolation: 0,interpolation_duration: 0}
$data merge entity $(bone105) {transformation: [-0.1464f,0.849f,0.5077f,-0.7342f,-0.9892f,-0.1215f,-0.0821f,1.7059f,-0.008f,-0.5142f,0.8576f,-0.039f,0f,0f,0f,1f],start_interpolation: 0,interpolation_duration: 0}
$data merge entity $(bone106) {transformation: [-0.4913f,0.849f,-0.1944f,-1.6257f,0.1765f,-0.1215f,-0.9768f,0.9869f,-0.8529f,-0.5142f,-0.0902f,0.6204f,0f,0f,0f,1f],start_interpolation: 0,interpolation_duration: 0}
$data merge entity $(bone107) {transformation: [0f,0f,0f,-0.9838f,0f,0f,0f,1.8164f,0f,0f,0f,-0.4656f,0f,0f,0f,1f],start_interpolation: 0,interpolation_duration: 0}
$data merge entity $(bone109) {transformation: [0.0071f,1.7317f,0.9989f,-0.9712f,-1.8297f,-0.2122f,0.2689f,1.3185f,0.3847f,-1.0416f,1.606f,2.2978f,0f,0f,0f,1f],start_interpolation: 0,interpolation_duration: 0}
$data merge entity $(bone110) {transformation: [-0.1238f,0.8523f,0.4758f,-0.7107f,-0.904f,-0.1045f,-0.1052f,2.682f,-0.0217f,-0.5126f,0.8125f,-0.2386f,0f,0f,0f,1f],start_interpolation: 0,interpolation_duration: 0}
$data merge entity $(bone108) {transformation: [-0.374f,1.3131f,0.6587f,-0.5473f,-1.3035f,-0.1609f,-0.5171f,2.6533f,-0.3563f,-0.7898f,1.2005f,0.0374f,0f,0f,0f,1f],start_interpolation: 0,interpolation_duration: 0}
$data merge entity $(bone112) {transformation: [0.2523f,0.8523f,0.4582f,-1.146f,-0.7763f,-0.1045f,0.6217f,1.9841f,0.5777f,-0.5126f,0.6352f,-0.819f,0f,0f,0f,1f],start_interpolation: 0,interpolation_duration: 0}
$data merge entity $(bone113) {transformation: [0.1251f,0.8523f,0.5079f,-0.7961f,-0.9107f,-0.1045f,0.3996f,2.3635f,0.3936f,-0.5126f,0.7631f,-0.3157f,0f,0f,0f,1f],start_interpolation: 0,interpolation_duration: 0}
$data merge entity $(bone111) {transformation: [-0.0149f,1.1948f,0.7332f,-0.6271f,-1.3782f,-0.1464f,0.2107f,2.5136f,0.2561f,-0.7186f,1.1761f,-0.0578f,0f,0f,0f,1f],start_interpolation: 0,interpolation_duration: 0}
$data merge entity $(bone115) {transformation: [1.0216f,1.5893f,0.2578f,-0.4397f,-0.1505f,-0.1948f,1.9973f,3.7235f,1.7292f,-0.9559f,0.0215f,2.6914f,0f,0f,0f,1f],start_interpolation: 0,interpolation_duration: 0}
$data merge entity $(bone116) {transformation: [0.5232f,0.8523f,0.2131f,-0.8687f,-0.229f,-0.1045f,1.0494f,1.5283f,0.9166f,-0.5126f,0.1405f,-0.2662f,0f,0f,0f,1f],start_interpolation: 0,interpolation_duration: 0}
$data merge entity $(bone117) {transformation: [0.4381f,0.8523f,0.3568f,-0.7098f,-0.5258f,-0.1045f,0.9366f,2.1007f,0.8355f,-0.5126f,0.4023f,-0.1186f,0f,0f,0f,1f],start_interpolation: 0,interpolation_duration: 0}
$data merge entity $(bone114) {transformation: [0.3488f,0.8985f,0.4829f,-0.5953f,-0.791f,-0.1101f,0.8103f,2.3985f,0.741f,-0.5404f,0.6377f,0.0005f,0f,0f,0f,1f],start_interpolation: 0,interpolation_duration: 0}
$data merge entity $(bone134) {transformation: [-0.2388f,0.8523f,0.4654f,-0.4703f,-0.9495f,-0.1045f,-0.2959f,2.5254f,-0.2036f,-0.5126f,0.8342f,0.2053f,0f,0f,0f,1f],start_interpolation: 0,interpolation_duration: 0}
$data merge entity $(bone135) {transformation: [-0.4176f,1.4469f,0.6875f,-0.5343f,-1.6603f,-0.1773f,-0.437f,2.5474f,-0.3559f,-0.8702f,1.232f,0.106f,0f,0f,0f,1f],start_interpolation: 0,interpolation_duration: 0}
$data merge entity $(w4) {transformation: [-0.2388f,0.8523f,0.4654f,-0.5444f,-0.9495f,-0.1045f,-0.2959f,2.4805f,-0.2036f,-0.5126f,0.8342f,0.116f,0f,0f,0f,1f],start_interpolation: 0,interpolation_duration: 0}
$data merge entity $(w3) {transformation: [-0.514f,0.849f,0.1225f,-0.7076f,-0.4156f,-0.1215f,-0.9014f,1.7216f,-0.7504f,-0.5142f,0.4153f,-0.0222f,0f,0f,0f,1f],start_interpolation: 0,interpolation_duration: 0}
$data merge entity $(wing2) {transformation: [-0.0835f,0.849f,0.5218f,-0.2175f,-0.9918f,-0.1215f,0.0391f,1.7685f,0.0966f,-0.5142f,0.8522f,0.7759f,0f,0f,0f,1f],start_interpolation: 0,interpolation_duration: 0}
$data merge entity $(bone20) {transformation: [-1f,0f,0f,-0.1563f,0f,-0.1546f,0.988f,1.513f,0f,0.988f,0.1546f,0.3246f,0f,0f,0f,1f],start_interpolation: 0,interpolation_duration: 0}
$data merge entity $(bone101) {transformation: [-1f,0f,0f,0f,0f,-0.3285f,0.9445f,1.2153f,0f,0.9445f,0.3285f,-2.6401f,0f,0f,0f,1f],start_interpolation: 0,interpolation_duration: 0}
$data merge entity $(bone100) {transformation: [-1f,0f,0f,0f,0f,0.1285f,0.9917f,0.7667f,0f,0.9917f,-0.1285f,-2.5757f,0f,0f,0f,1f],start_interpolation: 0,interpolation_duration: 0}
$data merge entity $(bone99) {transformation: [-1f,0f,0f,0f,0f,0.4152f,0.9097f,0.3062f,0f,0.9097f,-0.4152f,-2.3655f,0f,0f,0f,1f],start_interpolation: 0,interpolation_duration: 0}
$data merge entity $(bone98) {transformation: [-1f,0f,0f,0f,0f,0.8573f,0.5149f,0.052f,0f,0.5149f,-0.8573f,-1.9423f,0f,0f,0f,1f],start_interpolation: 0,interpolation_duration: 0}
$data merge entity $(bone97) {transformation: [-1f,0f,0f,0f,0f,0.991f,-0.1341f,0.1207f,0f,-0.1341f,-0.991f,-1.4344f,0f,0f,0f,1f],start_interpolation: 0,interpolation_duration: 0}
$data merge entity $(bone96) {transformation: [-1f,0f,0f,0f,0f,0.8642f,-0.5031f,0.3723f,0f,-0.5031f,-0.8642f,-1.0023f,0f,0f,0f,1f],start_interpolation: 0,interpolation_duration: 0}
$data merge entity $(bone95) {transformation: [-1f,0f,0f,0f,0f,0.6729f,-0.7397f,0.7375f,0f,-0.7397f,-0.6729f,-0.67f,0f,0f,0f,1f],start_interpolation: 0,interpolation_duration: 0}
$data merge entity $(bone94) {transformation: [-1f,0f,0f,0f,0f,0.6059f,-0.7956f,1.1303f,0f,-0.7956f,-0.6059f,-0.3709f,0f,0f,0f,1f],start_interpolation: 0,interpolation_duration: 0}
$data merge entity $(bone93) {transformation: [-1f,0f,0f,0f,0f,0.7348f,-0.6783f,1.3868f,0f,-0.6783f,-0.7348f,-0.093f,0f,0f,0f,1f],start_interpolation: 0,interpolation_duration: 0}
$data merge entity $(bone) {transformation: [-1f,0f,0f,0f,0f,0.5373f,0.8434f,1.2945f,0f,0.8434f,-0.5373f,-0.0343f,0f,0f,0f,1f],start_interpolation: 0,interpolation_duration: 0}
$data merge entity $(bone24) {transformation: [-0.9666f,-0.256f,-0.0125f,0.1031f,-0.2558f,0.9604f,0.1107f,1.2359f,-0.0163f,0.1103f,-0.9938f,-0.0352f,0f,0f,0f,1f],start_interpolation: 0,interpolation_duration: 0}
$data merge entity $(bone32) {transformation: [-0.9975f,-0.0424f,-0.0562f,0.2249f,-0.0679f,0.3684f,0.9272f,0.6007f,-0.0186f,0.9287f,-0.3704f,-0.353f,0f,0f,0f,1f],start_interpolation: 0,interpolation_duration: 0}
$data merge entity $(bone36) {transformation: [-0.9987f,-0.0404f,-0.0308f,0.3384f,-0.0377f,0.9959f,-0.0826f,0.2682f,0.034f,-0.0813f,-0.9961f,-1.0405f,0f,0f,0f,1f],start_interpolation: 0,interpolation_duration: 0}
$data merge entity $(bone35) {transformation: [-0.9987f,-0.0195f,-0.0469f,0.2969f,-0.0377f,0.9037f,0.4264f,0.3995f,0.034f,0.4277f,-0.9033f,-0.972f,0f,0f,0f,1f],start_interpolation: 0,interpolation_duration: 0}
$data merge entity $(bone34) {transformation: [-0.9987f,-0.0133f,-0.049f,0.2968f,-0.0377f,0.8403f,0.5408f,0.4813f,0.034f,0.5419f,-0.8398f,-0.9218f,0f,0f,0f,1f],start_interpolation: 0,interpolation_duration: 0}
$data merge entity $(bone77) {transformation: [-0.9285f,0.3713f,0.0068f,0.1043f,-0.0265f,-0.048f,-0.9985f,0.0694f,-0.3704f,-0.9273f,0.0544f,-0.3586f,0f,0f,0f,1f],start_interpolation: 0,interpolation_duration: 0}
$data merge entity $(bone75) {transformation: [-0.9285f,0.3713f,0.0068f,0.1697f,-0.0265f,-0.048f,-0.9985f,0.0624f,-0.3704f,-0.9273f,0.0544f,-0.5327f,0f,0f,0f,1f],start_interpolation: 0,interpolation_duration: 0}
$data merge entity $(bone39) {transformation: [-0.9285f,0.3713f,0.0068f,0.2343f,-0.0265f,-0.048f,-0.9985f,0.0522f,-0.3704f,-0.9273f,0.0544f,-0.6905f,0f,0f,0f,1f],start_interpolation: 0,interpolation_duration: 0}
$data merge entity $(bone76) {transformation: [-0.9656f,-0.26f,-0.0027f,0.495f,0.0042f,-0.0052f,-1f,0.0544f,0.26f,-0.9656f,0.0061f,-0.3301f,0f,0f,0f,1f],start_interpolation: 0,interpolation_duration: 0}
$data merge entity $(bone74) {transformation: [-0.9656f,-0.26f,-0.0027f,0.4824f,0.0042f,-0.0052f,-1f,0.0624f,0.26f,-0.9656f,0.0061f,-0.5266f,0f,0f,0f,1f],start_interpolation: 0,interpolation_duration: 0}
$data merge entity $(bone40) {transformation: [-0.9656f,-0.26f,-0.0027f,0.4367f,0.0042f,-0.0052f,-1f,0.0594f,0.26f,-0.9656f,0.0061f,-0.6911f,0f,0f,0f,1f],start_interpolation: 0,interpolation_duration: 0}
$data merge entity $(bone79) {transformation: [-0.9984f,0.0515f,0.0218f,0.3059f,-0.0222f,-0.007f,-0.9997f,0.0602f,-0.0513f,-0.9986f,0.0081f,-0.2925f,0f,0f,0f,1f],start_interpolation: 0,interpolation_duration: 0}
$data merge entity $(bone78) {transformation: [-0.9984f,0.0515f,0.0218f,0.3202f,-0.0222f,-0.007f,-0.9997f,0.0609f,-0.0513f,-0.9986f,0.0081f,-0.4928f,0f,0f,0f,1f],start_interpolation: 0,interpolation_duration: 0}
$data merge entity $(bone41) {transformation: [-0.9984f,0.0515f,0.0218f,0.3292f,-0.0222f,-0.007f,-0.9997f,0.0574f,-0.0513f,-0.9986f,0.0081f,-0.6918f,0f,0f,0f,1f],start_interpolation: 0,interpolation_duration: 0}
$data merge entity $(bone38) {transformation: [-0.9998f,-0.0131f,0.0148f,0.3365f,-0.0187f,0.8732f,-0.4871f,0.3078f,-0.0066f,-0.4872f,-0.8732f,-0.8063f,0f,0f,0f,1f],start_interpolation: 0,interpolation_duration: 0}
$data merge entity $(bone33) {transformation: [-0.9985f,-0.0501f,-0.0207f,0.3129f,-0.0542f,0.9025f,0.4273f,0.5469f,-0.0027f,0.4277f,-0.9039f,-0.6923f,0f,0f,0f,1f],start_interpolation: 0,interpolation_duration: 0}
$data merge entity $(bone31) {transformation: [-0.9975f,-0.0326f,-0.0624f,0.2818f,-0.0679f,0.2104f,0.9753f,0.5996f,-0.0186f,0.9771f,-0.2121f,0.1708f,0f,0f,0f,1f],start_interpolation: 0,interpolation_duration: 0}
$data merge entity $(bone19) {transformation: [-0.9852f,-0.1693f,0.0262f,0.1713f,-0.1711f,0.9788f,-0.1123f,1.2434f,-0.0066f,-0.1151f,-0.9933f,-0.0343f,0f,0f,0f,1f],start_interpolation: 0,interpolation_duration: 0}
$data merge entity $(bone44) {transformation: [-0.7968f,0.5389f,0.2732f,-0.1115f,0.1717f,0.6355f,-0.7528f,1.2374f,-0.5793f,-0.5529f,-0.5989f,-0.0011f,0f,0f,0f,1f],start_interpolation: 0,interpolation_duration: 0}
$data merge entity $(bone46) {transformation: [-0.8902f,-0.229f,0.3938f,-0.2917f,0.0667f,0.7896f,0.61f,0.7802f,-0.4507f,0.5693f,-0.6876f,0.1262f,0f,0f,0f,1f],start_interpolation: 0,interpolation_duration: 0}
$data merge entity $(bone50) {transformation: [-0.872f,-0.1322f,0.4714f,-0.0806f,0.0316f,0.9456f,0.3238f,0.3321f,-0.4885f,0.2972f,-0.8203f,-0.5322f,0f,0f,0f,1f],start_interpolation: 0,interpolation_duration: 0}
$data merge entity $(bone49) {transformation: [-0.872f,-0.3502f,0.3421f,-0.1002f,0.0316f,0.657f,0.7532f,0.4256f,-0.4885f,0.6676f,-0.5618f,-0.4116f,0f,0f,0f,1f],start_interpolation: 0,interpolation_duration: 0}
$data merge entity $(bone48) {transformation: [-0.872f,-0.3919f,0.2935f,-0.1384f,0.0316f,0.5531f,0.8325f,0.4804f,-0.4885f,0.7352f,-0.4699f,-0.3427f,0f,0f,0f,1f],start_interpolation: 0,interpolation_duration: 0}
$data merge entity $(bone54) {transformation: [-0.981f,0.1931f,-0.0177f,-0.2577f,0.0046f,-0.0679f,-0.9977f,0.0674f,-0.1939f,-0.9788f,0.0657f,0.2163f,0f,0f,0f,1f],start_interpolation: 0,interpolation_duration: 0}
$data merge entity $(bone53) {transformation: [-0.981f,0.1931f,-0.0177f,-0.2178f,0.0046f,-0.0679f,-0.9977f,0.0567f,-0.1939f,-0.9788f,0.0657f,0.0348f,0f,0f,0f,1f],start_interpolation: 0,interpolation_duration: 0}
$data merge entity $(bone52) {transformation: [-0.981f,0.1931f,-0.0177f,-0.1861f,0.0046f,-0.0679f,-0.9977f,0.0431f,-0.1939f,-0.9788f,0.0657f,-0.1325f,0f,0f,0f,1f],start_interpolation: 0,interpolation_duration: 0}
$data merge entity $(bone57) {transformation: [-0.729f,0.6845f,-0.0105f,-0.5868f,-0.0037f,-0.0193f,-0.9998f,0.0571f,-0.6845f,-0.7288f,0.0166f,0.0647f,0f,0f,0f,1f],start_interpolation: 0,interpolation_duration: 0}
$data merge entity $(bone56) {transformation: [-0.729f,0.6845f,-0.0105f,-0.483f,-0.0037f,-0.0193f,-0.9998f,0.0624f,-0.6845f,-0.7288f,0.0166f,-0.1027f,0f,0f,0f,1f],start_interpolation: 0,interpolation_duration: 0}
$data merge entity $(bone55) {transformation: [-0.729f,0.6845f,-0.0105f,-0.3651f,-0.0037f,-0.0193f,-0.9998f,0.057f,-0.6845f,-0.7288f,0.0166f,-0.2262f,0f,0f,0f,1f],start_interpolation: 0,interpolation_duration: 0}
$data merge entity $(bone60) {transformation: [-0.8815f,0.4702f,-0.0436f,-0.4554f,0.0197f,-0.0555f,-0.9983f,0.0738f,-0.4718f,-0.8808f,0.0396f,0.1765f,0f,0f,0f,1f],start_interpolation: 0,interpolation_duration: 0}
$data merge entity $(bone59) {transformation: [-0.8815f,0.4702f,-0.0436f,-0.3644f,0.0197f,-0.0555f,-0.9983f,0.0647f,-0.4718f,-0.8808f,0.0396f,-0.0023f,0f,0f,0f,1f],start_interpolation: 0,interpolation_duration: 0}
$data merge entity $(bone58) {transformation: [-0.8815f,0.4702f,-0.0436f,-0.2696f,0.0197f,-0.0555f,-0.9983f,0.0516f,-0.4718f,-0.8808f,0.0396f,-0.1771f,0f,0f,0f,1f],start_interpolation: 0,interpolation_duration: 0}
$data merge entity $(bone51) {transformation: [-0.8881f,0.2097f,0.409f,-0.2311f,0.0506f,0.929f,-0.3667f,0.315f,-0.4568f,-0.305f,-0.8356f,-0.2476f,0f,0f,0f,1f],start_interpolation: 0,interpolation_duration: 0}
$data merge entity $(bone47) {transformation: [-0.8881f,-0.1255f,0.4422f,-0.2555f,0.0506f,0.9295f,0.3654f,0.5613f,-0.4568f,0.3469f,-0.8191f,-0.1504f,0f,0f,0f,1f],start_interpolation: 0,interpolation_duration: 0}
$data merge entity $(bone45) {transformation: [-0.8902f,-0.2909f,0.3506f,-0.5396f,0.0667f,0.678f,0.732f,1.0456f,-0.4507f,0.675f,-0.5842f,0.5079f,0f,0f,0f,1f],start_interpolation: 0,interpolation_duration: 0}
$data merge entity $(bone43) {transformation: [-0.8408f,0.5169f,0.161f,-0.1713f,0.1157f,0.4621f,-0.8792f,1.2434f,-0.5289f,-0.7206f,-0.4483f,-0.0343f,0f,0f,0f,1f],start_interpolation: 0,interpolation_duration: 0}