# This file was generated by Animated Java via MC-Build. It is not recommended to edit this file directly.
$data merge entity $(bone5) {transformation: [-0.9947f,-0.1024f,0.0011f,0.3852f,-0.095f,0.9264f,0.3644f,1.4564f,-0.0383f,0.3624f,-0.9312f,0.9735f,0f,0f,0f,1f],start_interpolation: 0,interpolation_duration: 0}
$data merge entity $(bone6) {transformation: [0.0266f,-0.2638f,-0.9642f,0.4947f,-0.4563f,0.855f,-0.2466f,1.2287f,0.8894f,0.4465f,-0.0976f,0.8932f,0f,0f,0f,1f],start_interpolation: 0,interpolation_duration: 0}
$data merge entity $(bone8) {transformation: [-0.2643f,-0.0641f,0.9623f,0.6386f,-0.1009f,0.9942f,0.0385f,0.547f,-0.9591f,-0.0869f,-0.2693f,0.7445f,0f,0f,0f,1f],start_interpolation: 0,interpolation_duration: 0}
$data merge entity $(bone9) {transformation: [-0.2643f,-0.0641f,0.9623f,0.799f,-0.1009f,0.9942f,0.0385f,0.719f,-0.9591f,-0.0869f,-0.2693f,0.6745f,0f,0f,0f,1f],start_interpolation: 0,interpolation_duration: 0}
$data merge entity $(bone10) {transformation: [-0.2328f,-0.1406f,0.9623f,0.6204f,-0.3952f,0.9178f,0.0385f,0.5373f,-0.8886f,-0.3713f,-0.2693f,0.721f,0f,0f,0f,1f],start_interpolation: 0,interpolation_duration: 0}
$data merge entity $(bone12) {transformation: [-0.1675f,-0.5271f,0.8331f,0.7669f,-0.9137f,0.4004f,0.0697f,0.041f,-0.3703f,-0.7495f,-0.5487f,0.9449f,0f,0f,0f,1f],start_interpolation: 0,interpolation_duration: 0}
$data merge entity $(bone15) {transformation: [0.9838f,-0.1007f,0.1485f,0.3664f,-0.1686f,-0.2357f,0.9571f,0.0368f,-0.0614f,-0.9666f,-0.2489f,0.9927f,0f,0f,0f,1f],start_interpolation: 0,interpolation_duration: 0}
$data merge entity $(bone14) {transformation: [0.9858f,-0.1007f,-0.1345f,0.4934f,0.1077f,-0.2357f,0.9658f,0.0517f,-0.129f,-0.9666f,-0.2215f,0.9746f,0f,0f,0f,1f],start_interpolation: 0,interpolation_duration: 0}
$data merge entity $(bone13) {transformation: [0.8803f,-0.1007f,-0.4636f,0.6079f,0.4316f,-0.2357f,0.8707f,0.1054f,-0.197f,-0.9666f,-0.164f,0.9462f,0f,0f,0f,1f],start_interpolation: 0,interpolation_duration: 0}
$data merge entity $(bone18) {transformation: [-0.0337f,-0.9976f,-0.0602f,0.7406f,0.8848f,-0.0018f,-0.4659f,-0.2819f,0.4647f,-0.069f,0.8828f,1.2079f,0f,0f,0f,1f],start_interpolation: 0,interpolation_duration: 0}
$data merge entity $(bone17) {transformation: [0.0128f,-0.9976f,-0.0678f,0.7431f,0.9773f,-0.0018f,0.2118f,-0.0894f,-0.2114f,-0.069f,0.975f,1.1662f,0f,0f,0f,1f],start_interpolation: 0,interpolation_duration: 0}
$data merge entity $(bone16) {transformation: [0.0354f,-0.9976f,-0.0592f,0.7441f,0.8441f,-0.0018f,0.5363f,0.0335f,-0.5351f,-0.069f,0.842f,1.086f,0f,0f,0f,1f],start_interpolation: 0,interpolation_duration: 0}
$data merge entity $(bone27) {transformation: [-0.8401f,-0.5347f,-0.0908f,1.1853f,-0.08f,-0.0434f,0.9959f,0.0314f,-0.5364f,0.8439f,-0.0063f,1.1427f,0f,0f,0f,1f],start_interpolation: 0,interpolation_duration: 0}
$data merge entity $(bone26) {transformation: [-0.8278f,-0.5552f,-0.0804f,1.0535f,-0.0768f,-0.0298f,0.9966f,0.0205f,-0.5557f,0.8312f,-0.018f,1.062f,0f,0f,0f,1f],start_interpolation: 0,interpolation_duration: 0}
$data merge entity $(bone25) {transformation: [-0.8204f,-0.5552f,0.1366f,0.9024f,0.1837f,-0.0298f,0.9825f,0.052f,-0.5414f,0.8312f,0.1265f,0.9674f,0f,0f,0f,1f],start_interpolation: 0,interpolation_duration: 0}
$data merge entity $(bone30) {transformation: [0.0768f,-0.8762f,0.4758f,0.9389f,0.9708f,-0.043f,-0.2358f,-0.2909f,0.2271f,0.4801f,0.8473f,1.2046f,0f,0f,0f,1f],start_interpolation: 0,interpolation_duration: 0}
$data merge entity $(bone29) {transformation: [-0.1754f,-0.8762f,0.449f,0.9081f,0.9562f,-0.043f,0.2895f,-0.1023f,-0.2344f,0.4801f,0.8453f,1.1564f,0f,0f,0f,1f],start_interpolation: 0,interpolation_duration: 0}
$data merge entity $(bone28) {transformation: [-0.3673f,-0.8762f,0.3122f,0.8295f,0.7046f,-0.043f,0.7083f,0.0389f,-0.6071f,0.4801f,0.6332f,1.0346f,0f,0f,0f,1f],start_interpolation: 0,interpolation_duration: 0}
$data merge entity $(bone7) {transformation: [0.9623f,-0.0755f,0.2613f,0.6016f,0.0385f,0.9888f,0.1442f,0.8815f,-0.2693f,-0.1287f,0.9544f,0.6971f,0f,0f,0f,1f],start_interpolation: 0,interpolation_duration: 0}
$data merge entity $(bone4) {transformation: [-0.9642f,-0.2652f,0.0011f,0.3501f,-0.2466f,0.898f,0.3644f,1.562f,-0.0976f,0.3511f,-0.9312f,0.9869f,0f,0f,0f,1f],start_interpolation: 0,interpolation_duration: 0}
$data merge entity $(bone62) {transformation: [-0.9129f,0.3418f,0.2231f,-0.4145f,0.4066f,0.7139f,0.5701f,1.4812f,0.0356f,0.6111f,-0.7907f,0.9433f,0f,0f,0f,1f],start_interpolation: 0,interpolation_duration: 0}
$data merge entity $(bone63) {transformation: [0.2728f,0.4618f,0.844f,-0.579f,0.6336f,0.574f,-0.5188f,1.3315f,-0.724f,0.6763f,-0.136f,0.7992f,0f,0f,0f,1f],start_interpolation: 0,interpolation_duration: 0}
$data merge entity $(bone65) {transformation: [-0.0675f,0.1563f,-0.9854f,-0.8288f,0.2088f,0.968f,0.1392f,0.7797f,0.9756f,-0.1964f,-0.0979f,0.597f,0f,0f,0f,1f],start_interpolation: 0,interpolation_duration: 0}
$data merge entity $(bone66) {transformation: [-0.0675f,0.1563f,-0.9854f,-0.9795f,0.2088f,0.968f,0.1392f,0.9648f,0.9756f,-0.1964f,-0.0979f,0.5395f,0f,0f,0f,1f],start_interpolation: 0,interpolation_duration: 0}
$data merge entity $(bone67) {transformation: [-0.0174f,0.1693f,-0.9854f,-0.8165f,0.4902f,0.8604f,0.1392f,0.766f,0.8714f,-0.4806f,-0.0979f,0.5718f,0f,0f,0f,1f],start_interpolation: 0,interpolation_duration: 0}
$data merge entity $(bone69) {transformation: [-0.2796f,0.114f,-0.9533f,-0.9089f,0.4129f,0.9107f,-0.0122f,0.2083f,0.8668f,-0.397f,-0.3018f,0.765f,0f,0f,0f,1f],start_interpolation: 0,interpolation_duration: 0}
$data merge entity $(bone72) {transformation: [0.9358f,0.2901f,0.2004f,-0.6271f,-0.2565f,0.1701f,0.9515f,0.1207f,0.2419f,-0.9418f,0.2336f,0.8054f,0f,0f,0f,1f],start_interpolation: 0,interpolation_duration: 0}
$data merge entity $(bone71) {transformation: [0.7328f,0.2901f,0.6155f,-0.7205f,-0.6724f,0.1701f,0.7204f,0.2087f,0.1042f,-0.9418f,0.3197f,0.7912f,0f,0f,0f,1f],start_interpolation: 0,interpolation_duration: 0}
$data merge entity $(bone70) {transformation: [0.4781f,0.2901f,0.829f,-0.7829f,-0.8782f,0.1701f,0.447f,0.3223f,-0.0114f,-0.9418f,0.3361f,0.789f,0f,0f,0f,1f],start_interpolation: 0,interpolation_duration: 0}
$data merge entity $(bone81) {transformation: [-0.0868f,0.9884f,0.1247f,-0.8277f,-0.7358f,0.0208f,-0.6769f,-0.1829f,-0.6717f,-0.1505f,0.7254f,0.9277f,0f,0f,0f,1f],start_interpolation: 0,interpolation_duration: 0}
$data merge entity $(bone80) {transformation: [0.0078f,0.9884f,0.1518f,-0.8292f,-0.9962f,0.0208f,-0.0845f,0.0134f,-0.0866f,-0.1505f,0.9848f,0.9448f,0f,0f,0f,1f],start_interpolation: 0,interpolation_duration: 0}
$data merge entity $(bone73) {transformation: [0.0949f,0.9884f,0.1187f,-0.8391f,-0.8583f,0.0208f,0.5127f,0.1385f,0.5043f,-0.1505f,0.8503f,0.8688f,0f,0f,0f,1f],start_interpolation: 0,interpolation_duration: 0}
$data merge entity $(bone84) {transformation: [-0.7084f,0.6962f,0.1161f,-1.2524f,0.1394f,-0.0232f,0.99f,0.0286f,0.6919f,0.7175f,-0.0806f,1.0178f,0f,0f,0f,1f],start_interpolation: 0,interpolation_duration: 0}
$data merge entity $(bone83) {transformation: [-0.6831f,0.7138f,-0.1547f,-1.1422f,-0.2236f,-0.0028f,0.9747f,0.0644f,0.6953f,0.7003f,0.1615f,0.9148f,0f,0f,0f,1f],start_interpolation: 0,interpolation_duration: 0}
$data merge entity $(bone82) {transformation: [-0.6198f,0.7138f,-0.3262f,-1.0265f,-0.4682f,-0.0028f,0.8836f,0.1476f,0.6298f,0.7003f,0.3359f,0.8033f,0f,0f,0f,1f],start_interpolation: 0,interpolation_duration: 0}
$data merge entity $(bone103) {transformation: [-0.0305f,0.9495f,-0.3123f,-1.0063f,-0.9968f,-0.0056f,0.0803f,-0.189f,0.0745f,0.3138f,0.9466f,1.0514f,0f,0f,0f,1f],start_interpolation: 0,interpolation_duration: 0}
$data merge entity $(bone102) {transformation: [-0.1294f,0.9495f,-0.2859f,-0.9849f,-0.9178f,-0.0056f,0.3969f,-0.0081f,0.3753f,0.3138f,0.8722f,0.9761f,0f,0f,0f,1f],start_interpolation: 0,interpolation_duration: 0}
$data merge entity $(bone85) {transformation: [-0.226f,0.9495f,-0.2178f,-0.9347f,-0.706f,-0.0056f,0.7082f,0.1335f,0.6712f,0.3138f,0.6716f,0.8405f,0f,0f,0f,1f],start_interpolation: 0,interpolation_duration: 0}
$data merge entity $(bone64) {transformation: [0.9854f,0.1591f,-0.0606f,-0.7646f,-0.1392f,0.958f,0.2508f,1.1021f,0.0979f,-0.2387f,0.9661f,0.5104f,0f,0f,0f,1f],start_interpolation: 0,interpolation_duration: 0}
$data merge entity $(bone61) {transformation: [-0.844f,0.4878f,0.2231f,-0.3501f,0.5188f,0.637f,0.5701f,1.562f,0.136f,0.5969f,-0.7907f,0.9869f,0f,0f,0f,1f],start_interpolation: 0,interpolation_duration: 0}
$data merge entity $(bone23) {transformation: [-0.7934f,-0.6088f,0f,0.1071f,-0.0899f,0.1171f,0.989f,1.485f,-0.6021f,0.7847f,-0.1477f,1.0115f,0f,0f,0f,1f],start_interpolation: 0,interpolation_duration: 0}
$data merge entity $(bone22) {transformation: [-0.7934f,0.6088f,0f,-0.1071f,0.0899f,0.1171f,0.989f,1.485f,0.6021f,0.7847f,-0.1477f,1.0115f,0f,0f,0f,1f],start_interpolation: 0,interpolation_duration: 0}
$data merge entity $(bone89) {transformation: [-1f,0.0072f,0.0007f,0.002f,0.0059f,0.7547f,0.6561f,2.1973f,0.0042f,0.6561f,-0.7547f,1.4191f,0f,0f,0f,1f],start_interpolation: 0,interpolation_duration: 0}
$data merge entity $(bone90) {transformation: [-1f,0.0069f,0.0019f,0.0013f,0.0059f,0.6293f,0.7772f,2.1279f,0.0042f,0.7772f,-0.6293f,1.3472f,0f,0f,0f,1f],start_interpolation: 0,interpolation_duration: 0}
$data merge entity $(bone88) {transformation: [-1f,0.0071f,0.0013f,0.0312f,0.0059f,0.6946f,0.7194f,1.977f,0.0042f,0.7194f,-0.6946f,1.245f,0f,0f,0f,1f],start_interpolation: 0,interpolation_duration: 0}
$data merge entity $(bone42) {transformation: [-1f,0f,0f,0f,0f,0.7384f,0.6743f,1.7219f,0f,0.6743f,-0.7384f,1.6764f,0f,0f,0f,1f],start_interpolation: 0,interpolation_duration: 0}
$data merge entity $(bone87) {transformation: [-0.9998f,0.0157f,-0.0096f,-0.0044f,0.0047f,0.7199f,0.694f,1.326f,0.0178f,0.6939f,-0.7199f,2.2727f,0f,0f,0f,1f],start_interpolation: 0,interpolation_duration: 0}
$data merge entity $(bone86) {transformation: [-1f,0f,0f,0f,0f,0.7931f,0.6091f,1.4611f,0f,0.6091f,-0.7931f,2.0887f,0f,0f,0f,1f],start_interpolation: 0,interpolation_duration: 0}
$data merge entity $(bone92) {transformation: [-0.8818f,0.2593f,-0.3939f,0.1194f,-0.0198f,0.8142f,0.5802f,1.7983f,0.4712f,0.5194f,-0.7129f,1.709f,0f,0f,0f,1f],start_interpolation: 0,interpolation_duration: 0}
$data merge entity $(bone3) {transformation: [-0.8818f,-0.2593f,0.3939f,-0.1194f,0.0198f,0.8142f,0.5802f,1.7983f,-0.4712f,0.5194f,-0.7129f,1.709f,0f,0f,0f,1f],start_interpolation: 0,interpolation_duration: 0}
$data merge entity $(head) {transformation: [-1f,0f,0f,0f,0f,0.8239f,0.5667f,1.6994f,0f,0.5667f,-0.8239f,1.4941f,0f,0f,0f,1f],start_interpolation: 0,interpolation_duration: 0}
$data merge entity $(neck) {transformation: [-1f,0f,0f,0f,0f,0.6491f,0.7607f,1.5899f,0f,0.7607f,-0.6491f,1.3657f,0f,0f,0f,1f],start_interpolation: 0,interpolation_duration: 0}
$data merge entity $(bone2) {transformation: [-1f,0f,0f,0f,0f,0.1477f,0.989f,1.5224f,0f,0.989f,-0.1477f,1.055f,0f,0f,0f,1f],start_interpolation: 0,interpolation_duration: 0}
$data merge entity $(bone136) {transformation: [-1f,0f,0f,0f,0f,0.1992f,0.9887f,1.5008f,0f,0.98f,-0.201f,0.8595f,0f,0f,0f,1f],start_interpolation: 0,interpolation_duration: 0}
$data merge entity $(bone118) {transformation: [-0.0816f,-0.849f,-0.5221f,0.2578f,0.9919f,-0.1206f,0.041f,1.6618f,-0.0977f,-0.5145f,0.8519f,0.7692f,0f,0f,0f,1f],start_interpolation: 0,interpolation_duration: 0}
$data merge entity $(bone119) {transformation: [-0.1447f,-0.849f,-0.5082f,0.7344f,0.9895f,-0.1206f,-0.0802f,1.7006f,0.0068f,-0.5145f,0.8575f,-0.0381f,0f,0f,0f,1f],start_interpolation: 0,interpolation_duration: 0}
$data merge entity $(bone120) {transformation: [-0.492f,-0.849f,0.1927f,1.6243f,-0.1747f,-0.1206f,-0.9772f,0.9808f,0.8529f,-0.5145f,-0.089f,0.6224f,0f,0f,0f,1f],start_interpolation: 0,interpolation_duration: 0}
$data merge entity $(bone121) {transformation: [0f,0f,0f,0.9845f,0f,0f,0f,1.8102f,0f,0f,0f,-0.4647f,0f,0f,0f,1f],start_interpolation: 0,interpolation_duration: 0}
$data merge entity $(bone123) {transformation: [-0.0111f,-1.7317f,-1.063f,0.9417f,1.9953f,-0.2103f,0.3217f,1.2f,-0.3842f,-1.0421f,1.7016f,2.369f,0f,0f,0f,1f],start_interpolation: 0,interpolation_duration: 0}
$data merge entity $(bone124) {transformation: [-0.1407f,-0.8522f,-0.5039f,0.7221f,0.9895f,-0.1035f,-0.1012f,2.6753f,0.0341f,-0.5128f,0.8578f,-0.2541f,0f,0f,0f,1f],start_interpolation: 0,interpolation_duration: 0}
$data merge entity $(bone122) {transformation: [-0.4103f,-1.3131f,-0.6939f,0.549f,1.4322f,-0.1595f,-0.5452f,2.6486f,0.3928f,-0.7902f,1.2631f,0.0374f,0f,0f,0f,1f],start_interpolation: 0,interpolation_duration: 0}
$data merge entity $(bone126) {transformation: [0.2529f,-0.8522f,-0.458f,1.1475f,0.7767f,-0.1035f,0.6213f,1.9799f,-0.5769f,-0.5128f,0.6357f,-0.8195f,0f,0f,0f,1f],start_interpolation: 0,interpolation_duration: 0}
$data merge entity $(bone127) {transformation: [0.1257f,-0.8522f,-0.5079f,0.7977f,0.911f,-0.1035f,0.3991f,2.359f,-0.3927f,-0.5128f,0.7634f,-0.3159f,0f,0f,0f,1f],start_interpolation: 0,interpolation_duration: 0}
$data merge entity $(bone125) {transformation: [-0.0141f,-1.1947f,-0.7333f,0.6287f,1.3785f,-0.1451f,0.2099f,2.509f,-0.2548f,-0.7189f,1.1762f,-0.0579f,0f,0f,0f,1f],start_interpolation: 0,interpolation_duration: 0}
$data merge entity $(bone129) {transformation: [1.022f,-1.5893f,-0.2567f,0.4416f,0.1516f,-0.193f,1.9975f,3.7163f,-1.7288f,-0.9564f,0.0234f,2.6924f,0f,0f,0f,1f],start_interpolation: 0,interpolation_duration: 0}
$data merge entity $(bone130) {transformation: [0.5235f,-0.8522f,-0.2126f,0.8698f,0.2296f,-0.1035f,1.0494f,1.5238f,-0.9163f,-0.5128f,0.1415f,-0.2672f,0f,0f,0f,1f],start_interpolation: 0,interpolation_duration: 0}
$data merge entity $(bone131) {transformation: [0.4385f,-0.8522f,-0.3563f,0.7112f,0.5264f,-0.1035f,0.9364f,2.0961f,-0.8349f,-0.5128f,0.4032f,-0.1191f,0f,0f,0f,1f],start_interpolation: 0,interpolation_duration: 0}
$data merge entity $(bone128) {transformation: [0.3493f,-0.8985f,-0.4825f,0.5968f,0.7915f,-0.1091f,0.8099f,2.3939f,-0.7402f,-0.5407f,0.6384f,0.0003f,0f,0f,0f,1f],start_interpolation: 0,interpolation_duration: 0}
$data merge entity $(bone132) {transformation: [-0.2383f,-0.8522f,-0.4657f,0.4719f,0.9494f,-0.1035f,-0.2964f,2.5207f,0.2044f,-0.5128f,0.8338f,0.2052f,0f,0f,0f,1f],start_interpolation: 0,interpolation_duration: 0}
$data merge entity $(bone133) {transformation: [-0.4167f,-1.4468f,-0.6879f,0.536f,1.6602f,-0.1757f,-0.4379f,2.5427f,0.3575f,-0.8706f,1.2315f,0.106f,0f,0f,0f,1f],start_interpolation: 0,interpolation_duration: 0}
$data merge entity $(w5) {transformation: [-0.2383f,-0.8522f,-0.4657f,0.546f,0.9494f,-0.1035f,-0.2964f,2.4758f,0.2044f,-0.5128f,0.8338f,0.1159f,0f,0f,0f,1f],start_interpolation: 0,interpolation_duration: 0}
$data merge entity $(w2) {transformation: [-0.5136f,-0.849f,-0.1244f,0.7079f,0.4174f,-0.1206f,-0.9007f,1.7164f,0.7497f,-0.5145f,0.4163f,-0.0214f,0f,0f,0f,1f],start_interpolation: 0,interpolation_duration: 0}
$data merge entity $(wing3) {transformation: [-0.0816f,-0.849f,-0.5221f,0.2175f,0.9919f,-0.1206f,0.041f,1.7652f,-0.0977f,-0.5145f,0.8519f,0.7764f,0f,0f,0f,1f],start_interpolation: 0,interpolation_duration: 0}
$data merge entity $(bone104) {transformation: [-0.0816f,0.849f,0.5221f,-0.2578f,-0.9919f,-0.1206f,0.041f,1.6618f,0.0977f,-0.5145f,0.8519f,0.7692f,0f,0f,0f,1f],start_interpolation: 0,interpolation_duration: 0}
$data merge entity $(bone105) {transformation: [-0.1447f,0.849f,0.5082f,-0.7344f,-0.9895f,-0.1206f,-0.0802f,1.7006f,-0.0068f,-0.5145f,0.8575f,-0.0381f,0f,0f,0f,1f],start_interpolation: 0,interpolation_duration: 0}
$data merge entity $(bone106) {transformation: [-0.492f,0.849f,-0.1927f,-1.6243f,0.1747f,-0.1206f,-0.9772f,0.9808f,-0.8529f,-0.5145f,-0.089f,0.6224f,0f,0f,0f,1f],start_interpolation: 0,interpolation_duration: 0}
$data merge entity $(bone107) {transformation: [0f,0f,0f,-0.9845f,0f,0f,0f,1.8102f,0f,0f,0f,-0.4647f,0f,0f,0f,1f],start_interpolation: 0,interpolation_duration: 0}
$data merge entity $(bone109) {transformation: [0.0082f,1.7317f,0.999f,-0.9718f,-1.8301f,-0.2103f,0.2679f,1.3114f,0.3829f,-1.0421f,1.6061f,2.2966f,0f,0f,0f,1f],start_interpolation: 0,interpolation_duration: 0}
$data merge entity $(bone110) {transformation: [-0.1234f,0.8522f,0.476f,-0.7125f,-0.9041f,-0.1035f,-0.1058f,2.6775f,-0.0226f,-0.5128f,0.8123f,-0.2385f,0f,0f,0f,1f],start_interpolation: 0,interpolation_duration: 0}
$data merge entity $(bone108) {transformation: [-0.3734f,1.3131f,0.6592f,-0.549f,-1.3033f,-0.1595f,-0.518f,2.6486f,-0.3575f,-0.7902f,1.1999f,0.0374f,0f,0f,0f,1f],start_interpolation: 0,interpolation_duration: 0}
$data merge entity $(bone112) {transformation: [0.2529f,0.8522f,0.458f,-1.1475f,-0.7767f,-0.1035f,0.6213f,1.9799f,0.5769f,-0.5128f,0.6357f,-0.8195f,0f,0f,0f,1f],start_interpolation: 0,interpolation_duration: 0}
$data merge entity $(bone113) {transformation: [0.1257f,0.8522f,0.5079f,-0.7977f,-0.911f,-0.1035f,0.3991f,2.359f,0.3927f,-0.5128f,0.7634f,-0.3159f,0f,0f,0f,1f],start_interpolation: 0,interpolation_duration: 0}
$data merge entity $(bone111) {transformation: [-0.0141f,1.1947f,0.7333f,-0.6287f,-1.3785f,-0.1451f,0.2099f,2.509f,0.2548f,-0.7189f,1.1762f,-0.0579f,0f,0f,0f,1f],start_interpolation: 0,interpolation_duration: 0}
$data merge entity $(bone115) {transformation: [1.022f,1.5893f,0.2567f,-0.4416f,-0.1516f,-0.193f,1.9975f,3.7163f,1.7288f,-0.9564f,0.0234f,2.6924f,0f,0f,0f,1f],start_interpolation: 0,interpolation_duration: 0}
$data merge entity $(bone116) {transformation: [0.5235f,0.8522f,0.2126f,-0.8698f,-0.2296f,-0.1035f,1.0494f,1.5238f,0.9163f,-0.5128f,0.1415f,-0.2672f,0f,0f,0f,1f],start_interpolation: 0,interpolation_duration: 0}
$data merge entity $(bone117) {transformation: [0.4385f,0.8522f,0.3563f,-0.7112f,-0.5264f,-0.1035f,0.9364f,2.0961f,0.8349f,-0.5128f,0.4032f,-0.1191f,0f,0f,0f,1f],start_interpolation: 0,interpolation_duration: 0}
$data merge entity $(bone114) {transformation: [0.3493f,0.8985f,0.4825f,-0.5968f,-0.7915f,-0.1091f,0.8099f,2.3939f,0.7402f,-0.5407f,0.6384f,0.0003f,0f,0f,0f,1f],start_interpolation: 0,interpolation_duration: 0}
$data merge entity $(bone134) {transformation: [-0.2383f,0.8522f,0.4657f,-0.4719f,-0.9494f,-0.1035f,-0.2964f,2.5207f,-0.2044f,-0.5128f,0.8338f,0.2052f,0f,0f,0f,1f],start_interpolation: 0,interpolation_duration: 0}
$data merge entity $(bone135) {transformation: [-0.4167f,1.4468f,0.6879f,-0.536f,-1.6602f,-0.1757f,-0.4379f,2.5427f,-0.3575f,-0.8706f,1.2315f,0.106f,0f,0f,0f,1f],start_interpolation: 0,interpolation_duration: 0}
$data merge entity $(w4) {transformation: [-0.2383f,0.8522f,0.4657f,-0.546f,-0.9494f,-0.1035f,-0.2964f,2.4758f,-0.2044f,-0.5128f,0.8338f,0.1159f,0f,0f,0f,1f],start_interpolation: 0,interpolation_duration: 0}
$data merge entity $(w3) {transformation: [-0.5136f,0.849f,0.1244f,-0.7079f,-0.4174f,-0.1206f,-0.9007f,1.7164f,-0.7497f,-0.5145f,0.4163f,-0.0214f,0f,0f,0f,1f],start_interpolation: 0,interpolation_duration: 0}
$data merge entity $(wing2) {transformation: [-0.0816f,0.849f,0.5221f,-0.2175f,-0.9919f,-0.1206f,0.041f,1.7652f,0.0977f,-0.5145f,0.8519f,0.7764f,0f,0f,0f,1f],start_interpolation: 0,interpolation_duration: 0}
$data merge entity $(bone20) {transformation: [-1f,0f,0f,-0.1563f,0f,-0.1566f,0.9877f,1.5105f,0f,0.9877f,0.1566f,0.3246f,0f,0f,0f,1f],start_interpolation: 0,interpolation_duration: 0}
$data merge entity $(bone101) {transformation: [-1f,0f,0f,0f,0f,-0.3328f,0.943f,1.2141f,0f,0.943f,0.3328f,-2.637f,0f,0f,0f,1f],start_interpolation: 0,interpolation_duration: 0}
$data merge entity $(bone100) {transformation: [-1f,0f,0f,0f,0f,0.1148f,0.9934f,0.7647f,0f,0.9934f,-0.1148f,-2.5788f,0f,0f,0f,1f],start_interpolation: 0,interpolation_duration: 0}
$data merge entity $(bone99) {transformation: [-1f,0f,0f,0f,0f,0.4161f,0.9093f,0.3043f,0f,0.9093f,-0.4161f,-2.3682f,0f,0f,0f,1f],start_interpolation: 0,interpolation_duration: 0}
$data merge entity $(bone98) {transformation: [-1f,0f,0f,0f,0f,0.8593f,0.5114f,0.0518f,0f,0.5114f,-0.8593f,-1.9439f,0f,0f,0f,1f],start_interpolation: 0,interpolation_duration: 0}
$data merge entity $(bone97) {transformation: [-1f,0f,0f,0f,0f,0.9911f,-0.1329f,0.1199f,0f,-0.1329f,-0.9911f,-1.436f,0f,0f,0f,1f],start_interpolation: 0,interpolation_duration: 0}
$data merge entity $(bone96) {transformation: [-1f,0f,0f,0f,0f,0.8648f,-0.5021f,0.371f,0f,-0.5021f,-0.8648f,-1.0035f,0f,0f,0f,1f],start_interpolation: 0,interpolation_duration: 0}
$data merge entity $(bone95) {transformation: [-1f,0f,0f,0f,0f,0.6738f,-0.7389f,0.7358f,0f,-0.7389f,-0.6738f,-0.6708f,0f,0f,0f,1f],start_interpolation: 0,interpolation_duration: 0}
$data merge entity $(bone94) {transformation: [-1f,0f,0f,0f,0f,0.6069f,-0.7948f,1.1282f,0f,-0.7948f,-0.6069f,-0.3712f,0f,0f,0f,1f],start_interpolation: 0,interpolation_duration: 0}
$data merge entity $(bone93) {transformation: [-1f,0f,0f,0f,0f,0.7357f,-0.6774f,1.3843f,0f,-0.6774f,-0.7357f,-0.093f,0f,0f,0f,1f],start_interpolation: 0,interpolation_duration: 0}
$data merge entity $(bone) {transformation: [-1f,0f,0f,0f,0f,0.5373f,0.8434f,1.2921f,0f,0.8434f,-0.5373f,-0.0343f,0f,0f,0f,1f],start_interpolation: 0,interpolation_duration: 0}
$data merge entity $(bone24) {transformation: [-0.9666f,-0.256f,-0.0131f,0.1031f,-0.2558f,0.96f,0.1138f,1.2334f,-0.0166f,0.1133f,-0.9934f,-0.0352f,0f,0f,0f,1f],start_interpolation: 0,interpolation_duration: 0}
$data merge entity $(bone32) {transformation: [-0.9975f,-0.0419f,-0.0565f,0.2247f,-0.0679f,0.3645f,0.9287f,0.5999f,-0.0183f,0.9303f,-0.3664f,-0.3549f,0f,0f,0f,1f],start_interpolation: 0,interpolation_duration: 0}
$data merge entity $(bone36) {transformation: [-0.9987f,-0.0413f,-0.0301f,0.3385f,-0.0385f,0.9954f,-0.0875f,0.2671f,0.0335f,-0.0862f,-0.9957f,-1.0414f,0f,0f,0f,1f],start_interpolation: 0,interpolation_duration: 0}
$data merge entity $(bone35) {transformation: [-0.9987f,-0.0207f,-0.0467f,0.2968f,-0.0385f,0.9058f,0.4219f,0.3987f,0.0335f,0.4232f,-0.9054f,-0.9735f,0f,0f,0f,1f],start_interpolation: 0,interpolation_duration: 0}
$data merge entity $(bone34) {transformation: [-0.9987f,-0.0144f,-0.049f,0.2967f,-0.0385f,0.843f,0.5365f,0.4808f,0.0335f,0.5377f,-0.8424f,-0.9237f,0f,0f,0f,1f],start_interpolation: 0,interpolation_duration: 0}
$data merge entity $(bone77) {transformation: [-0.9282f,0.3719f,0.0091f,0.1041f,-0.0285f,-0.0467f,-0.9985f,0.0696f,-0.3709f,-0.9271f,0.054f,-0.3585f,0f,0f,0f,1f],start_interpolation: 0,interpolation_duration: 0}
$data merge entity $(bone75) {transformation: [-0.9282f,0.3719f,0.0091f,0.1696f,-0.0285f,-0.0467f,-0.9985f,0.0627f,-0.3709f,-0.9271f,0.054f,-0.5326f,0f,0f,0f,1f],start_interpolation: 0,interpolation_duration: 0}
$data merge entity $(bone39) {transformation: [-0.9282f,0.3719f,0.0091f,0.2344f,-0.0285f,-0.0467f,-0.9985f,0.0528f,-0.3709f,-0.9271f,0.054f,-0.6904f,0f,0f,0f,1f],start_interpolation: 0,interpolation_duration: 0}
$data merge entity $(bone76) {transformation: [-0.9658f,-0.2591f,-0.0022f,0.4948f,0.0033f,-0.004f,-1f,0.0547f,0.2591f,-0.9658f,0.0047f,-0.3298f,0f,0f,0f,1f],start_interpolation: 0,interpolation_duration: 0}
$data merge entity $(bone74) {transformation: [-0.9658f,-0.2591f,-0.0022f,0.4823f,0.0033f,-0.004f,-1f,0.063f,0.2591f,-0.9658f,0.0047f,-0.5263f,0f,0f,0f,1f],start_interpolation: 0,interpolation_duration: 0}
$data merge entity $(bone40) {transformation: [-0.9658f,-0.2591f,-0.0022f,0.4368f,0.0033f,-0.004f,-1f,0.0602f,0.2591f,-0.9658f,0.0047f,-0.6909f,0f,0f,0f,1f],start_interpolation: 0,interpolation_duration: 0}
$data merge entity $(bone79) {transformation: [-0.9983f,0.0529f,0.0232f,0.3054f,-0.0236f,-0.0059f,-0.9997f,0.0605f,-0.0527f,-0.9986f,0.0071f,-0.2923f,0f,0f,0f,1f],start_interpolation: 0,interpolation_duration: 0}
$data merge entity $(bone78) {transformation: [-0.9983f,0.0529f,0.0232f,0.32f,-0.0236f,-0.0059f,-0.9997f,0.0614f,-0.0527f,-0.9986f,0.0071f,-0.4926f,0f,0f,0f,1f],start_interpolation: 0,interpolation_duration: 0}
$data merge entity $(bone41) {transformation: [-0.9983f,0.0529f,0.0232f,0.3292f,-0.0236f,-0.0059f,-0.9997f,0.0581f,-0.0527f,-0.9986f,0.0071f,-0.6917f,0f,0f,0f,1f],start_interpolation: 0,interpolation_duration: 0}
$data merge entity $(bone38) {transformation: [-0.9998f,-0.0137f,0.0159f,0.3364f,-0.0197f,0.8707f,-0.4913f,0.3079f,-0.0071f,-0.4916f,-0.8708f,-0.8073f,0f,0f,0f,1f],start_interpolation: 0,interpolation_duration: 0}
$data merge entity $(bone33) {transformation: [-0.9985f,-0.0513f,-0.0205f,0.3125f,-0.0552f,0.9046f,0.4228f,0.5476f,-0.0031f,0.4232f,-0.906f,-0.6945f,0f,0f,0f,1f],start_interpolation: 0,interpolation_duration: 0}
$data merge entity $(bone31) {transformation: [-0.9975f,-0.032f,-0.0626f,0.2819f,-0.0679f,0.2062f,0.9762f,0.5966f,-0.0183f,0.978f,-0.2078f,0.1688f,0f,0f,0f,1f],start_interpolation: 0,interpolation_duration: 0}
$data merge entity $(bone19) {transformation: [-0.9852f,-0.1693f,0.0257f,0.1713f,-0.1711f,0.9792f,-0.1093f,1.241f,-0.0066f,-0.1121f,-0.9937f,-0.0343f,0f,0f,0f,1f],start_interpolation: 0,interpolation_duration: 0}
$data merge entity $(bone44) {transformation: [-0.7968f,0.5397f,0.2717f,-0.1115f,0.1715f,0.6332f,-0.7548f,1.235f,-0.5794f,-0.5548f,-0.5971f,-0.0011f,0f,0f,0f,1f],start_interpolation: 0,interpolation_duration: 0}
$data merge entity $(bone46) {transformation: [-0.8902f,-0.2288f,0.3939f,-0.2919f,0.067f,0.7895f,0.6101f,0.7798f,-0.4505f,0.5695f,-0.6875f,0.1268f,0f,0f,0f,1f],start_interpolation: 0,interpolation_duration: 0}
$data merge entity $(bone50) {transformation: [-0.872f,-0.1325f,0.4712f,-0.0809f,0.032f,0.9452f,0.325f,0.3322f,-0.4884f,0.2984f,-0.82f,-0.5319f,0f,0f,0f,1f],start_interpolation: 0,interpolation_duration: 0}
$data merge entity $(bone49) {transformation: [-0.872f,-0.3504f,0.3418f,-0.1005f,0.032f,0.6561f,0.754f,0.4256f,-0.4884f,0.6685f,-0.5609f,-0.4113f,0f,0f,0f,1f],start_interpolation: 0,interpolation_duration: 0}
$data merge entity $(bone48) {transformation: [-0.872f,-0.392f,0.2932f,-0.1387f,0.032f,0.552f,0.8332f,0.4803f,-0.4884f,0.7359f,-0.4689f,-0.3423f,0f,0f,0f,1f],start_interpolation: 0,interpolation_duration: 0}
$data merge entity $(bone54) {transformation: [-0.981f,0.1929f,-0.0191f,-0.2578f,0.0058f,-0.0694f,-0.9976f,0.0675f,-0.1938f,-0.9788f,0.067f,0.2162f,0f,0f,0f,1f],start_interpolation: 0,interpolation_duration: 0}
$data merge entity $(bone53) {transformation: [-0.981f,0.1929f,-0.0191f,-0.2179f,0.0058f,-0.0694f,-0.9976f,0.0566f,-0.1938f,-0.9788f,0.067f,0.0346f,0f,0f,0f,1f],start_interpolation: 0,interpolation_duration: 0}
$data merge entity $(bone52) {transformation: [-0.981f,0.1929f,-0.0191f,-0.1863f,0.0058f,-0.0694f,-0.9976f,0.0427f,-0.1938f,-0.9788f,0.067f,-0.1326f,0f,0f,0f,1f],start_interpolation: 0,interpolation_duration: 0}
$data merge entity $(bone57) {transformation: [-0.729f,0.6844f,-0.0115f,-0.587f,-0.0031f,-0.02f,-0.9998f,0.057f,-0.6845f,-0.7289f,0.0167f,0.0646f,0f,0f,0f,1f],start_interpolation: 0,interpolation_duration: 0}
$data merge entity $(bone56) {transformation: [-0.729f,0.6844f,-0.0115f,-0.4832f,-0.0031f,-0.02f,-0.9998f,0.0622f,-0.6845f,-0.7289f,0.0167f,-0.1028f,0f,0f,0f,1f],start_interpolation: 0,interpolation_duration: 0}
$data merge entity $(bone55) {transformation: [-0.729f,0.6844f,-0.0115f,-0.3653f,-0.0031f,-0.02f,-0.9998f,0.0567f,-0.6845f,-0.7289f,0.0167f,-0.2263f,0f,0f,0f,1f],start_interpolation: 0,interpolation_duration: 0}
$data merge entity $(bone60) {transformation: [-0.8815f,0.4701f,-0.0443f,-0.4555f,0.02f,-0.0565f,-0.9982f,0.0738f,-0.4717f,-0.8808f,0.0404f,0.1764f,0f,0f,0f,1f],start_interpolation: 0,interpolation_duration: 0}
$data merge entity $(bone59) {transformation: [-0.8815f,0.4701f,-0.0443f,-0.3645f,0.02f,-0.0565f,-0.9982f,0.0646f,-0.4717f,-0.8808f,0.0404f,-0.0024f,0f,0f,0f,1f],start_interpolation: 0,interpolation_duration: 0}
$data merge entity $(bone58) {transformation: [-0.8815f,0.4701f,-0.0443f,-0.2698f,0.02f,-0.0565f,-0.9982f,0.0512f,-0.4717f,-0.8808f,0.0404f,-0.1772f,0f,0f,0f,1f],start_interpolation: 0,interpolation_duration: 0}
$data merge entity $(bone51) {transformation: [-0.8882f,0.2094f,0.409f,-0.2313f,0.0508f,0.9294f,-0.3655f,0.3147f,-0.4567f,-0.3038f,-0.8361f,-0.2474f,0f,0f,0f,1f],start_interpolation: 0,interpolation_duration: 0}
$data merge entity $(bone47) {transformation: [-0.8882f,-0.1258f,0.442f,-0.2558f,0.0508f,0.929f,0.3666f,0.5609f,-0.4567f,0.3481f,-0.8187f,-0.1499f,0f,0f,0f,1f],start_interpolation: 0,interpolation_duration: 0}
$data merge entity $(bone45) {transformation: [-0.8902f,-0.2906f,0.3507f,-0.5397f,0.067f,0.678f,0.732f,1.0452f,-0.4505f,0.6752f,-0.5841f,0.5086f,0f,0f,0f,1f],start_interpolation: 0,interpolation_duration: 0}
$data merge entity $(bone43) {transformation: [-0.8408f,0.5174f,0.1594f,-0.1713f,0.1157f,0.4594f,-0.8807f,1.241f,-0.5289f,-0.722f,-0.4461f,-0.0343f,0f,0f,0f,1f],start_interpolation: 0,interpolation_duration: 0}