# This file was generated by Animated Java via MC-Build. It is not recommended to edit this file directly.
$data merge entity $(bone5) {transformation: [-0.9947f,-0.1024f,0.0006f,0.3852f,-0.095f,0.9249f,0.3681f,1.4531f,-0.0382f,0.3662f,-0.9298f,0.9731f,0f,0f,0f,1f],start_interpolation: 0,interpolation_duration: 0}
$data merge entity $(bone6) {transformation: [0.0272f,-0.2638f,-0.9642f,0.4947f,-0.4598f,0.8531f,-0.2463f,1.2258f,0.8876f,0.4501f,-0.0981f,0.8919f,0f,0f,0f,1f],start_interpolation: 0,interpolation_duration: 0}
$data merge entity $(bone8) {transformation: [-0.2643f,-0.0649f,0.9623f,0.6388f,-0.1038f,0.9939f,0.0386f,0.545f,-0.9588f,-0.0897f,-0.2694f,0.7427f,0f,0f,0f,1f],start_interpolation: 0,interpolation_duration: 0}
$data merge entity $(bone9) {transformation: [-0.2643f,-0.0649f,0.9623f,0.7992f,-0.1038f,0.9939f,0.0386f,0.717f,-0.9588f,-0.0897f,-0.2694f,0.6723f,0f,0f,0f,1f],start_interpolation: 0,interpolation_duration: 0}
$data merge entity $(bone10) {transformation: [-0.2325f,-0.1414f,0.9623f,0.6207f,-0.3978f,0.9167f,0.0386f,0.5352f,-0.8875f,-0.3738f,-0.2694f,0.7193f,0f,0f,0f,1f],start_interpolation: 0,interpolation_duration: 0}
$data merge entity $(bone12) {transformation: [-0.1667f,-0.5275f,0.833f,0.7677f,-0.9149f,0.3978f,0.0689f,0.0397f,-0.3677f,-0.7506f,-0.5489f,0.9445f,0f,0f,0f,1f],start_interpolation: 0,interpolation_duration: 0}
$data merge entity $(bone15) {transformation: [0.9837f,-0.1002f,0.1491f,0.3666f,-0.1692f,-0.2379f,0.9564f,0.037f,-0.0604f,-0.9661f,-0.251f,0.9918f,0f,0f,0f,1f],start_interpolation: 0,interpolation_duration: 0}
$data merge entity $(bone14) {transformation: [0.9867f,-0.1002f,-0.1278f,0.4937f,0.1009f,-0.2379f,0.966f,0.0511f,-0.1272f,-0.9661f,-0.2246f,0.9739f,0f,0f,0f,1f],start_interpolation: 0,interpolation_duration: 0}
$data merge entity $(bone13) {transformation: [0.8835f,-0.1002f,-0.4575f,0.6086f,0.4252f,-0.2379f,0.8733f,0.1039f,-0.1964f,-0.9661f,-0.1676f,0.9456f,0f,0f,0f,1f],start_interpolation: 0,interpolation_duration: 0}
$data merge entity $(bone18) {transformation: [-0.0315f,-0.9977f,-0.0603f,0.7409f,0.8776f,0.0012f,-0.4795f,-0.2855f,0.4784f,-0.068f,0.8755f,1.2014f,0f,0f,0f,1f],start_interpolation: 0,interpolation_duration: 0}
$data merge entity $(bone17) {transformation: [0.0146f,-0.9977f,-0.0664f,0.7437f,0.9804f,0.0012f,0.1968f,-0.0923f,-0.1963f,-0.068f,0.9782f,1.1627f,0f,0f,0f,1f],start_interpolation: 0,interpolation_duration: 0}
$data merge entity $(bone16) {transformation: [0.0361f,-0.9977f,-0.0576f,0.7448f,0.8572f,0.0012f,0.515f,0.0326f,-0.5138f,-0.068f,0.8552f,1.0857f,0f,0f,0f,1f],start_interpolation: 0,interpolation_duration: 0}
$data merge entity $(bone27) {transformation: [-0.8396f,-0.5355f,-0.0916f,1.1859f,-0.0823f,-0.0413f,0.9958f,0.031f,-0.537f,0.8435f,-0.0094f,1.1426f,0f,0f,0f,1f],start_interpolation: 0,interpolation_duration: 0}
$data merge entity $(bone26) {transformation: [-0.8272f,-0.556f,-0.0812f,1.0542f,-0.0791f,-0.0278f,0.9965f,0.0198f,-0.5563f,0.8307f,-0.021f,1.0618f,0f,0f,0f,1f],start_interpolation: 0,interpolation_duration: 0}
$data merge entity $(bone25) {transformation: [-0.8201f,-0.556f,0.1357f,0.9031f,0.1815f,-0.0278f,0.983f,0.0508f,-0.5428f,0.8307f,0.1237f,0.967f,0f,0f,0f,1f],start_interpolation: 0,interpolation_duration: 0}
$data merge entity $(bone30) {transformation: [0.0849f,-0.8764f,0.474f,0.9367f,0.9669f,-0.0424f,-0.2514f,-0.2956f,0.2404f,0.4797f,0.8438f,1.1992f,0f,0f,0f,1f],start_interpolation: 0,interpolation_duration: 0}
$data merge entity $(bone29) {transformation: [-0.1675f,-0.8764f,0.4515f,0.9075f,0.9608f,-0.0424f,0.2741f,-0.1061f,-0.2211f,0.4797f,0.8491f,1.1536f,0f,0f,0f,1f],start_interpolation: 0,interpolation_duration: 0}
$data merge entity $(bone28) {transformation: [-0.3604f,-0.8764f,0.3194f,0.8302f,0.7184f,-0.0424f,0.6943f,0.0379f,-0.595f,0.4797f,0.6449f,1.0342f,0f,0f,0f,1f],start_interpolation: 0,interpolation_duration: 0}
$data merge entity $(bone7) {transformation: [0.9623f,-0.0764f,0.2612f,0.6016f,0.0386f,0.9884f,0.147f,0.8793f,-0.2694f,-0.1314f,0.954f,0.6944f,0f,0f,0f,1f],start_interpolation: 0,interpolation_duration: 0}
$data merge entity $(bone4) {transformation: [-0.9642f,-0.2652f,0.0006f,0.3501f,-0.2463f,0.8965f,0.3681f,1.5586f,-0.0981f,0.3548f,-0.9298f,0.987f,0f,0f,0f,1f],start_interpolation: 0,interpolation_duration: 0}
$data merge entity $(bone62) {transformation: [-0.9133f,0.3394f,0.2251f,-0.4143f,0.4058f,0.7109f,0.5744f,1.478f,0.0349f,0.6159f,-0.787f,0.9428f,0f,0f,0f,1f],start_interpolation: 0,interpolation_duration: 0}
$data merge entity $(bone63) {transformation: [0.2746f,0.4593f,0.8448f,-0.5782f,0.6375f,0.5707f,-0.5176f,1.329f,-0.7198f,0.6807f,-0.1361f,0.7974f,0f,0f,0f,1f],start_interpolation: 0,interpolation_duration: 0}
$data merge entity $(bone65) {transformation: [-0.0694f,0.1568f,-0.9852f,-0.8272f,0.2114f,0.9674f,0.1391f,0.7789f,0.9749f,-0.1987f,-0.1003f,0.5941f,0f,0f,0f,1f],start_interpolation: 0,interpolation_duration: 0}
$data merge entity $(bone66) {transformation: [-0.0694f,0.1568f,-0.9852f,-0.9778f,0.2114f,0.9674f,0.1391f,0.9638f,0.9749f,-0.1987f,-0.1003f,0.5358f,0f,0f,0f,1f],start_interpolation: 0,interpolation_duration: 0}
$data merge entity $(bone67) {transformation: [-0.019f,0.1704f,-0.9852f,-0.8149f,0.4926f,0.8591f,0.1391f,0.7651f,0.8701f,-0.4826f,-0.1003f,0.569f,0f,0f,0f,1f],start_interpolation: 0,interpolation_duration: 0}
$data merge entity $(bone69) {transformation: [-0.281f,0.1156f,-0.9527f,-0.9079f,0.4175f,0.9086f,-0.0129f,0.208f,0.8641f,-0.4014f,-0.3036f,0.764f,0f,0f,0f,1f],start_interpolation: 0,interpolation_duration: 0}
$data merge entity $(bone72) {transformation: [0.9367f,0.2921f,0.1932f,-0.6262f,-0.2483f,0.1652f,0.9545f,0.1204f,0.2469f,-0.942f,0.2273f,0.8053f,0f,0f,0f,1f],start_interpolation: 0,interpolation_duration: 0}
$data merge entity $(bone71) {transformation: [0.732f,0.2921f,0.6155f,-0.7196f,-0.6725f,0.1652f,0.7214f,0.2084f,0.109f,-0.942f,0.3173f,0.7905f,0f,0f,0f,1f],start_interpolation: 0,interpolation_duration: 0}
$data merge entity $(bone70) {transformation: [0.4774f,0.2921f,0.8287f,-0.7818f,-0.8787f,0.1652f,0.4479f,0.322f,-0.0061f,-0.942f,0.3355f,0.7876f,0f,0f,0f,1f],start_interpolation: 0,interpolation_duration: 0}
$data merge entity $(bone81) {transformation: [-0.0985f,0.9898f,0.1029f,-0.8307f,-0.613f,0.0211f,-0.7898f,-0.1858f,-0.7839f,-0.1409f,0.6047f,0.9039f,0f,0f,0f,1f],start_interpolation: 0,interpolation_duration: 0}
$data merge entity $(bone80) {transformation: [-0.0019f,0.9898f,0.1424f,-0.8303f,-0.9869f,0.0211f,-0.1601f,0.0087f,-0.1615f,-0.1409f,0.9768f,0.9357f,0f,0f,0f,1f],start_interpolation: 0,interpolation_duration: 0}
$data merge entity $(bone73) {transformation: [0.0824f,0.9898f,0.1161f,-0.8383f,-0.8913f,0.0211f,0.4529f,0.1387f,0.4458f,-0.1409f,0.884f,0.8682f,0f,0f,0f,1f],start_interpolation: 0,interpolation_duration: 0}
$data merge entity $(bone84) {transformation: [-0.7084f,0.696f,0.117f,-1.2515f,0.1413f,-0.0225f,0.9897f,0.0286f,0.6915f,0.7177f,-0.0824f,1.0168f,0f,0f,0f,1f],start_interpolation: 0,interpolation_duration: 0}
$data merge entity $(bone83) {transformation: [-0.6831f,0.7136f,-0.1552f,-1.1414f,-0.2236f,-0.0021f,0.9747f,0.0644f,0.6952f,0.7005f,0.161f,0.9139f,0f,0f,0f,1f],start_interpolation: 0,interpolation_duration: 0}
$data merge entity $(bone82) {transformation: [-0.6197f,0.7136f,-0.3267f,-1.0256f,-0.4683f,-0.0021f,0.8836f,0.1476f,0.6299f,0.7005f,0.3355f,0.8024f,0f,0f,0f,1f],start_interpolation: 0,interpolation_duration: 0}
$data merge entity $(bone103) {transformation: [0.0004f,0.9496f,-0.3135f,-1.0015f,-0.9997f,-0.0066f,-0.0214f,-0.1978f,-0.0224f,0.3134f,0.9493f,1.0375f,0f,0f,0f,1f],start_interpolation: 0,interpolation_duration: 0}
$data merge entity $(bone102) {transformation: [-0.1176f,0.9496f,-0.2906f,-0.9824f,-0.9343f,-0.0066f,0.3565f,-0.0137f,0.3366f,0.3134f,0.8879f,0.9698f,0f,0f,0f,1f],start_interpolation: 0,interpolation_duration: 0}
$data merge entity $(bone85) {transformation: [-0.2175f,0.9496f,-0.2258f,-0.9339f,-0.7339f,-0.0066f,0.6793f,0.1336f,0.6435f,0.3134f,0.6983f,0.8398f,0f,0f,0f,1f],start_interpolation: 0,interpolation_duration: 0}
$data merge entity $(bone64) {transformation: [0.9852f,0.1597f,-0.0625f,-0.7628f,-0.1391f,0.9573f,0.2534f,1.101f,0.1003f,-0.241f,0.9653f,0.5068f,0f,0f,0f,1f],start_interpolation: 0,interpolation_duration: 0}
$data merge entity $(bone61) {transformation: [-0.8448f,0.4855f,0.2251f,-0.3501f,0.5176f,0.6342f,0.5744f,1.5586f,0.1361f,0.6017f,-0.787f,0.987f,0f,0f,0f,1f],start_interpolation: 0,interpolation_duration: 0}
$data merge entity $(bone23) {transformation: [-0.7934f,-0.6088f,0f,0.1071f,-0.0886f,0.1155f,0.9893f,1.4816f,-0.6023f,0.7849f,-0.1456f,1.0115f,0f,0f,0f,1f],start_interpolation: 0,interpolation_duration: 0}
$data merge entity $(bone22) {transformation: [-0.7934f,0.6088f,0f,-0.1071f,0.0886f,0.1155f,0.9893f,1.4816f,0.6023f,0.7849f,-0.1456f,1.0115f,0f,0f,0f,1f],start_interpolation: 0,interpolation_duration: 0}
$data merge entity $(bone89) {transformation: [-1f,0.0072f,0.0007f,0.002f,0.0059f,0.7558f,0.6548f,2.1933f,0.0042f,0.6548f,-0.7558f,1.4183f,0f,0f,0f,1f],start_interpolation: 0,interpolation_duration: 0}
$data merge entity $(bone90) {transformation: [-1f,0.0069f,0.0019f,0.0013f,0.0059f,0.6306f,0.7761f,2.1237f,0.0042f,0.7761f,-0.6306f,1.3465f,0f,0f,0f,1f],start_interpolation: 0,interpolation_duration: 0}
$data merge entity $(bone88) {transformation: [-1f,0.0071f,0.0013f,0.0312f,0.0059f,0.6958f,0.7182f,1.9726f,0.0042f,0.7182f,-0.6959f,1.2445f,0f,0f,0f,1f],start_interpolation: 0,interpolation_duration: 0}
$data merge entity $(bone42) {transformation: [-1f,0f,0f,0f,0f,0.7341f,0.679f,1.7183f,0f,0.679f,-0.7341f,1.6764f,0f,0f,0f,1f],start_interpolation: 0,interpolation_duration: 0}
$data merge entity $(bone87) {transformation: [-0.9998f,0.0157f,-0.0096f,-0.0044f,0.0047f,0.7211f,0.6928f,1.3234f,0.0178f,0.6926f,-0.7211f,2.2733f,0f,0f,0f,1f],start_interpolation: 0,interpolation_duration: 0}
$data merge entity $(bone86) {transformation: [-1f,0f,0f,0f,0f,0.7941f,0.6077f,1.4582f,0f,0.6077f,-0.7941f,2.0891f,0f,0f,0f,1f],start_interpolation: 0,interpolation_duration: 0}
$data merge entity $(bone92) {transformation: [-0.8818f,0.2593f,-0.3939f,0.1194f,-0.019f,0.8151f,0.579f,1.7948f,0.4712f,0.518f,-0.7138f,1.7088f,0f,0f,0f,1f],start_interpolation: 0,interpolation_duration: 0}
$data merge entity $(bone3) {transformation: [-0.8818f,-0.2593f,0.3939f,-0.1194f,0.019f,0.8151f,0.579f,1.7948f,-0.4712f,0.518f,-0.7138f,1.7088f,0f,0f,0f,1f],start_interpolation: 0,interpolation_duration: 0}
$data merge entity $(head) {transformation: [-1f,0f,0f,0f,0f,0.8249f,0.5653f,1.6955f,0f,0.5653f,-0.8249f,1.494f,0f,0f,0f,1f],start_interpolation: 0,interpolation_duration: 0}
$data merge entity $(neck) {transformation: [-1f,0f,0f,0f,0f,0.6504f,0.7596f,1.5857f,0f,0.7596f,-0.6504f,1.3659f,0f,0f,0f,1f],start_interpolation: 0,interpolation_duration: 0}
$data merge entity $(bone2) {transformation: [-1f,0f,0f,0f,0f,0.1456f,0.9893f,1.5189f,0f,0.9893f,-0.1456f,1.055f,0f,0f,0f,1f],start_interpolation: 0,interpolation_duration: 0}
$data merge entity $(bone136) {transformation: [-1f,0f,0f,0f,0f,0.1972f,0.9854f,1.4977f,0f,0.9804f,-0.1982f,0.8595f,0f,0f,0f,1f],start_interpolation: 0,interpolation_duration: 0}
$data merge entity $(bone118) {transformation: [-0.0798f,-0.849f,-0.5224f,0.2576f,0.9919f,-0.1196f,0.0428f,1.6588f,-0.0988f,-0.5147f,0.8517f,0.7698f,0f,0f,0f,1f],start_interpolation: 0,interpolation_duration: 0}
$data merge entity $(bone119) {transformation: [-0.1429f,-0.849f,-0.5087f,0.7346f,0.9897f,-0.1196f,-0.0784f,1.6959f,0.0057f,-0.5147f,0.8573f,-0.0373f,0f,0f,0f,1f],start_interpolation: 0,interpolation_duration: 0}
$data merge entity $(bone120) {transformation: [-0.4927f,-0.849f,0.191f,1.6229f,-0.1729f,-0.1196f,-0.9777f,0.9752f,0.8529f,-0.5147f,-0.0879f,0.6244f,0f,0f,0f,1f],start_interpolation: 0,interpolation_duration: 0}
$data merge entity $(bone121) {transformation: [0f,0f,0f,0.9851f,0f,0f,0f,1.8046f,0f,0f,0f,-0.4639f,0f,0f,0f,1f],start_interpolation: 0,interpolation_duration: 0}
$data merge entity $(bone123) {transformation: [-0.0095f,-1.7316f,-1.0631f,0.9418f,1.9955f,-0.2082f,0.3214f,1.194f,-0.3828f,-1.0426f,1.7016f,2.3682f,0f,0f,0f,1f],start_interpolation: 0,interpolation_duration: 0}
$data merge entity $(bone124) {transformation: [-0.1399f,-0.8522f,-0.5042f,0.7239f,0.9896f,-0.1025f,-0.1014f,2.6712f,0.0347f,-0.5131f,0.8576f,-0.254f,0f,0f,0f,1f],start_interpolation: 0,interpolation_duration: 0}
$data merge entity $(bone122) {transformation: [-0.4093f,-1.313f,-0.6946f,0.5507f,1.4323f,-0.1579f,-0.5455f,2.6445f,0.3937f,-0.7906f,1.2625f,0.0375f,0f,0f,0f,1f],start_interpolation: 0,interpolation_duration: 0}
$data merge entity $(bone126) {transformation: [0.2536f,-0.8522f,-0.4577f,1.1489f,0.7769f,-0.1025f,0.6213f,1.9759f,-0.5763f,-0.5131f,0.6361f,-0.8198f,0f,0f,0f,1f],start_interpolation: 0,interpolation_duration: 0}
$data merge entity $(bone127) {transformation: [0.1265f,-0.8522f,-0.5077f,0.7993f,0.9112f,-0.1025f,0.399f,2.3549f,-0.3921f,-0.5131f,0.7635f,-0.316f,0f,0f,0f,1f],start_interpolation: 0,interpolation_duration: 0}
$data merge entity $(bone125) {transformation: [-0.0129f,-1.1947f,-0.7334f,0.6303f,1.3786f,-0.1437f,0.2097f,2.5048f,-0.2539f,-0.7193f,1.1762f,-0.058f,0f,0f,0f,1f],start_interpolation: 0,interpolation_duration: 0}
$data merge entity $(bone129) {transformation: [1.0224f,-1.5892f,-0.2551f,0.4435f,0.152f,-0.1911f,1.9976f,3.7105f,-1.7285f,-0.9568f,0.0247f,2.6932f,0f,0f,0f,1f],start_interpolation: 0,interpolation_duration: 0}
$data merge entity $(bone130) {transformation: [0.5239f,-0.8522f,-0.2118f,0.8707f,0.2298f,-0.1025f,1.0494f,1.5196f,-0.916f,-0.5131f,0.1421f,-0.2679f,0f,0f,0f,1f],start_interpolation: 0,interpolation_duration: 0}
$data merge entity $(bone131) {transformation: [0.4391f,-0.8522f,-0.3557f,0.7125f,0.5266f,-0.1025f,0.9364f,2.092f,-0.8345f,-0.5131f,0.4037f,-0.1194f,0f,0f,0f,1f],start_interpolation: 0,interpolation_duration: 0}
$data merge entity $(bone128) {transformation: [0.3501f,-0.8984f,-0.482f,0.5983f,0.7917f,-0.108f,0.8099f,2.3897f,-0.7396f,-0.5409f,0.6388f,0.0002f,0f,0f,0f,1f],start_interpolation: 0,interpolation_duration: 0}
$data merge entity $(bone132) {transformation: [-0.2376f,-0.8522f,-0.4662f,0.4735f,0.9495f,-0.1025f,-0.2967f,2.5164f,0.205f,-0.5131f,0.8335f,0.2051f,0f,0f,0f,1f],start_interpolation: 0,interpolation_duration: 0}
$data merge entity $(bone133) {transformation: [-0.4155f,-1.4468f,-0.6885f,0.5376f,1.6603f,-0.174f,-0.4381f,2.5385f,0.3585f,-0.8711f,1.231f,0.1059f,0f,0f,0f,1f],start_interpolation: 0,interpolation_duration: 0}
$data merge entity $(w5) {transformation: [-0.2376f,-0.8522f,-0.4662f,0.5475f,0.9495f,-0.1025f,-0.2967f,2.4716f,0.205f,-0.5131f,0.8335f,0.1158f,0f,0f,0f,1f],start_interpolation: 0,interpolation_duration: 0}
$data merge entity $(w2) {transformation: [-0.5131f,-0.849f,-0.1262f,0.7081f,0.4191f,-0.1196f,-0.9f,1.7118f,0.749f,-0.5147f,0.4172f,-0.0206f,0f,0f,0f,1f],start_interpolation: 0,interpolation_duration: 0}
$data merge entity $(wing3) {transformation: [-0.0798f,-0.849f,-0.5224f,0.2175f,0.9919f,-0.1196f,0.0428f,1.7622f,-0.0988f,-0.5147f,0.8517f,0.777f,0f,0f,0f,1f],start_interpolation: 0,interpolation_duration: 0}
$data merge entity $(bone104) {transformation: [-0.0798f,0.849f,0.5224f,-0.2576f,-0.9919f,-0.1196f,0.0428f,1.6588f,0.0988f,-0.5147f,0.8517f,0.7698f,0f,0f,0f,1f],start_interpolation: 0,interpolation_duration: 0}
$data merge entity $(bone105) {transformation: [-0.1429f,0.849f,0.5087f,-0.7346f,-0.9897f,-0.1196f,-0.0784f,1.6959f,-0.0057f,-0.5147f,0.8573f,-0.0373f,0f,0f,0f,1f],start_interpolation: 0,interpolation_duration: 0}
$data merge entity $(bone106) {transformation: [-0.4927f,0.849f,-0.191f,-1.6229f,0.1729f,-0.1196f,-0.9777f,0.9752f,-0.8529f,-0.5147f,-0.0879f,0.6244f,0f,0f,0f,1f],start_interpolation: 0,interpolation_duration: 0}
$data merge entity $(bone107) {transformation: [0f,0f,0f,-0.9851f,0f,0f,0f,1.8046f,0f,0f,0f,-0.4639f,0f,0f,0f,1f],start_interpolation: 0,interpolation_duration: 0}
$data merge entity $(bone109) {transformation: [0.0097f,1.7316f,0.9992f,-0.972f,-1.8303f,-0.2082f,0.2675f,1.3054f,0.3817f,-1.0426f,1.6061f,2.2958f,0f,0f,0f,1f],start_interpolation: 0,interpolation_duration: 0}
$data merge entity $(bone110) {transformation: [-0.1227f,0.8522f,0.4762f,-0.7143f,-0.9042f,-0.1025f,-0.106f,2.6734f,-0.0231f,-0.5131f,0.8121f,-0.2384f,0f,0f,0f,1f],start_interpolation: 0,interpolation_duration: 0}
$data merge entity $(bone108) {transformation: [-0.3725f,1.313f,0.6598f,-0.5507f,-1.3034f,-0.1579f,-0.5183f,2.6445f,-0.3583f,-0.7906f,1.1994f,0.0375f,0f,0f,0f,1f],start_interpolation: 0,interpolation_duration: 0}
$data merge entity $(bone112) {transformation: [0.2536f,0.8522f,0.4577f,-1.1489f,-0.7769f,-0.1025f,0.6213f,1.9759f,0.5763f,-0.5131f,0.6361f,-0.8198f,0f,0f,0f,1f],start_interpolation: 0,interpolation_duration: 0}
$data merge entity $(bone113) {transformation: [0.1265f,0.8522f,0.5077f,-0.7993f,-0.9112f,-0.1025f,0.399f,2.3549f,0.3921f,-0.5131f,0.7635f,-0.316f,0f,0f,0f,1f],start_interpolation: 0,interpolation_duration: 0}
$data merge entity $(bone111) {transformation: [-0.0129f,1.1947f,0.7334f,-0.6303f,-1.3786f,-0.1437f,0.2097f,2.5048f,0.2539f,-0.7193f,1.1762f,-0.058f,0f,0f,0f,1f],start_interpolation: 0,interpolation_duration: 0}
$data merge entity $(bone115) {transformation: [1.0224f,1.5892f,0.2551f,-0.4435f,-0.152f,-0.1911f,1.9976f,3.7105f,1.7285f,-0.9568f,0.0247f,2.6932f,0f,0f,0f,1f],start_interpolation: 0,interpolation_duration: 0}
$data merge entity $(bone116) {transformation: [0.5239f,0.8522f,0.2118f,-0.8707f,-0.2298f,-0.1025f,1.0494f,1.5196f,0.916f,-0.5131f,0.1421f,-0.2679f,0f,0f,0f,1f],start_interpolation: 0,interpolation_duration: 0}
$data merge entity $(bone117) {transformation: [0.4391f,0.8522f,0.3557f,-0.7125f,-0.5266f,-0.1025f,0.9364f,2.092f,0.8345f,-0.5131f,0.4037f,-0.1194f,0f,0f,0f,1f],start_interpolation: 0,interpolation_duration: 0}
$data merge entity $(bone114) {transformation: [0.3501f,0.8984f,0.482f,-0.5983f,-0.7917f,-0.108f,0.8099f,2.3897f,0.7396f,-0.5409f,0.6388f,0.0002f,0f,0f,0f,1f],start_interpolation: 0,interpolation_duration: 0}
$data merge entity $(bone134) {transformation: [-0.2376f,0.8522f,0.4662f,-0.4735f,-0.9495f,-0.1025f,-0.2967f,2.5164f,-0.205f,-0.5131f,0.8335f,0.2051f,0f,0f,0f,1f],start_interpolation: 0,interpolation_duration: 0}
$data merge entity $(bone135) {transformation: [-0.4155f,1.4468f,0.6885f,-0.5376f,-1.6603f,-0.174f,-0.4381f,2.5385f,-0.3585f,-0.8711f,1.231f,0.1059f,0f,0f,0f,1f],start_interpolation: 0,interpolation_duration: 0}
$data merge entity $(w4) {transformation: [-0.2376f,0.8522f,0.4662f,-0.5475f,-0.9495f,-0.1025f,-0.2967f,2.4716f,-0.205f,-0.5131f,0.8335f,0.1158f,0f,0f,0f,1f],start_interpolation: 0,interpolation_duration: 0}
$data merge entity $(w3) {transformation: [-0.5131f,0.849f,0.1262f,-0.7081f,-0.4191f,-0.1196f,-0.9f,1.7118f,-0.749f,-0.5147f,0.4172f,-0.0206f,0f,0f,0f,1f],start_interpolation: 0,interpolation_duration: 0}
$data merge entity $(wing2) {transformation: [-0.0798f,0.849f,0.5224f,-0.2175f,-0.9919f,-0.1196f,0.0428f,1.7622f,0.0988f,-0.5147f,0.8517f,0.777f,0f,0f,0f,1f],start_interpolation: 0,interpolation_duration: 0}
$data merge entity $(bone20) {transformation: [-1f,0f,0f,-0.1563f,0f,-0.1586f,0.9873f,1.5086f,0f,0.9873f,0.1586f,0.3246f,0f,0f,0f,1f],start_interpolation: 0,interpolation_duration: 0}
$data merge entity $(bone101) {transformation: [-1f,0f,0f,0f,0f,-0.3378f,0.9412f,1.2126f,0f,0.9412f,0.3378f,-2.6344f,0f,0f,0f,1f],start_interpolation: 0,interpolation_duration: 0}
$data merge entity $(bone100) {transformation: [-1f,0f,0f,0f,0f,0.102f,0.9948f,0.7624f,0f,0.9948f,-0.102f,-2.582f,0f,0f,0f,1f],start_interpolation: 0,interpolation_duration: 0}
$data merge entity $(bone99) {transformation: [-1f,0f,0f,0f,0f,0.4176f,0.9087f,0.3024f,0f,0.9087f,-0.4176f,-2.3706f,0f,0f,0f,1f],start_interpolation: 0,interpolation_duration: 0}
$data merge entity $(bone98) {transformation: [-1f,0f,0f,0f,0f,0.8615f,0.5078f,0.0517f,0f,0.5078f,-0.8615f,-1.9452f,0f,0f,0f,1f],start_interpolation: 0,interpolation_duration: 0}
$data merge entity $(bone97) {transformation: [-1f,0f,0f,0f,0f,0.9913f,-0.1319f,0.1193f,0f,-0.1319f,-0.9913f,-1.4372f,0f,0f,0f,1f],start_interpolation: 0,interpolation_duration: 0}
$data merge entity $(bone96) {transformation: [-1f,0f,0f,0f,0f,0.8653f,-0.5012f,0.3699f,0f,-0.5012f,-0.8653f,-1.0046f,0f,0f,0f,1f],start_interpolation: 0,interpolation_duration: 0}
$data merge entity $(bone95) {transformation: [-1f,0f,0f,0f,0f,0.6746f,-0.7382f,0.7344f,0f,-0.7382f,-0.6746f,-0.6715f,0f,0f,0f,1f],start_interpolation: 0,interpolation_duration: 0}
$data merge entity $(bone94) {transformation: [-1f,0f,0f,0f,0f,0.6077f,-0.7942f,1.1265f,0f,-0.7942f,-0.6077f,-0.3715f,0f,0f,0f,1f],start_interpolation: 0,interpolation_duration: 0}
$data merge entity $(bone93) {transformation: [-1f,0f,0f,0f,0f,0.7363f,-0.6766f,1.3824f,0f,-0.6766f,-0.7363f,-0.093f,0f,0f,0f,1f],start_interpolation: 0,interpolation_duration: 0}
$data merge entity $(bone) {transformation: [-1f,0f,0f,0f,0f,0.5373f,0.8434f,1.2901f,0f,0.8434f,-0.5373f,-0.0343f,0f,0f,0f,1f],start_interpolation: 0,interpolation_duration: 0}
$data merge entity $(bone24) {transformation: [-0.9666f,-0.256f,-0.0135f,0.1031f,-0.2558f,0.9597f,0.1162f,1.2314f,-0.0168f,0.1158f,-0.9931f,-0.0352f,0f,0f,0f,1f],start_interpolation: 0,interpolation_duration: 0}
$data merge entity $(bone32) {transformation: [-0.9975f,-0.0414f,-0.0567f,0.2246f,-0.0678f,0.3612f,0.93f,0.5992f,-0.0181f,0.9316f,-0.3631f,-0.3565f,0f,0f,0f,1f],start_interpolation: 0,interpolation_duration: 0}
$data merge entity $(bone36) {transformation: [-0.9987f,-0.042f,-0.0294f,0.3386f,-0.0392f,0.995f,-0.0916f,0.2663f,0.0332f,-0.0903f,-0.9954f,-1.0421f,0f,0f,0f,1f],start_interpolation: 0,interpolation_duration: 0}
$data merge entity $(bone35) {transformation: [-0.9987f,-0.0217f,-0.0465f,0.2968f,-0.0392f,0.9075f,0.4182f,0.3981f,0.0332f,0.4195f,-0.9072f,-0.9748f,0f,0f,0f,1f],start_interpolation: 0,interpolation_duration: 0}
$data merge entity $(bone34) {transformation: [-0.9987f,-0.0154f,-0.0489f,0.2965f,-0.0392f,0.8451f,0.5331f,0.4804f,0.0332f,0.5343f,-0.8446f,-0.9253f,0f,0f,0f,1f],start_interpolation: 0,interpolation_duration: 0}
$data merge entity $(bone77) {transformation: [-0.928f,0.3725f,0.011f,0.104f,-0.0302f,-0.0456f,-0.9985f,0.0697f,-0.3714f,-0.9269f,0.0536f,-0.3584f,0f,0f,0f,1f],start_interpolation: 0,interpolation_duration: 0}
$data merge entity $(bone75) {transformation: [-0.928f,0.3725f,0.011f,0.1696f,-0.0302f,-0.0456f,-0.9985f,0.0631f,-0.3714f,-0.9269f,0.0536f,-0.5325f,0f,0f,0f,1f],start_interpolation: 0,interpolation_duration: 0}
$data merge entity $(bone39) {transformation: [-0.928f,0.3725f,0.011f,0.2344f,-0.0302f,-0.0456f,-0.9985f,0.0532f,-0.3714f,-0.9269f,0.0536f,-0.6902f,0f,0f,0f,1f],start_interpolation: 0,interpolation_duration: 0}
$data merge entity $(bone76) {transformation: [-0.966f,-0.2584f,-0.0017f,0.4946f,0.0026f,-0.0031f,-1f,0.055f,0.2584f,-0.966f,0.0036f,-0.3296f,0f,0f,0f,1f],start_interpolation: 0,interpolation_duration: 0}
$data merge entity $(bone74) {transformation: [-0.966f,-0.2584f,-0.0017f,0.4822f,0.0026f,-0.0031f,-1f,0.0634f,0.2584f,-0.966f,0.0036f,-0.526f,0f,0f,0f,1f],start_interpolation: 0,interpolation_duration: 0}
$data merge entity $(bone40) {transformation: [-0.966f,-0.2584f,-0.0017f,0.4368f,0.0026f,-0.0031f,-1f,0.0609f,0.2584f,-0.966f,0.0036f,-0.6907f,0f,0f,0f,1f],start_interpolation: 0,interpolation_duration: 0}
$data merge entity $(bone79) {transformation: [-0.9982f,0.054f,0.0243f,0.305f,-0.0247f,-0.005f,-0.9997f,0.0607f,-0.0539f,-0.9985f,0.0063f,-0.2922f,0f,0f,0f,1f],start_interpolation: 0,interpolation_duration: 0}
$data merge entity $(bone78) {transformation: [-0.9982f,0.054f,0.0243f,0.3198f,-0.0247f,-0.005f,-0.9997f,0.0617f,-0.0539f,-0.9985f,0.0063f,-0.4925f,0f,0f,0f,1f],start_interpolation: 0,interpolation_duration: 0}
$data merge entity $(bone41) {transformation: [-0.9982f,0.054f,0.0243f,0.3293f,-0.0247f,-0.005f,-0.9997f,0.0586f,-0.0539f,-0.9985f,0.0063f,-0.6915f,0f,0f,0f,1f],start_interpolation: 0,interpolation_duration: 0}
$data merge entity $(bone38) {transformation: [-0.9998f,-0.0141f,0.0168f,0.3364f,-0.0205f,0.8687f,-0.4948f,0.308f,-0.0076f,-0.4951f,-0.8688f,-0.8082f,0f,0f,0f,1f],start_interpolation: 0,interpolation_duration: 0}
$data merge entity $(bone33) {transformation: [-0.9984f,-0.0523f,-0.0203f,0.3122f,-0.056f,0.9062f,0.4191f,0.5481f,-0.0035f,0.4196f,-0.9077f,-0.6964f,0f,0f,0f,1f],start_interpolation: 0,interpolation_duration: 0}
$data merge entity $(bone31) {transformation: [-0.9975f,-0.0315f,-0.0627f,0.282f,-0.0678f,0.2028f,0.9769f,0.5941f,-0.0181f,0.9787f,-0.2044f,0.1671f,0f,0f,0f,1f],start_interpolation: 0,interpolation_duration: 0}
$data merge entity $(bone19) {transformation: [-0.9852f,-0.1694f,0.0253f,0.1713f,-0.1711f,0.9794f,-0.1068f,1.239f,-0.0066f,-0.1096f,-0.994f,-0.0343f,0f,0f,0f,1f],start_interpolation: 0,interpolation_duration: 0}
$data merge entity $(bone44) {transformation: [-0.7967f,0.5404f,0.2706f,-0.1115f,0.1714f,0.6313f,-0.7564f,1.233f,-0.5796f,-0.5562f,-0.5956f,-0.0011f,0f,0f,0f,1f],start_interpolation: 0,interpolation_duration: 0}
$data merge entity $(bone46) {transformation: [-0.8903f,-0.2285f,0.3939f,-0.2921f,0.0673f,0.7895f,0.6101f,0.7795f,-0.4504f,0.5696f,-0.6875f,0.1273f,0f,0f,0f,1f],start_interpolation: 0,interpolation_duration: 0}
$data merge entity $(bone50) {transformation: [-0.8721f,-0.1327f,0.471f,-0.0811f,0.0322f,0.9448f,0.3259f,0.3323f,-0.4883f,0.2994f,-0.8197f,-0.5318f,0f,0f,0f,1f],start_interpolation: 0,interpolation_duration: 0}
$data merge entity $(bone49) {transformation: [-0.8721f,-0.3505f,0.3416f,-0.1008f,0.0322f,0.6553f,0.7547f,0.4256f,-0.4883f,0.6691f,-0.5602f,-0.411f,0f,0f,0f,1f],start_interpolation: 0,interpolation_duration: 0}
$data merge entity $(bone48) {transformation: [-0.8721f,-0.3921f,0.2929f,-0.139f,0.0322f,0.5512f,0.8338f,0.4802f,-0.4883f,0.7365f,-0.468f,-0.3419f,0f,0f,0f,1f],start_interpolation: 0,interpolation_duration: 0}
$data merge entity $(bone54) {transformation: [-0.981f,0.1927f,-0.0203f,-0.2578f,0.0067f,-0.0706f,-0.9975f,0.0676f,-0.1937f,-0.9787f,0.068f,0.216f,0f,0f,0f,1f],start_interpolation: 0,interpolation_duration: 0}
$data merge entity $(bone53) {transformation: [-0.981f,0.1927f,-0.0203f,-0.218f,0.0067f,-0.0706f,-0.9975f,0.0565f,-0.1937f,-0.9787f,0.068f,0.0345f,0f,0f,0f,1f],start_interpolation: 0,interpolation_duration: 0}
$data merge entity $(bone52) {transformation: [-0.981f,0.1927f,-0.0203f,-0.1865f,0.0067f,-0.0706f,-0.9975f,0.0424f,-0.1937f,-0.9787f,0.068f,-0.1327f,0f,0f,0f,1f],start_interpolation: 0,interpolation_duration: 0}
$data merge entity $(bone57) {transformation: [-0.7291f,0.6843f,-0.0123f,-0.5871f,-0.0025f,-0.0206f,-0.9998f,0.0569f,-0.6844f,-0.7289f,0.0168f,0.0645f,0f,0f,0f,1f],start_interpolation: 0,interpolation_duration: 0}
$data merge entity $(bone56) {transformation: [-0.7291f,0.6843f,-0.0123f,-0.4833f,-0.0025f,-0.0206f,-0.9998f,0.062f,-0.6844f,-0.7289f,0.0168f,-0.1029f,0f,0f,0f,1f],start_interpolation: 0,interpolation_duration: 0}
$data merge entity $(bone55) {transformation: [-0.7291f,0.6843f,-0.0123f,-0.3655f,-0.0025f,-0.0206f,-0.9998f,0.0564f,-0.6844f,-0.7289f,0.0168f,-0.2264f,0f,0f,0f,1f],start_interpolation: 0,interpolation_duration: 0}
$data merge entity $(bone60) {transformation: [-0.8816f,0.4699f,-0.0449f,-0.4556f,0.0203f,-0.0574f,-0.9981f,0.0739f,-0.4716f,-0.8808f,0.0411f,0.1763f,0f,0f,0f,1f],start_interpolation: 0,interpolation_duration: 0}
$data merge entity $(bone59) {transformation: [-0.8816f,0.4699f,-0.0449f,-0.3647f,0.0203f,-0.0574f,-0.9981f,0.0644f,-0.4716f,-0.8808f,0.0411f,-0.0025f,0f,0f,0f,1f],start_interpolation: 0,interpolation_duration: 0}
$data merge entity $(bone58) {transformation: [-0.8816f,0.4699f,-0.0449f,-0.27f,0.0203f,-0.0574f,-0.9981f,0.0509f,-0.4716f,-0.8808f,0.0411f,-0.1773f,0f,0f,0f,1f],start_interpolation: 0,interpolation_duration: 0}
$data merge entity $(bone51) {transformation: [-0.8882f,0.2092f,0.4091f,-0.2316f,0.0511f,0.9298f,-0.3645f,0.3145f,-0.4566f,-0.3029f,-0.8365f,-0.2472f,0f,0f,0f,1f],start_interpolation: 0,interpolation_duration: 0}
$data merge entity $(bone47) {transformation: [-0.8882f,-0.126f,0.4418f,-0.2561f,0.0511f,0.9286f,0.3675f,0.5606f,-0.4566f,0.349f,-0.8184f,-0.1494f,0f,0f,0f,1f],start_interpolation: 0,interpolation_duration: 0}
$data merge entity $(bone45) {transformation: [-0.8903f,-0.2904f,0.3508f,-0.5398f,0.0673f,0.678f,0.732f,1.0449f,-0.4504f,0.6753f,-0.5841f,0.5091f,0f,0f,0f,1f],start_interpolation: 0,interpolation_duration: 0}
$data merge entity $(bone43) {transformation: [-0.8408f,0.5178f,0.1581f,-0.1713f,0.1157f,0.4572f,-0.8818f,1.239f,-0.5289f,-0.7231f,-0.4443f,-0.0343f,0f,0f,0f,1f],start_interpolation: 0,interpolation_duration: 0}