# This file was generated by Animated Java via MC-Build. It is not recommended to edit this file directly.
$data merge entity $(bone5) {transformation: [-0.9947f,-0.1024f,0.0002f,0.3852f,-0.095f,0.9236f,0.3714f,1.4503f,-0.0382f,0.3694f,-0.9285f,0.9728f,0f,0f,0f,1f],start_interpolation: 0,interpolation_duration: 0}
$data merge entity $(bone6) {transformation: [0.0276f,-0.2637f,-0.9642f,0.4947f,-0.4629f,0.8515f,-0.2462f,1.2233f,0.886f,0.4531f,-0.0986f,0.8908f,0f,0f,0f,1f],start_interpolation: 0,interpolation_duration: 0}
$data merge entity $(bone8) {transformation: [-0.2642f,-0.0658f,0.9622f,0.6391f,-0.1062f,0.9936f,0.0387f,0.5434f,-0.9586f,-0.092f,-0.2695f,0.7411f,0f,0f,0f,1f],start_interpolation: 0,interpolation_duration: 0}
$data merge entity $(bone9) {transformation: [-0.2642f,-0.0658f,0.9622f,0.7993f,-0.1062f,0.9936f,0.0387f,0.7154f,-0.9586f,-0.092f,-0.2695f,0.6703f,0f,0f,0f,1f],start_interpolation: 0,interpolation_duration: 0}
$data merge entity $(bone10) {transformation: [-0.2322f,-0.1422f,0.9622f,0.6209f,-0.4001f,0.9157f,0.0387f,0.5336f,-0.8866f,-0.376f,-0.2695f,0.7177f,0f,0f,0f,1f],start_interpolation: 0,interpolation_duration: 0}
$data merge entity $(bone12) {transformation: [-0.166f,-0.5279f,0.833f,0.7684f,-0.9158f,0.3957f,0.0683f,0.0386f,-0.3657f,-0.7515f,-0.5491f,0.9441f,0f,0f,0f,1f],start_interpolation: 0,interpolation_duration: 0}
$data merge entity $(bone15) {transformation: [0.9837f,-0.0999f,0.1495f,0.3668f,-0.1696f,-0.2396f,0.9559f,0.0371f,-0.0596f,-0.9657f,-0.2526f,0.991f,0f,0f,0f,1f],start_interpolation: 0,interpolation_duration: 0}
$data merge entity $(bone14) {transformation: [0.9874f,-0.0999f,-0.1227f,0.494f,0.0959f,-0.2396f,0.9661f,0.0505f,-0.1259f,-0.9657f,-0.227f,0.9733f,0f,0f,0f,1f],start_interpolation: 0,interpolation_duration: 0}
$data merge entity $(bone13) {transformation: [0.8859f,-0.0999f,-0.4531f,0.6092f,0.4205f,-0.2396f,0.8751f,0.1027f,-0.1959f,-0.9657f,-0.1703f,0.945f,0f,0f,0f,1f],start_interpolation: 0,interpolation_duration: 0}
$data merge entity $(bone18) {transformation: [-0.0297f,-0.9977f,-0.0604f,0.7412f,0.8732f,0.0035f,-0.4873f,-0.288f,0.4864f,-0.0672f,0.8712f,1.1969f,0f,0f,0f,1f],start_interpolation: 0,interpolation_duration: 0}
$data merge entity $(bone17) {transformation: [0.0161f,-0.9977f,-0.0653f,0.7444f,0.9822f,0.0035f,0.188f,-0.0944f,-0.1874f,-0.0672f,0.98f,1.16f,0f,0f,0f,1f],start_interpolation: 0,interpolation_duration: 0}
$data merge entity $(bone16) {transformation: [0.0366f,-0.9977f,-0.0565f,0.7455f,0.8666f,0.0035f,0.4991f,0.0318f,-0.4977f,-0.0672f,0.8647f,1.0853f,0f,0f,0f,1f],start_interpolation: 0,interpolation_duration: 0}
$data merge entity $(bone27) {transformation: [-0.8391f,-0.5361f,-0.0923f,1.1865f,-0.0841f,-0.0397f,0.9957f,0.0307f,-0.5374f,0.8432f,-0.0117f,1.1424f,0f,0f,0f,1f],start_interpolation: 0,interpolation_duration: 0}
$data merge entity $(bone26) {transformation: [-0.8268f,-0.5566f,-0.0818f,1.0548f,-0.081f,-0.0262f,0.9964f,0.0192f,-0.5567f,0.8304f,-0.0234f,1.0615f,0f,0f,0f,1f],start_interpolation: 0,interpolation_duration: 0}
$data merge entity $(bone25) {transformation: [-0.8198f,-0.5566f,0.1349f,0.9038f,0.1796f,-0.0262f,0.9834f,0.0499f,-0.5438f,0.8304f,0.1215f,0.9665f,0f,0f,0f,1f],start_interpolation: 0,interpolation_duration: 0}
$data merge entity $(bone30) {transformation: [0.0904f,-0.8766f,0.4727f,0.9353f,0.9641f,-0.0419f,-0.2621f,-0.299f,0.2495f,0.4795f,0.8413f,1.1952f,0f,0f,0f,1f],start_interpolation: 0,interpolation_duration: 0}
$data merge entity $(bone29) {transformation: [-0.162f,-0.8766f,0.4532f,0.9071f,0.9637f,-0.0419f,0.2635f,-0.1089f,-0.212f,0.4795f,0.8516f,1.1513f,0f,0f,0f,1f],start_interpolation: 0,interpolation_duration: 0}
$data merge entity $(bone28) {transformation: [-0.3552f,-0.8766f,0.3247f,0.8309f,0.7284f,-0.0419f,0.6839f,0.0371f,-0.5859f,0.4795f,0.6534f,1.0337f,0f,0f,0f,1f],start_interpolation: 0,interpolation_duration: 0}
$data merge entity $(bone7) {transformation: [0.9622f,-0.0772f,0.2611f,0.6016f,0.0387f,0.988f,0.1495f,0.8776f,-0.2695f,-0.1337f,0.9537f,0.692f,0f,0f,0f,1f],start_interpolation: 0,interpolation_duration: 0}
$data merge entity $(bone4) {transformation: [-0.9642f,-0.2652f,0.0002f,0.3501f,-0.2462f,0.8953f,0.3714f,1.5558f,-0.0986f,0.358f,-0.9285f,0.9871f,0f,0f,0f,1f],start_interpolation: 0,interpolation_duration: 0}
$data merge entity $(bone62) {transformation: [-0.9136f,0.3376f,0.2267f,-0.4141f,0.4052f,0.7083f,0.578f,1.4754f,0.0345f,0.6199f,-0.7839f,0.9424f,0f,0f,0f,1f],start_interpolation: 0,interpolation_duration: 0}
$data merge entity $(bone63) {transformation: [0.276f,0.4574f,0.8453f,-0.5777f,0.6409f,0.5679f,-0.5165f,1.3269f,-0.7163f,0.6844f,-0.1364f,0.7959f,0f,0f,0f,1f],start_interpolation: 0,interpolation_duration: 0}
$data merge entity $(bone65) {transformation: [-0.0707f,0.1573f,-0.985f,-0.826f,0.2138f,0.9669f,0.139f,0.7782f,0.9743f,-0.2008f,-0.102f,0.5919f,0f,0f,0f,1f],start_interpolation: 0,interpolation_duration: 0}
$data merge entity $(bone66) {transformation: [-0.0707f,0.1573f,-0.985f,-0.9765f,0.2138f,0.9669f,0.139f,0.9631f,0.9743f,-0.2008f,-0.102f,0.5329f,0f,0f,0f,1f],start_interpolation: 0,interpolation_duration: 0}
$data merge entity $(bone67) {transformation: [-0.0201f,0.1713f,-0.985f,-0.8137f,0.4947f,0.8579f,0.139f,0.7644f,0.8688f,-0.4845f,-0.102f,0.5668f,0f,0f,0f,1f],start_interpolation: 0,interpolation_duration: 0}
$data merge entity $(bone69) {transformation: [-0.282f,0.1167f,-0.9523f,-0.9071f,0.4205f,0.9072f,-0.0134f,0.2078f,0.8623f,-0.4042f,-0.3049f,0.7632f,0f,0f,0f,1f],start_interpolation: 0,interpolation_duration: 0}
$data merge entity $(bone72) {transformation: [0.9374f,0.2935f,0.1875f,-0.6255f,-0.2421f,0.1619f,0.9567f,0.1202f,0.2504f,-0.9421f,0.2228f,0.8052f,0f,0f,0f,1f],start_interpolation: 0,interpolation_duration: 0}
$data merge entity $(bone71) {transformation: [0.7315f,0.2935f,0.6154f,-0.7188f,-0.6725f,0.1619f,0.7222f,0.2082f,0.1123f,-0.9421f,0.3158f,0.7899f,0f,0f,0f,1f],start_interpolation: 0,interpolation_duration: 0}
$data merge entity $(bone70) {transformation: [0.477f,0.2935f,0.8285f,-0.781f,-0.8789f,0.1619f,0.4486f,0.3219f,-0.0025f,-0.9421f,0.3352f,0.7866f,0f,0f,0f,1f],start_interpolation: 0,interpolation_duration: 0}
$data merge entity $(bone81) {transformation: [-0.1036f,0.991f,0.0847f,-0.8329f,-0.504f,0.0211f,-0.8635f,-0.1868f,-0.8575f,-0.1321f,0.4973f,0.8846f,0f,0f,0f,1f],start_interpolation: 0,interpolation_duration: 0}
$data merge entity $(bone80) {transformation: [-0.0088f,0.991f,0.1335f,-0.8311f,-0.9752f,0.0211f,-0.2205f,0.0054f,-0.2214f,-0.1321f,0.9662f,0.9282f,0f,0f,0f,1f],start_interpolation: 0,interpolation_duration: 0}
$data merge entity $(bone73) {transformation: [0.0726f,0.991f,0.1124f,-0.8377f,-0.9144f,0.0211f,0.4044f,0.1389f,0.3984f,-0.1321f,0.9077f,0.8677f,0f,0f,0f,1f],start_interpolation: 0,interpolation_duration: 0}
$data merge entity $(bone84) {transformation: [-0.7085f,0.6958f,0.1176f,-1.2508f,0.1426f,-0.022f,0.9895f,0.0286f,0.6911f,0.7179f,-0.0837f,1.016f,0f,0f,0f,1f],start_interpolation: 0,interpolation_duration: 0}
$data merge entity $(bone83) {transformation: [-0.6832f,0.7134f,-0.1556f,-1.1406f,-0.2236f,-0.0016f,0.9747f,0.0644f,0.6951f,0.7007f,0.1606f,0.9131f,0f,0f,0f,1f],start_interpolation: 0,interpolation_duration: 0}
$data merge entity $(bone82) {transformation: [-0.6197f,0.7134f,-0.3272f,-1.0249f,-0.4683f,-0.0016f,0.8836f,0.1476f,0.6298f,0.7007f,0.335f,0.8016f,0f,0f,0f,1f],start_interpolation: 0,interpolation_duration: 0}
$data merge entity $(bone103) {transformation: [0.0248f,0.9496f,-0.3124f,-0.9976f,-0.9948f,-0.0073f,-0.1012f,-0.2043f,-0.0984f,0.3133f,0.9446f,1.0262f,0f,0f,0f,1f],start_interpolation: 0,interpolation_duration: 0}
$data merge entity $(bone102) {transformation: [-0.108f,0.9496f,-0.2941f,-0.9804f,-0.9461f,-0.0073f,0.3237f,-0.0179f,0.3053f,0.3133f,0.8993f,0.9647f,0f,0f,0f,1f],start_interpolation: 0,interpolation_duration: 0}
$data merge entity $(bone85) {transformation: [-0.2107f,0.9496f,-0.2319f,-0.9333f,-0.7548f,-0.0073f,0.6559f,0.1337f,0.6212f,0.3133f,0.7184f,0.8392f,0f,0f,0f,1f],start_interpolation: 0,interpolation_duration: 0}
$data merge entity $(bone64) {transformation: [0.985f,0.1602f,-0.0638f,-0.7614f,-0.139f,0.9567f,0.2558f,1.1001f,0.102f,-0.2431f,0.9646f,0.5039f,0f,0f,0f,1f],start_interpolation: 0,interpolation_duration: 0}
$data merge entity $(bone61) {transformation: [-0.8453f,0.4837f,0.2267f,-0.3501f,0.5165f,0.6317f,0.578f,1.5558f,0.1364f,0.6057f,-0.7839f,0.9871f,0f,0f,0f,1f],start_interpolation: 0,interpolation_duration: 0}
$data merge entity $(bone23) {transformation: [-0.7934f,-0.6088f,0f,0.1071f,-0.0874f,0.1139f,0.9896f,1.4788f,-0.6024f,0.7851f,-0.1436f,1.0114f,0f,0f,0f,1f],start_interpolation: 0,interpolation_duration: 0}
$data merge entity $(bone22) {transformation: [-0.7934f,0.6088f,0f,-0.1071f,0.0874f,0.1139f,0.9896f,1.4788f,0.6024f,0.7851f,-0.1436f,1.0114f,0f,0f,0f,1f],start_interpolation: 0,interpolation_duration: 0}
$data merge entity $(bone89) {transformation: [-1f,0.0072f,0.0007f,0.002f,0.0059f,0.7563f,0.6542f,2.1897f,0.0042f,0.6542f,-0.7563f,1.4179f,0f,0f,0f,1f],start_interpolation: 0,interpolation_duration: 0}
$data merge entity $(bone90) {transformation: [-1f,0.0069f,0.0019f,0.0013f,0.0059f,0.6312f,0.7756f,2.1201f,0.0042f,0.7756f,-0.6313f,1.3462f,0f,0f,0f,1f],start_interpolation: 0,interpolation_duration: 0}
$data merge entity $(bone88) {transformation: [-1f,0.0071f,0.0013f,0.0312f,0.0059f,0.6964f,0.7176f,1.9689f,0.0042f,0.7176f,-0.6964f,1.2443f,0f,0f,0f,1f],start_interpolation: 0,interpolation_duration: 0}
$data merge entity $(bone42) {transformation: [-1f,0f,0f,0f,0f,0.7305f,0.6829f,1.715f,0f,0.6829f,-0.7305f,1.6764f,0f,0f,0f,1f],start_interpolation: 0,interpolation_duration: 0}
$data merge entity $(bone87) {transformation: [-0.9998f,0.0157f,-0.0096f,-0.0044f,0.0047f,0.7217f,0.6922f,1.3206f,0.0178f,0.6921f,-0.7216f,2.2736f,0f,0f,0f,1f],start_interpolation: 0,interpolation_duration: 0}
$data merge entity $(bone86) {transformation: [-1f,0f,0f,0f,0f,0.7946f,0.6071f,1.4552f,0f,0.6071f,-0.7946f,2.0893f,0f,0f,0f,1f],start_interpolation: 0,interpolation_duration: 0}
$data merge entity $(bone92) {transformation: [-0.8818f,0.2593f,-0.3939f,0.1194f,-0.0186f,0.8155f,0.5784f,1.7915f,0.4713f,0.5174f,-0.7143f,1.7088f,0f,0f,0f,1f],start_interpolation: 0,interpolation_duration: 0}
$data merge entity $(bone3) {transformation: [-0.8818f,-0.2593f,0.3939f,-0.1194f,0.0186f,0.8155f,0.5784f,1.7915f,-0.4713f,0.5174f,-0.7143f,1.7088f,0f,0f,0f,1f],start_interpolation: 0,interpolation_duration: 0}
$data merge entity $(head) {transformation: [-1f,0f,0f,0f,0f,0.8253f,0.5647f,1.692f,0f,0.5647f,-0.8253f,1.4941f,0f,0f,0f,1f],start_interpolation: 0,interpolation_duration: 0}
$data merge entity $(neck) {transformation: [-1f,0f,0f,0f,0f,0.6511f,0.759f,1.5822f,0f,0.759f,-0.6511f,1.366f,0f,0f,0f,1f],start_interpolation: 0,interpolation_duration: 0}
$data merge entity $(bone2) {transformation: [-1f,0f,0f,0f,0f,0.1436f,0.9896f,1.5159f,0f,0.9896f,-0.1436f,1.055f,0f,0f,0f,1f],start_interpolation: 0,interpolation_duration: 0}
$data merge entity $(bone136) {transformation: [-1f,0f,0f,0f,0f,0.1952f,0.9831f,1.4951f,0f,0.9808f,-0.1957f,0.8594f,0f,0f,0f,1f],start_interpolation: 0,interpolation_duration: 0}
$data merge entity $(bone118) {transformation: [-0.078f,-0.849f,-0.5226f,0.2574f,0.9919f,-0.1186f,0.0445f,1.6564f,-0.0997f,-0.5149f,0.8514f,0.7705f,0f,0f,0f,1f],start_interpolation: 0,interpolation_duration: 0}
$data merge entity $(bone119) {transformation: [-0.1412f,-0.849f,-0.5092f,0.7349f,0.99f,-0.1186f,-0.0767f,1.6919f,0.0048f,-0.5149f,0.8572f,-0.0365f,0f,0f,0f,1f],start_interpolation: 0,interpolation_duration: 0}
$data merge entity $(bone120) {transformation: [-0.4933f,-0.849f,0.1893f,1.6216f,-0.1713f,-0.1186f,-0.9781f,0.9703f,0.8528f,-0.5149f,-0.0869f,0.6262f,0f,0f,0f,1f],start_interpolation: 0,interpolation_duration: 0}
$data merge entity $(bone121) {transformation: [0f,0f,0f,0.9856f,0f,0f,0f,1.7997f,0f,0f,0f,-0.4632f,0f,0f,0f,1f],start_interpolation: 0,interpolation_duration: 0}
$data merge entity $(bone123) {transformation: [-0.0075f,-1.7316f,-1.0632f,0.9416f,1.9957f,-0.2062f,0.3218f,1.1892f,-0.3821f,-1.0431f,1.7014f,2.3678f,0f,0f,0f,1f],start_interpolation: 0,interpolation_duration: 0}
$data merge entity $(bone124) {transformation: [-0.139f,-0.8522f,-0.5045f,0.7257f,0.9897f,-0.1015f,-0.1012f,2.6676f,0.0351f,-0.5133f,0.8575f,-0.2539f,0f,0f,0f,1f],start_interpolation: 0,interpolation_duration: 0}
$data merge entity $(bone122) {transformation: [-0.408f,-1.313f,-0.6954f,0.5523f,1.4326f,-0.1564f,-0.5453f,2.6409f,0.3941f,-0.7909f,1.2622f,0.0375f,0f,0f,0f,1f],start_interpolation: 0,interpolation_duration: 0}
$data merge entity $(bone126) {transformation: [0.2545f,-0.8522f,-0.4572f,1.1501f,0.7768f,-0.1015f,0.6215f,1.9721f,-0.576f,-0.5133f,0.6362f,-0.8199f,0f,0f,0f,1f],start_interpolation: 0,interpolation_duration: 0}
$data merge entity $(bone127) {transformation: [0.1274f,-0.8522f,-0.5075f,0.8008f,0.9112f,-0.1015f,0.3992f,2.3513f,-0.3917f,-0.5133f,0.7636f,-0.316f,0f,0f,0f,1f],start_interpolation: 0,interpolation_duration: 0}
$data merge entity $(bone125) {transformation: [-0.0116f,-1.1946f,-0.7335f,0.6319f,1.3787f,-0.1423f,0.21f,2.5012f,-0.2534f,-0.7196f,1.1761f,-0.058f,0f,0f,0f,1f],start_interpolation: 0,interpolation_duration: 0}
$data merge entity $(bone129) {transformation: [1.023f,-1.5891f,-0.2532f,0.4456f,0.1516f,-0.1893f,1.9979f,3.7061f,-1.7282f,-0.9573f,0.0254f,2.6936f,0f,0f,0f,1f],start_interpolation: 0,interpolation_duration: 0}
$data merge entity $(bone130) {transformation: [0.5243f,-0.8522f,-0.2108f,0.8714f,0.2296f,-0.1015f,1.0496f,1.5158f,-0.9158f,-0.5133f,0.1425f,-0.2681f,0f,0f,0f,1f],start_interpolation: 0,interpolation_duration: 0}
$data merge entity $(bone131) {transformation: [0.4398f,-0.8522f,-0.3549f,0.7137f,0.5265f,-0.1015f,0.9366f,2.0883f,-0.8342f,-0.5133f,0.404f,-0.1195f,0f,0f,0f,1f],start_interpolation: 0,interpolation_duration: 0}
$data merge entity $(bone128) {transformation: [0.351f,-0.8984f,-0.4814f,0.5998f,0.7917f,-0.107f,0.8101f,2.3861f,-0.7392f,-0.5412f,0.639f,0.0001f,0f,0f,0f,1f],start_interpolation: 0,interpolation_duration: 0}
$data merge entity $(bone132) {transformation: [-0.2368f,-0.8522f,-0.4666f,0.475f,0.9496f,-0.1015f,-0.2965f,2.5129f,0.2053f,-0.5133f,0.8333f,0.2051f,0f,0f,0f,1f],start_interpolation: 0,interpolation_duration: 0}
$data merge entity $(bone133) {transformation: [-0.414f,-1.4467f,-0.6892f,0.5391f,1.6605f,-0.1723f,-0.4379f,2.5349f,0.359f,-0.8715f,1.2307f,0.1059f,0f,0f,0f,1f],start_interpolation: 0,interpolation_duration: 0}
$data merge entity $(w5) {transformation: [-0.2368f,-0.8522f,-0.4666f,0.549f,0.9496f,-0.1015f,-0.2965f,2.4681f,0.2053f,-0.5133f,0.8333f,0.1158f,0f,0f,0f,1f],start_interpolation: 0,interpolation_duration: 0}
$data merge entity $(w2) {transformation: [-0.5127f,-0.849f,-0.1279f,0.7084f,0.4207f,-0.1186f,-0.8994f,1.7078f,0.7484f,-0.5149f,0.418f,-0.0199f,0f,0f,0f,1f],start_interpolation: 0,interpolation_duration: 0}
$data merge entity $(wing3) {transformation: [-0.078f,-0.849f,-0.5226f,0.2175f,0.9919f,-0.1186f,0.0445f,1.7598f,-0.0997f,-0.5149f,0.8514f,0.7775f,0f,0f,0f,1f],start_interpolation: 0,interpolation_duration: 0}
$data merge entity $(bone104) {transformation: [-0.078f,0.849f,0.5226f,-0.2574f,-0.9919f,-0.1186f,0.0445f,1.6564f,0.0997f,-0.5149f,0.8514f,0.7705f,0f,0f,0f,1f],start_interpolation: 0,interpolation_duration: 0}
$data merge entity $(bone105) {transformation: [-0.1412f,0.849f,0.5092f,-0.7349f,-0.99f,-0.1186f,-0.0767f,1.6919f,-0.0048f,-0.5149f,0.8572f,-0.0365f,0f,0f,0f,1f],start_interpolation: 0,interpolation_duration: 0}
$data merge entity $(bone106) {transformation: [-0.4933f,0.849f,-0.1893f,-1.6216f,0.1713f,-0.1186f,-0.9781f,0.9703f,-0.8528f,-0.5149f,-0.0869f,0.6262f,0f,0f,0f,1f],start_interpolation: 0,interpolation_duration: 0}
$data merge entity $(bone107) {transformation: [0f,0f,0f,-0.9856f,0f,0f,0f,1.7997f,0f,0f,0f,-0.4632f,0f,0f,0f,1f],start_interpolation: 0,interpolation_duration: 0}
$data merge entity $(bone109) {transformation: [0.0115f,1.7316f,0.9993f,-0.9718f,-1.8305f,-0.2062f,0.2679f,1.3007f,0.381f,-1.0431f,1.6059f,2.2955f,0f,0f,0f,1f],start_interpolation: 0,interpolation_duration: 0}
$data merge entity $(bone110) {transformation: [-0.1218f,0.8522f,0.4765f,-0.716f,-0.9043f,-0.1015f,-0.1058f,2.6698f,-0.0234f,-0.5133f,0.8119f,-0.2383f,0f,0f,0f,1f],start_interpolation: 0,interpolation_duration: 0}
$data merge entity $(bone108) {transformation: [-0.3713f,1.313f,0.6606f,-0.5523f,-1.3036f,-0.1564f,-0.5181f,2.6409f,-0.3587f,-0.7909f,1.1991f,0.0375f,0f,0f,0f,1f],start_interpolation: 0,interpolation_duration: 0}
$data merge entity $(bone112) {transformation: [0.2545f,0.8522f,0.4572f,-1.1501f,-0.7768f,-0.1015f,0.6215f,1.9721f,0.576f,-0.5133f,0.6362f,-0.8199f,0f,0f,0f,1f],start_interpolation: 0,interpolation_duration: 0}
$data merge entity $(bone113) {transformation: [0.1274f,0.8522f,0.5075f,-0.8008f,-0.9112f,-0.1015f,0.3992f,2.3513f,0.3917f,-0.5133f,0.7636f,-0.316f,0f,0f,0f,1f],start_interpolation: 0,interpolation_duration: 0}
$data merge entity $(bone111) {transformation: [-0.0116f,1.1946f,0.7335f,-0.6319f,-1.3787f,-0.1423f,0.21f,2.5012f,0.2534f,-0.7196f,1.1761f,-0.058f,0f,0f,0f,1f],start_interpolation: 0,interpolation_duration: 0}
$data merge entity $(bone115) {transformation: [1.023f,1.5891f,0.2532f,-0.4456f,-0.1516f,-0.1893f,1.9979f,3.7061f,1.7282f,-0.9573f,0.0254f,2.6936f,0f,0f,0f,1f],start_interpolation: 0,interpolation_duration: 0}
$data merge entity $(bone116) {transformation: [0.5243f,0.8522f,0.2108f,-0.8714f,-0.2296f,-0.1015f,1.0496f,1.5158f,0.9158f,-0.5133f,0.1425f,-0.2681f,0f,0f,0f,1f],start_interpolation: 0,interpolation_duration: 0}
$data merge entity $(bone117) {transformation: [0.4398f,0.8522f,0.3549f,-0.7137f,-0.5265f,-0.1015f,0.9366f,2.0883f,0.8342f,-0.5133f,0.404f,-0.1195f,0f,0f,0f,1f],start_interpolation: 0,interpolation_duration: 0}
$data merge entity $(bone114) {transformation: [0.351f,0.8984f,0.4814f,-0.5998f,-0.7917f,-0.107f,0.8101f,2.3861f,0.7392f,-0.5412f,0.639f,0.0001f,0f,0f,0f,1f],start_interpolation: 0,interpolation_duration: 0}
$data merge entity $(bone134) {transformation: [-0.2368f,0.8522f,0.4666f,-0.475f,-0.9496f,-0.1015f,-0.2965f,2.5129f,-0.2053f,-0.5133f,0.8333f,0.2051f,0f,0f,0f,1f],start_interpolation: 0,interpolation_duration: 0}
$data merge entity $(bone135) {transformation: [-0.414f,1.4467f,0.6892f,-0.5391f,-1.6605f,-0.1723f,-0.4379f,2.5349f,-0.359f,-0.8715f,1.2307f,0.1059f,0f,0f,0f,1f],start_interpolation: 0,interpolation_duration: 0}
$data merge entity $(w4) {transformation: [-0.2368f,0.8522f,0.4666f,-0.549f,-0.9496f,-0.1015f,-0.2965f,2.4681f,-0.2053f,-0.5133f,0.8333f,0.1158f,0f,0f,0f,1f],start_interpolation: 0,interpolation_duration: 0}
$data merge entity $(w3) {transformation: [-0.5127f,0.849f,0.1279f,-0.7084f,-0.4207f,-0.1186f,-0.8994f,1.7078f,-0.7484f,-0.5149f,0.418f,-0.0199f,0f,0f,0f,1f],start_interpolation: 0,interpolation_duration: 0}
$data merge entity $(wing2) {transformation: [-0.078f,0.849f,0.5226f,-0.2175f,-0.9919f,-0.1186f,0.0445f,1.7598f,0.0997f,-0.5149f,0.8514f,0.7775f,0f,0f,0f,1f],start_interpolation: 0,interpolation_duration: 0}
$data merge entity $(bone20) {transformation: [-1f,0f,0f,-0.1563f,0f,-0.1606f,0.987f,1.5071f,0f,0.987f,0.1606f,0.3246f,0f,0f,0f,1f],start_interpolation: 0,interpolation_duration: 0}
$data merge entity $(bone101) {transformation: [-1f,0f,0f,0f,0f,-0.3432f,0.9393f,1.2108f,0f,0.9393f,0.3432f,-2.6323f,0f,0f,0f,1f],start_interpolation: 0,interpolation_duration: 0}
$data merge entity $(bone100) {transformation: [-1f,0f,0f,0f,0f,0.0906f,0.9959f,0.7601f,0f,0.9959f,-0.0906f,-2.5851f,0f,0f,0f,1f],start_interpolation: 0,interpolation_duration: 0}
$data merge entity $(bone99) {transformation: [-1f,0f,0f,0f,0f,0.4196f,0.9077f,0.3006f,0f,0.9077f,-0.4196f,-2.3726f,0f,0f,0f,1f],start_interpolation: 0,interpolation_duration: 0}
$data merge entity $(bone98) {transformation: [-1f,0f,0f,0f,0f,0.8636f,0.5042f,0.0516f,0f,0.5042f,-0.8636f,-1.9462f,0f,0f,0f,1f],start_interpolation: 0,interpolation_duration: 0}
$data merge entity $(bone97) {transformation: [-1f,0f,0f,0f,0f,0.9914f,-0.1312f,0.1188f,0f,-0.1312f,-0.9914f,-1.4382f,0f,0f,0f,1f],start_interpolation: 0,interpolation_duration: 0}
$data merge entity $(bone96) {transformation: [-1f,0f,0f,0f,0f,0.8657f,-0.5005f,0.3691f,0f,-0.5005f,-0.8657f,-1.0053f,0f,0f,0f,1f],start_interpolation: 0,interpolation_duration: 0}
$data merge entity $(bone95) {transformation: [-1f,0f,0f,0f,0f,0.6751f,-0.7377f,0.7333f,0f,-0.7377f,-0.6751f,-0.672f,0f,0f,0f,1f],start_interpolation: 0,interpolation_duration: 0}
$data merge entity $(bone94) {transformation: [-1f,0f,0f,0f,0f,0.6083f,-0.7937f,1.1252f,0f,-0.7937f,-0.6083f,-0.3717f,0f,0f,0f,1f],start_interpolation: 0,interpolation_duration: 0}
$data merge entity $(bone93) {transformation: [-1f,0f,0f,0f,0f,0.7368f,-0.6761f,1.3809f,0f,-0.6761f,-0.7368f,-0.093f,0f,0f,0f,1f],start_interpolation: 0,interpolation_duration: 0}
$data merge entity $(bone) {transformation: [-1f,0f,0f,0f,0f,0.5373f,0.8434f,1.2886f,0f,0.8434f,-0.5373f,-0.0343f,0f,0f,0f,1f],start_interpolation: 0,interpolation_duration: 0}
$data merge entity $(bone24) {transformation: [-0.9666f,-0.2559f,-0.0138f,0.1031f,-0.2557f,0.9595f,0.1181f,1.23f,-0.017f,0.1177f,-0.9929f,-0.0352f,0f,0f,0f,1f],start_interpolation: 0,interpolation_duration: 0}
$data merge entity $(bone32) {transformation: [-0.9975f,-0.0411f,-0.0568f,0.2244f,-0.0678f,0.3588f,0.931f,0.5987f,-0.0179f,0.9325f,-0.3607f,-0.3577f,0f,0f,0f,1f],start_interpolation: 0,interpolation_duration: 0}
$data merge entity $(bone36) {transformation: [-0.9987f,-0.0426f,-0.029f,0.3387f,-0.0397f,0.9947f,-0.0946f,0.2657f,0.0328f,-0.0933f,-0.9951f,-1.0426f,0f,0f,0f,1f],start_interpolation: 0,interpolation_duration: 0}
$data merge entity $(bone35) {transformation: [-0.9987f,-0.0224f,-0.0464f,0.2967f,-0.0397f,0.9087f,0.4155f,0.3977f,0.0328f,0.4168f,-0.9084f,-0.9757f,0f,0f,0f,1f],start_interpolation: 0,interpolation_duration: 0}
$data merge entity $(bone34) {transformation: [-0.9987f,-0.0161f,-0.0489f,0.2964f,-0.0397f,0.8467f,0.5305f,0.4801f,0.0328f,0.5318f,-0.8463f,-0.9264f,0f,0f,0f,1f],start_interpolation: 0,interpolation_duration: 0}
$data merge entity $(bone77) {transformation: [-0.9278f,0.3729f,0.0124f,0.1039f,-0.0314f,-0.0449f,-0.9985f,0.0698f,-0.3718f,-0.9268f,0.0533f,-0.3584f,0f,0f,0f,1f],start_interpolation: 0,interpolation_duration: 0}
$data merge entity $(bone75) {transformation: [-0.9278f,0.3729f,0.0124f,0.1695f,-0.0314f,-0.0449f,-0.9985f,0.0633f,-0.3718f,-0.9268f,0.0533f,-0.5325f,0f,0f,0f,1f],start_interpolation: 0,interpolation_duration: 0}
$data merge entity $(bone39) {transformation: [-0.9278f,0.3729f,0.0124f,0.2345f,-0.0314f,-0.0449f,-0.9985f,0.0536f,-0.3718f,-0.9268f,0.0533f,-0.6901f,0f,0f,0f,1f],start_interpolation: 0,interpolation_duration: 0}
$data merge entity $(bone76) {transformation: [-0.9662f,-0.2579f,-0.0013f,0.4944f,0.002f,-0.0024f,-1f,0.0552f,0.2579f,-0.9662f,0.0028f,-0.3294f,0f,0f,0f,1f],start_interpolation: 0,interpolation_duration: 0}
$data merge entity $(bone74) {transformation: [-0.9662f,-0.2579f,-0.0013f,0.4822f,0.002f,-0.0024f,-1f,0.0638f,0.2579f,-0.9662f,0.0028f,-0.5259f,0f,0f,0f,1f],start_interpolation: 0,interpolation_duration: 0}
$data merge entity $(bone40) {transformation: [-0.9662f,-0.2579f,-0.0013f,0.4369f,0.002f,-0.0024f,-1f,0.0613f,0.2579f,-0.9662f,0.0028f,-0.6905f,0f,0f,0f,1f],start_interpolation: 0,interpolation_duration: 0}
$data merge entity $(bone79) {transformation: [-0.9982f,0.0549f,0.0252f,0.3047f,-0.0255f,-0.0044f,-0.9997f,0.0608f,-0.0547f,-0.9985f,0.0058f,-0.2921f,0f,0f,0f,1f],start_interpolation: 0,interpolation_duration: 0}
$data merge entity $(bone78) {transformation: [-0.9982f,0.0549f,0.0252f,0.3197f,-0.0255f,-0.0044f,-0.9997f,0.062f,-0.0547f,-0.9985f,0.0058f,-0.4924f,0f,0f,0f,1f],start_interpolation: 0,interpolation_duration: 0}
$data merge entity $(bone41) {transformation: [-0.9982f,0.0549f,0.0252f,0.3293f,-0.0255f,-0.0044f,-0.9997f,0.0591f,-0.0547f,-0.9985f,0.0058f,-0.6914f,0f,0f,0f,1f],start_interpolation: 0,interpolation_duration: 0}
$data merge entity $(bone38) {transformation: [-0.9997f,-0.0144f,0.0174f,0.3363f,-0.0212f,0.8672f,-0.4975f,0.3081f,-0.008f,-0.4977f,-0.8673f,-0.8088f,0f,0f,0f,1f],start_interpolation: 0,interpolation_duration: 0}
$data merge entity $(bone33) {transformation: [-0.9984f,-0.053f,-0.0202f,0.312f,-0.0566f,0.9074f,0.4163f,0.5485f,-0.0037f,0.4168f,-0.909f,-0.6977f,0f,0f,0f,1f],start_interpolation: 0,interpolation_duration: 0}
$data merge entity $(bone31) {transformation: [-0.9975f,-0.0311f,-0.0628f,0.2821f,-0.0678f,0.2002f,0.9774f,0.5922f,-0.0179f,0.9793f,-0.2018f,0.1659f,0f,0f,0f,1f],start_interpolation: 0,interpolation_duration: 0}
$data merge entity $(bone19) {transformation: [-0.9852f,-0.1694f,0.0249f,0.1713f,-0.1711f,0.9796f,-0.105f,1.2375f,-0.0066f,-0.1077f,-0.9942f,-0.0343f,0f,0f,0f,1f],start_interpolation: 0,interpolation_duration: 0}
$data merge entity $(bone44) {transformation: [-0.7967f,0.5409f,0.2697f,-0.1115f,0.1712f,0.6299f,-0.7576f,1.2315f,-0.5797f,-0.5574f,-0.5944f,-0.0011f,0f,0f,0f,1f],start_interpolation: 0,interpolation_duration: 0}
$data merge entity $(bone46) {transformation: [-0.8903f,-0.2284f,0.3939f,-0.2923f,0.0674f,0.7895f,0.6101f,0.7792f,-0.4503f,0.5697f,-0.6875f,0.1276f,0f,0f,0f,1f],start_interpolation: 0,interpolation_duration: 0}
$data merge entity $(bone50) {transformation: [-0.8721f,-0.1329f,0.4709f,-0.0813f,0.0324f,0.9446f,0.3266f,0.3324f,-0.4883f,0.3001f,-0.8195f,-0.5316f,0f,0f,0f,1f],start_interpolation: 0,interpolation_duration: 0}
$data merge entity $(bone49) {transformation: [-0.8721f,-0.3506f,0.3414f,-0.101f,0.0324f,0.6547f,0.7552f,0.4256f,-0.4883f,0.6697f,-0.5596f,-0.4108f,0f,0f,0f,1f],start_interpolation: 0,interpolation_duration: 0}
$data merge entity $(bone48) {transformation: [-0.8721f,-0.3921f,0.2927f,-0.1392f,0.0324f,0.5505f,0.8342f,0.4802f,-0.4883f,0.737f,-0.4674f,-0.3417f,0f,0f,0f,1f],start_interpolation: 0,interpolation_duration: 0}
$data merge entity $(bone54) {transformation: [-0.9811f,0.1926f,-0.0211f,-0.2579f,0.0075f,-0.0715f,-0.9974f,0.0677f,-0.1936f,-0.9787f,0.0687f,0.2159f,0f,0f,0f,1f],start_interpolation: 0,interpolation_duration: 0}
$data merge entity $(bone53) {transformation: [-0.9811f,0.1926f,-0.0211f,-0.2181f,0.0075f,-0.0715f,-0.9974f,0.0564f,-0.1936f,-0.9787f,0.0687f,0.0344f,0f,0f,0f,1f],start_interpolation: 0,interpolation_duration: 0}
$data merge entity $(bone52) {transformation: [-0.9811f,0.1926f,-0.0211f,-0.1866f,0.0075f,-0.0715f,-0.9974f,0.0421f,-0.1936f,-0.9787f,0.0687f,-0.1328f,0f,0f,0f,1f],start_interpolation: 0,interpolation_duration: 0}
$data merge entity $(bone57) {transformation: [-0.7291f,0.6843f,-0.0128f,-0.5872f,-0.0022f,-0.0211f,-0.9998f,0.0569f,-0.6844f,-0.7289f,0.0168f,0.0645f,0f,0f,0f,1f],start_interpolation: 0,interpolation_duration: 0}
$data merge entity $(bone56) {transformation: [-0.7291f,0.6843f,-0.0128f,-0.4834f,-0.0022f,-0.0211f,-0.9998f,0.0619f,-0.6844f,-0.7289f,0.0168f,-0.1029f,0f,0f,0f,1f],start_interpolation: 0,interpolation_duration: 0}
$data merge entity $(bone55) {transformation: [-0.7291f,0.6843f,-0.0128f,-0.3656f,-0.0022f,-0.0211f,-0.9998f,0.0562f,-0.6844f,-0.7289f,0.0168f,-0.2265f,0f,0f,0f,1f],start_interpolation: 0,interpolation_duration: 0}
$data merge entity $(bone60) {transformation: [-0.8816f,0.4698f,-0.0454f,-0.4557f,0.0205f,-0.0581f,-0.9981f,0.0739f,-0.4716f,-0.8808f,0.0416f,0.1762f,0f,0f,0f,1f],start_interpolation: 0,interpolation_duration: 0}
$data merge entity $(bone59) {transformation: [-0.8816f,0.4698f,-0.0454f,-0.3647f,0.0205f,-0.0581f,-0.9981f,0.0643f,-0.4716f,-0.8808f,0.0416f,-0.0026f,0f,0f,0f,1f],start_interpolation: 0,interpolation_duration: 0}
$data merge entity $(bone58) {transformation: [-0.8816f,0.4698f,-0.0454f,-0.2701f,0.0205f,-0.0581f,-0.9981f,0.0507f,-0.4716f,-0.8808f,0.0416f,-0.1774f,0f,0f,0f,1f],start_interpolation: 0,interpolation_duration: 0}
$data merge entity $(bone51) {transformation: [-0.8883f,0.209f,0.4091f,-0.2317f,0.0512f,0.9301f,-0.3638f,0.3144f,-0.4565f,-0.3022f,-0.8368f,-0.2471f,0f,0f,0f,1f],start_interpolation: 0,interpolation_duration: 0}
$data merge entity $(bone47) {transformation: [-0.8883f,-0.1262f,0.4417f,-0.2563f,0.0512f,0.9283f,0.3682f,0.5604f,-0.4565f,0.3497f,-0.8181f,-0.1491f,0f,0f,0f,1f],start_interpolation: 0,interpolation_duration: 0}
$data merge entity $(bone45) {transformation: [-0.8903f,-0.2902f,0.3508f,-0.5399f,0.0674f,0.678f,0.732f,1.0446f,-0.4503f,0.6754f,-0.584f,0.5095f,0f,0f,0f,1f],start_interpolation: 0,interpolation_duration: 0}
$data merge entity $(bone43) {transformation: [-0.8408f,0.5181f,0.1572f,-0.1713f,0.1157f,0.4555f,-0.8827f,1.2375f,-0.5289f,-0.724f,-0.4429f,-0.0343f,0f,0f,0f,1f],start_interpolation: 0,interpolation_duration: 0}