# This file was generated by Animated Java via MC-Build. It is not recommended to edit this file directly.
$data merge entity $(bone5) {transformation: [-0.9947f,-0.1024f,-0.0001f,0.3853f,-0.095f,0.9226f,0.374f,1.4482f,-0.0382f,0.372f,-0.9274f,0.9726f,0f,0f,0f,1f],start_interpolation: 0,interpolation_duration: 0}
$data merge entity $(bone6) {transformation: [0.0278f,-0.2637f,-0.9642f,0.4947f,-0.4654f,0.8502f,-0.246f,1.2214f,0.8847f,0.4556f,-0.0991f,0.8899f,0f,0f,0f,1f],start_interpolation: 0,interpolation_duration: 0}
$data merge entity $(bone8) {transformation: [-0.2641f,-0.0665f,0.9622f,0.6394f,-0.1082f,0.9934f,0.039f,0.5422f,-0.9584f,-0.0938f,-0.2695f,0.7398f,0f,0f,0f,1f],start_interpolation: 0,interpolation_duration: 0}
$data merge entity $(bone9) {transformation: [-0.2641f,-0.0665f,0.9622f,0.7994f,-0.1082f,0.9934f,0.039f,0.7142f,-0.9584f,-0.0938f,-0.2695f,0.6687f,0f,0f,0f,1f],start_interpolation: 0,interpolation_duration: 0}
$data merge entity $(bone10) {transformation: [-0.2319f,-0.1429f,0.9622f,0.6212f,-0.4019f,0.9149f,0.039f,0.5323f,-0.8859f,-0.3776f,-0.2695f,0.7165f,0f,0f,0f,1f],start_interpolation: 0,interpolation_duration: 0}
$data merge entity $(bone12) {transformation: [-0.1654f,-0.5281f,0.8329f,0.769f,-0.9165f,0.3943f,0.0679f,0.0379f,-0.3643f,-0.7521f,-0.5492f,0.9437f,0f,0f,0f,1f],start_interpolation: 0,interpolation_duration: 0}
$data merge entity $(bone15) {transformation: [0.9837f,-0.0996f,0.1496f,0.3672f,-0.1697f,-0.2408f,0.9556f,0.0371f,-0.0591f,-0.9655f,-0.2538f,0.9904f,0f,0f,0f,1f],start_interpolation: 0,interpolation_duration: 0}
$data merge entity $(bone14) {transformation: [0.9878f,-0.0996f,-0.1197f,0.4944f,0.0928f,-0.2408f,0.9661f,0.05f,-0.125f,-0.9655f,-0.2286f,0.9728f,0f,0f,0f,1f],start_interpolation: 0,interpolation_duration: 0}
$data merge entity $(bone13) {transformation: [0.8873f,-0.0996f,-0.4503f,0.6098f,0.4176f,-0.2408f,0.8761f,0.1019f,-0.1957f,-0.9655f,-0.1721f,0.9446f,0f,0f,0f,1f],start_interpolation: 0,interpolation_duration: 0}
$data merge entity $(bone18) {transformation: [-0.0284f,-0.9978f,-0.0605f,0.7416f,0.8723f,0.0048f,-0.4889f,-0.2894f,0.4881f,-0.0667f,0.8702f,1.1947f,0f,0f,0f,1f],start_interpolation: 0,interpolation_duration: 0}
$data merge entity $(bone17) {transformation: [0.0171f,-0.9978f,-0.0646f,0.745f,0.9825f,0.0048f,0.1862f,-0.0959f,-0.1855f,-0.0667f,0.9804f,1.1582f,0f,0f,0f,1f],start_interpolation: 0,interpolation_duration: 0}
$data merge entity $(bone16) {transformation: [0.0368f,-0.9978f,-0.0558f,0.7461f,0.8722f,0.0048f,0.4891f,0.0313f,-0.4877f,-0.0667f,0.8705f,1.0849f,0f,0f,0f,1f],start_interpolation: 0,interpolation_duration: 0}
$data merge entity $(bone27) {transformation: [-0.8388f,-0.5364f,-0.0928f,1.187f,-0.0854f,-0.0387f,0.9956f,0.0305f,-0.5377f,0.8431f,-0.0133f,1.1421f,0f,0f,0f,1f],start_interpolation: 0,interpolation_duration: 0}
$data merge entity $(bone26) {transformation: [-0.8265f,-0.5569f,-0.0823f,1.0554f,-0.0823f,-0.0252f,0.9963f,0.0188f,-0.5569f,0.8302f,-0.025f,1.0613f,0f,0f,0f,1f],start_interpolation: 0,interpolation_duration: 0}
$data merge entity $(bone25) {transformation: [-0.8196f,-0.5569f,0.1344f,0.9044f,0.1784f,-0.0252f,0.9836f,0.0493f,-0.5444f,0.8302f,0.12f,0.9661f,0f,0f,0f,1f],start_interpolation: 0,interpolation_duration: 0}
$data merge entity $(bone30) {transformation: [0.0932f,-0.8767f,0.472f,0.9347f,0.9627f,-0.0416f,-0.2673f,-0.3011f,0.254f,0.4793f,0.8401f,1.1928f,0f,0f,0f,1f],start_interpolation: 0,interpolation_duration: 0}
$data merge entity $(bone29) {transformation: [-0.1592f,-0.8767f,0.454f,0.9071f,0.9652f,-0.0416f,0.2583f,-0.1108f,-0.2075f,0.4793f,0.8528f,1.1498f,0f,0f,0f,1f],start_interpolation: 0,interpolation_duration: 0}
$data merge entity $(bone28) {transformation: [-0.352f,-0.8767f,0.3279f,0.8315f,0.7345f,-0.0416f,0.6773f,0.0365f,-0.5802f,0.4793f,0.6586f,1.0334f,0f,0f,0f,1f],start_interpolation: 0,interpolation_duration: 0}
$data merge entity $(bone7) {transformation: [0.9622f,-0.078f,0.261f,0.6016f,0.039f,0.9877f,0.1514f,0.8763f,-0.2695f,-0.1355f,0.9534f,0.6902f,0f,0f,0f,1f],start_interpolation: 0,interpolation_duration: 0}
$data merge entity $(bone4) {transformation: [-0.9642f,-0.2652f,-0.0001f,0.3501f,-0.246f,0.8942f,0.374f,1.5536f,-0.0991f,0.3606f,-0.9274f,0.9872f,0f,0f,0f,1f],start_interpolation: 0,interpolation_duration: 0}
$data merge entity $(bone62) {transformation: [-0.9138f,0.3364f,0.2277f,-0.414f,0.4047f,0.7063f,0.5808f,1.4734f,0.0345f,0.6229f,-0.7815f,0.9421f,0f,0f,0f,1f],start_interpolation: 0,interpolation_duration: 0}
$data merge entity $(bone63) {transformation: [0.2769f,0.4561f,0.8457f,-0.5773f,0.6435f,0.5657f,-0.5158f,1.3253f,-0.7136f,0.687f,-0.1368f,0.7948f,0f,0f,0f,1f],start_interpolation: 0,interpolation_duration: 0}
$data merge entity $(bone65) {transformation: [-0.0714f,0.1577f,-0.9849f,-0.8253f,0.2159f,0.9665f,0.1391f,0.7778f,0.9738f,-0.2027f,-0.1031f,0.5904f,0f,0f,0f,1f],start_interpolation: 0,interpolation_duration: 0}
$data merge entity $(bone66) {transformation: [-0.0714f,0.1577f,-0.9849f,-0.9756f,0.2159f,0.9665f,0.1391f,0.9625f,0.9738f,-0.2027f,-0.1031f,0.5309f,0f,0f,0f,1f],start_interpolation: 0,interpolation_duration: 0}
$data merge entity $(bone67) {transformation: [-0.0207f,0.1718f,-0.9849f,-0.8129f,0.4965f,0.8568f,0.1391f,0.7639f,0.8678f,-0.4862f,-0.1031f,0.5653f,0f,0f,0f,1f],start_interpolation: 0,interpolation_duration: 0}
$data merge entity $(bone69) {transformation: [-0.2827f,0.1169f,-0.9521f,-0.9065f,0.4216f,0.9067f,-0.0138f,0.2078f,0.8616f,-0.4053f,-0.3056f,0.7627f,0f,0f,0f,1f],start_interpolation: 0,interpolation_duration: 0}
$data merge entity $(bone72) {transformation: [0.9379f,0.2942f,0.1839f,-0.625f,-0.2383f,0.1607f,0.9578f,0.1202f,0.2523f,-0.9421f,0.2208f,0.805f,0f,0f,0f,1f],start_interpolation: 0,interpolation_duration: 0}
$data merge entity $(bone71) {transformation: [0.7315f,0.2942f,0.6151f,-0.7183f,-0.6723f,0.1607f,0.7226f,0.2082f,0.1138f,-0.9421f,0.3154f,0.7896f,0f,0f,0f,1f],start_interpolation: 0,interpolation_duration: 0}
$data merge entity $(bone70) {transformation: [0.477f,0.2942f,0.8282f,-0.7805f,-0.8789f,0.1607f,0.4491f,0.3218f,-0.001f,-0.9421f,0.3352f,0.7861f,0f,0f,0f,1f],start_interpolation: 0,interpolation_duration: 0}
$data merge entity $(bone81) {transformation: [-0.1055f,0.9918f,0.0724f,-0.8343f,-0.4261f,0.0207f,-0.9044f,-0.1867f,-0.8985f,-0.1263f,0.4204f,0.8716f,0f,0f,0f,1f],start_interpolation: 0,interpolation_duration: 0}
$data merge entity $(bone80) {transformation: [-0.0133f,0.9918f,0.1273f,-0.8316f,-0.9648f,0.0207f,-0.262f,0.0034f,-0.2625f,-0.1263f,0.9566f,0.9233f,0f,0f,0f,1f],start_interpolation: 0,interpolation_duration: 0}
$data merge entity $(bone73) {transformation: [0.0661f,0.9918f,0.1096f,-0.8372f,-0.9279f,0.0207f,0.3722f,0.1389f,0.3669f,-0.1263f,0.9216f,0.8674f,0f,0f,0f,1f],start_interpolation: 0,interpolation_duration: 0}
$data merge entity $(bone84) {transformation: [-0.7088f,0.6955f,0.1179f,-1.2504f,0.1434f,-0.0216f,0.9894f,0.0286f,0.6907f,0.7182f,-0.0845f,1.0154f,0f,0f,0f,1f],start_interpolation: 0,interpolation_duration: 0}
$data merge entity $(bone83) {transformation: [-0.6835f,0.7132f,-0.1559f,-1.1402f,-0.2235f,-0.0011f,0.9747f,0.0644f,0.6949f,0.701f,0.1602f,0.9126f,0f,0f,0f,1f],start_interpolation: 0,interpolation_duration: 0}
$data merge entity $(bone82) {transformation: [-0.6198f,0.7132f,-0.3275f,-1.0244f,-0.4682f,-0.0011f,0.8836f,0.1476f,0.6298f,0.701f,0.3346f,0.8011f,0f,0f,0f,1f],start_interpolation: 0,interpolation_duration: 0}
$data merge entity $(bone103) {transformation: [0.0409f,0.9496f,-0.3108f,-0.995f,-0.9881f,-0.0078f,-0.1539f,-0.2084f,-0.1486f,0.3134f,0.9379f,1.0186f,0f,0f,0f,1f],start_interpolation: 0,interpolation_duration: 0}
$data merge entity $(bone102) {transformation: [-0.1015f,0.9496f,-0.2966f,-0.9791f,-0.9535f,-0.0078f,0.3012f,-0.0205f,0.2837f,0.3134f,0.9063f,0.9613f,0f,0f,0f,1f],start_interpolation: 0,interpolation_duration: 0}
$data merge entity $(bone85) {transformation: [-0.2064f,0.9496f,-0.2359f,-0.9328f,-0.7679f,-0.0078f,0.6405f,0.1338f,0.6063f,0.3134f,0.7308f,0.8388f,0f,0f,0f,1f],start_interpolation: 0,interpolation_duration: 0}
$data merge entity $(bone64) {transformation: [0.9849f,0.1606f,-0.0645f,-0.7605f,-0.1391f,0.9561f,0.2578f,1.0995f,0.1031f,-0.245f,0.964f,0.5018f,0f,0f,0f,1f],start_interpolation: 0,interpolation_duration: 0}
$data merge entity $(bone61) {transformation: [-0.8457f,0.4826f,0.2277f,-0.3501f,0.5158f,0.6298f,0.5808f,1.5536f,0.1368f,0.6087f,-0.7815f,0.9872f,0f,0f,0f,1f],start_interpolation: 0,interpolation_duration: 0}
$data merge entity $(bone23) {transformation: [-0.7934f,-0.6088f,0f,0.1071f,-0.0863f,0.1125f,0.9899f,1.4766f,-0.6026f,0.7853f,-0.1418f,1.0114f,0f,0f,0f,1f],start_interpolation: 0,interpolation_duration: 0}
$data merge entity $(bone22) {transformation: [-0.7934f,0.6088f,0f,-0.1071f,0.0863f,0.1125f,0.9899f,1.4766f,0.6026f,0.7853f,-0.1418f,1.0114f,0f,0f,0f,1f],start_interpolation: 0,interpolation_duration: 0}
$data merge entity $(bone89) {transformation: [-1f,0.0072f,0.0007f,0.002f,0.0059f,0.7563f,0.6542f,2.1869f,0.0042f,0.6542f,-0.7563f,1.4181f,0f,0f,0f,1f],start_interpolation: 0,interpolation_duration: 0}
$data merge entity $(bone90) {transformation: [-1f,0.0069f,0.0019f,0.0013f,0.0059f,0.6312f,0.7756f,2.1172f,0.0042f,0.7756f,-0.6312f,1.3463f,0f,0f,0f,1f],start_interpolation: 0,interpolation_duration: 0}
$data merge entity $(bone88) {transformation: [-1f,0.0071f,0.0013f,0.0312f,0.0059f,0.6964f,0.7177f,1.9661f,0.0042f,0.7176f,-0.6964f,1.2445f,0f,0f,0f,1f],start_interpolation: 0,interpolation_duration: 0}
$data merge entity $(bone42) {transformation: [-1f,0f,0f,0f,0f,0.7277f,0.6859f,1.7121f,0f,0.6859f,-0.7277f,1.6765f,0f,0f,0f,1f],start_interpolation: 0,interpolation_duration: 0}
$data merge entity $(bone87) {transformation: [-0.9998f,0.0157f,-0.0096f,-0.0044f,0.0047f,0.7216f,0.6923f,1.3177f,0.0178f,0.6921f,-0.7216f,2.2738f,0f,0f,0f,1f],start_interpolation: 0,interpolation_duration: 0}
$data merge entity $(bone86) {transformation: [-1f,0f,0f,0f,0f,0.7946f,0.6071f,1.4523f,0f,0.6071f,-0.7946f,2.0895f,0f,0f,0f,1f],start_interpolation: 0,interpolation_duration: 0}
$data merge entity $(bone92) {transformation: [-0.8818f,0.2593f,-0.3939f,0.1194f,-0.0186f,0.8155f,0.5785f,1.7886f,0.4712f,0.5174f,-0.7143f,1.709f,0f,0f,0f,1f],start_interpolation: 0,interpolation_duration: 0}
$data merge entity $(bone3) {transformation: [-0.8818f,-0.2593f,0.3939f,-0.1194f,0.0186f,0.8155f,0.5785f,1.7886f,-0.4712f,0.5174f,-0.7143f,1.709f,0f,0f,0f,1f],start_interpolation: 0,interpolation_duration: 0}
$data merge entity $(head) {transformation: [-1f,0f,0f,0f,0f,0.8253f,0.5647f,1.6892f,0f,0.5647f,-0.8253f,1.4942f,0f,0f,0f,1f],start_interpolation: 0,interpolation_duration: 0}
$data merge entity $(neck) {transformation: [-1f,0f,0f,0f,0f,0.651f,0.7591f,1.5793f,0f,0.7591f,-0.651f,1.3662f,0f,0f,0f,1f],start_interpolation: 0,interpolation_duration: 0}
$data merge entity $(bone2) {transformation: [-1f,0f,0f,0f,0f,0.1418f,0.9899f,1.5137f,0f,0.9899f,-0.1418f,1.055f,0f,0f,0f,1f],start_interpolation: 0,interpolation_duration: 0}
$data merge entity $(bone136) {transformation: [-1f,0f,0f,0f,0f,0.1934f,0.9817f,1.4932f,0f,0.9811f,-0.1935f,0.8594f,0f,0f,0f,1f],start_interpolation: 0,interpolation_duration: 0}
$data merge entity $(bone118) {transformation: [-0.0764f,-0.849f,-0.5229f,0.2573f,0.992f,-0.1176f,0.046f,1.6545f,-0.1006f,-0.5151f,0.8512f,0.771f,0f,0f,0f,1f],start_interpolation: 0,interpolation_duration: 0}
$data merge entity $(bone119) {transformation: [-0.1396f,-0.849f,-0.5096f,0.735f,0.9902f,-0.1176f,-0.0752f,1.6887f,0.0039f,-0.5151f,0.8571f,-0.0358f,0f,0f,0f,1f],start_interpolation: 0,interpolation_duration: 0}
$data merge entity $(bone120) {transformation: [-0.4939f,-0.849f,0.1878f,1.6204f,-0.1698f,-0.1176f,-0.9784f,0.9662f,0.8528f,-0.5151f,-0.0861f,0.6277f,0f,0f,0f,1f],start_interpolation: 0,interpolation_duration: 0}
$data merge entity $(bone121) {transformation: [0f,0f,0f,0.9861f,0f,0f,0f,1.7958f,0f,0f,0f,-0.4625f,0f,0f,0f,1f],start_interpolation: 0,interpolation_duration: 0}
$data merge entity $(bone123) {transformation: [-0.0052f,-1.7315f,-1.0633f,0.9409f,1.9957f,-0.2043f,0.3229f,1.186f,-0.3821f,-1.0435f,1.7011f,2.3679f,0f,0f,0f,1f],start_interpolation: 0,interpolation_duration: 0}
$data merge entity $(bone124) {transformation: [-0.1379f,-0.8521f,-0.5048f,0.7274f,0.9898f,-0.1006f,-0.1007f,2.6646f,0.035f,-0.5136f,0.8573f,-0.2538f,0f,0f,0f,1f],start_interpolation: 0,interpolation_duration: 0}
$data merge entity $(bone122) {transformation: [-0.4066f,-1.313f,-0.6963f,0.5539f,1.433f,-0.1549f,-0.5446f,2.6381f,0.394f,-0.7913f,1.262f,0.0375f,0f,0f,0f,1f],start_interpolation: 0,interpolation_duration: 0}
$data merge entity $(bone126) {transformation: [0.2555f,-0.8521f,-0.4567f,1.1512f,0.7766f,-0.1006f,0.622f,1.9686f,-0.5759f,-0.5136f,0.6361f,-0.8197f,0f,0f,0f,1f],start_interpolation: 0,interpolation_duration: 0}
$data merge entity $(bone127) {transformation: [0.1286f,-0.8521f,-0.5073f,0.8021f,0.9111f,-0.1006f,0.3998f,2.3482f,-0.3917f,-0.5136f,0.7634f,-0.316f,0f,0f,0f,1f],start_interpolation: 0,interpolation_duration: 0}
$data merge entity $(bone125) {transformation: [-0.01f,-1.1946f,-0.7336f,0.6333f,1.3788f,-0.141f,0.2108f,2.4983f,-0.2534f,-0.72f,1.1759f,-0.0579f,0f,0f,0f,1f],start_interpolation: 0,interpolation_duration: 0}
$data merge entity $(bone129) {transformation: [1.0236f,-1.5891f,-0.2511f,0.4476f,0.1505f,-0.1875f,1.9982f,3.7034f,-1.7279f,-0.9577f,0.0253f,2.6936f,0f,0f,0f,1f],start_interpolation: 0,interpolation_duration: 0}
$data merge entity $(bone130) {transformation: [0.5248f,-0.8521f,-0.2097f,0.8718f,0.2291f,-0.1006f,1.0498f,1.5127f,-0.9157f,-0.5136f,0.1424f,-0.268f,0f,0f,0f,1f],start_interpolation: 0,interpolation_duration: 0}
$data merge entity $(bone131) {transformation: [0.4406f,-0.8521f,-0.354f,0.7147f,0.526f,-0.1006f,0.937f,2.0853f,-0.834f,-0.5136f,0.4039f,-0.1194f,0f,0f,0f,1f],start_interpolation: 0,interpolation_duration: 0}
$data merge entity $(bone128) {transformation: [0.3521f,-0.8984f,-0.4807f,0.6011f,0.7913f,-0.106f,0.8106f,2.3833f,-0.7391f,-0.5414f,0.6389f,0.0002f,0f,0f,0f,1f],start_interpolation: 0,interpolation_duration: 0}
$data merge entity $(bone132) {transformation: [-0.2358f,-0.8521f,-0.4672f,0.4764f,0.9499f,-0.1006f,-0.296f,2.5102f,0.2053f,-0.5136f,0.8331f,0.2051f,0f,0f,0f,1f],start_interpolation: 0,interpolation_duration: 0}
$data merge entity $(bone133) {transformation: [-0.4123f,-1.4467f,-0.69f,0.5406f,1.661f,-0.1707f,-0.4372f,2.5321f,0.3589f,-0.8719f,1.2305f,0.1059f,0f,0f,0f,1f],start_interpolation: 0,interpolation_duration: 0}
$data merge entity $(w5) {transformation: [-0.2358f,-0.8521f,-0.4672f,0.5504f,0.9499f,-0.1006f,-0.296f,2.4652f,0.2053f,-0.5136f,0.8331f,0.1158f,0f,0f,0f,1f],start_interpolation: 0,interpolation_duration: 0}
$data merge entity $(w2) {transformation: [-0.5123f,-0.849f,-0.1295f,0.7086f,0.4221f,-0.1176f,-0.8989f,1.7046f,0.7479f,-0.5151f,0.4186f,-0.0192f,0f,0f,0f,1f],start_interpolation: 0,interpolation_duration: 0}
$data merge entity $(wing3) {transformation: [-0.0764f,-0.849f,-0.5229f,0.2175f,0.992f,-0.1176f,0.046f,1.7581f,-0.1006f,-0.5151f,0.8512f,0.7779f,0f,0f,0f,1f],start_interpolation: 0,interpolation_duration: 0}
$data merge entity $(bone104) {transformation: [-0.0764f,0.849f,0.5229f,-0.2573f,-0.992f,-0.1176f,0.046f,1.6545f,0.1006f,-0.5151f,0.8512f,0.771f,0f,0f,0f,1f],start_interpolation: 0,interpolation_duration: 0}
$data merge entity $(bone105) {transformation: [-0.1396f,0.849f,0.5096f,-0.735f,-0.9902f,-0.1176f,-0.0752f,1.6887f,-0.0039f,-0.5151f,0.8571f,-0.0358f,0f,0f,0f,1f],start_interpolation: 0,interpolation_duration: 0}
$data merge entity $(bone106) {transformation: [-0.4939f,0.849f,-0.1878f,-1.6204f,0.1698f,-0.1176f,-0.9784f,0.9662f,-0.8528f,-0.5151f,-0.0861f,0.6277f,0f,0f,0f,1f],start_interpolation: 0,interpolation_duration: 0}
$data merge entity $(bone107) {transformation: [0f,0f,0f,-0.9861f,0f,0f,0f,1.7958f,0f,0f,0f,-0.4625f,0f,0f,0f,1f],start_interpolation: 0,interpolation_duration: 0}
$data merge entity $(bone109) {transformation: [0.0136f,1.7315f,0.9995f,-0.9714f,-1.8304f,-0.2043f,0.269f,1.2974f,0.381f,-1.0435f,1.6057f,2.2956f,0f,0f,0f,1f],start_interpolation: 0,interpolation_duration: 0}
$data merge entity $(bone110) {transformation: [-0.1208f,0.8521f,0.4768f,-0.7177f,-0.9044f,-0.1006f,-0.1053f,2.6668f,-0.0234f,-0.5136f,0.8118f,-0.2383f,0f,0f,0f,1f],start_interpolation: 0,interpolation_duration: 0}
$data merge entity $(bone108) {transformation: [-0.37f,1.313f,0.6615f,-0.5539f,-1.304f,-0.1549f,-0.5173f,2.6381f,-0.3586f,-0.7913f,1.1989f,0.0375f,0f,0f,0f,1f],start_interpolation: 0,interpolation_duration: 0}
$data merge entity $(bone112) {transformation: [0.2555f,0.8521f,0.4567f,-1.1512f,-0.7766f,-0.1006f,0.622f,1.9686f,0.5759f,-0.5136f,0.6361f,-0.8197f,0f,0f,0f,1f],start_interpolation: 0,interpolation_duration: 0}
$data merge entity $(bone113) {transformation: [0.1286f,0.8521f,0.5073f,-0.8021f,-0.9111f,-0.1006f,0.3998f,2.3482f,0.3917f,-0.5136f,0.7634f,-0.316f,0f,0f,0f,1f],start_interpolation: 0,interpolation_duration: 0}
$data merge entity $(bone111) {transformation: [-0.01f,1.1946f,0.7336f,-0.6333f,-1.3788f,-0.141f,0.2108f,2.4983f,0.2534f,-0.72f,1.1759f,-0.0579f,0f,0f,0f,1f],start_interpolation: 0,interpolation_duration: 0}
$data merge entity $(bone115) {transformation: [1.0236f,1.5891f,0.2511f,-0.4476f,-0.1505f,-0.1875f,1.9982f,3.7034f,1.7279f,-0.9577f,0.0253f,2.6936f,0f,0f,0f,1f],start_interpolation: 0,interpolation_duration: 0}
$data merge entity $(bone116) {transformation: [0.5248f,0.8521f,0.2097f,-0.8718f,-0.2291f,-0.1006f,1.0498f,1.5127f,0.9157f,-0.5136f,0.1424f,-0.268f,0f,0f,0f,1f],start_interpolation: 0,interpolation_duration: 0}
$data merge entity $(bone117) {transformation: [0.4406f,0.8521f,0.354f,-0.7147f,-0.526f,-0.1006f,0.937f,2.0853f,0.834f,-0.5136f,0.4039f,-0.1194f,0f,0f,0f,1f],start_interpolation: 0,interpolation_duration: 0}
$data merge entity $(bone114) {transformation: [0.3521f,0.8984f,0.4807f,-0.6011f,-0.7913f,-0.106f,0.8106f,2.3833f,0.7391f,-0.5414f,0.6389f,0.0002f,0f,0f,0f,1f],start_interpolation: 0,interpolation_duration: 0}
$data merge entity $(bone134) {transformation: [-0.2358f,0.8521f,0.4672f,-0.4764f,-0.9499f,-0.1006f,-0.296f,2.5102f,-0.2053f,-0.5136f,0.8331f,0.2051f,0f,0f,0f,1f],start_interpolation: 0,interpolation_duration: 0}
$data merge entity $(bone135) {transformation: [-0.4123f,1.4467f,0.69f,-0.5406f,-1.661f,-0.1707f,-0.4372f,2.5321f,-0.3589f,-0.8719f,1.2305f,0.1059f,0f,0f,0f,1f],start_interpolation: 0,interpolation_duration: 0}
$data merge entity $(w4) {transformation: [-0.2358f,0.8521f,0.4672f,-0.5504f,-0.9499f,-0.1006f,-0.296f,2.4652f,-0.2053f,-0.5136f,0.8331f,0.1158f,0f,0f,0f,1f],start_interpolation: 0,interpolation_duration: 0}
$data merge entity $(w3) {transformation: [-0.5123f,0.849f,0.1295f,-0.7086f,-0.4221f,-0.1176f,-0.8989f,1.7046f,-0.7479f,-0.5151f,0.4186f,-0.0192f,0f,0f,0f,1f],start_interpolation: 0,interpolation_duration: 0}
$data merge entity $(wing2) {transformation: [-0.0764f,0.849f,0.5229f,-0.2175f,-0.992f,-0.1176f,0.046f,1.7581f,0.1006f,-0.5151f,0.8512f,0.7779f,0f,0f,0f,1f],start_interpolation: 0,interpolation_duration: 0}
$data merge entity $(bone20) {transformation: [-1f,0f,0f,-0.1563f,0f,-0.1624f,0.9867f,1.5061f,0f,0.9867f,0.1624f,0.3246f,0f,0f,0f,1f],start_interpolation: 0,interpolation_duration: 0}
$data merge entity $(bone101) {transformation: [-1f,0f,0f,0f,0f,-0.3489f,0.9372f,1.2089f,0f,0.9372f,0.3489f,-2.6309f,0f,0f,0f,1f],start_interpolation: 0,interpolation_duration: 0}
$data merge entity $(bone100) {transformation: [-1f,0f,0f,0f,0f,0.0811f,0.9967f,0.7578f,0f,0.9967f,-0.0811f,-2.5879f,0f,0f,0f,1f],start_interpolation: 0,interpolation_duration: 0}
$data merge entity $(bone99) {transformation: [-1f,0f,0f,0f,0f,0.4221f,0.9065f,0.2988f,0f,0.9065f,-0.4221f,-2.3742f,0f,0f,0f,1f],start_interpolation: 0,interpolation_duration: 0}
$data merge entity $(bone98) {transformation: [-1f,0f,0f,0f,0f,0.8655f,0.5008f,0.0515f,0f,0.5008f,-0.8655f,-1.9469f,0f,0f,0f,1f],start_interpolation: 0,interpolation_duration: 0}
$data merge entity $(bone97) {transformation: [-1f,0f,0f,0f,0f,0.9914f,-0.1307f,0.1185f,0f,-0.1307f,-0.9914f,-1.4388f,0f,0f,0f,1f],start_interpolation: 0,interpolation_duration: 0}
$data merge entity $(bone96) {transformation: [-1f,0f,0f,0f,0f,0.8659f,-0.5001f,0.3686f,0f,-0.5001f,-0.8659f,-1.0058f,0f,0f,0f,1f],start_interpolation: 0,interpolation_duration: 0}
$data merge entity $(bone95) {transformation: [-1f,0f,0f,0f,0f,0.6755f,-0.7374f,0.7327f,0f,-0.7374f,-0.6755f,-0.6723f,0f,0f,0f,1f],start_interpolation: 0,interpolation_duration: 0}
$data merge entity $(bone94) {transformation: [-1f,0f,0f,0f,0f,0.6086f,-0.7935f,1.1244f,0f,-0.7935f,-0.6086f,-0.3718f,0f,0f,0f,1f],start_interpolation: 0,interpolation_duration: 0}
$data merge entity $(bone93) {transformation: [-1f,0f,0f,0f,0f,0.7372f,-0.6757f,1.38f,0f,-0.6757f,-0.7372f,-0.093f,0f,0f,0f,1f],start_interpolation: 0,interpolation_duration: 0}
$data merge entity $(bone) {transformation: [-1f,0f,0f,0f,0f,0.5373f,0.8434f,1.2877f,0f,0.8434f,-0.5373f,-0.0343f,0f,0f,0f,1f],start_interpolation: 0,interpolation_duration: 0}
$data merge entity $(bone24) {transformation: [-0.9666f,-0.2559f,-0.014f,0.1031f,-0.2557f,0.9594f,0.1192f,1.229f,-0.0171f,0.1188f,-0.9928f,-0.0352f,0f,0f,0f,1f],start_interpolation: 0,interpolation_duration: 0}
$data merge entity $(bone32) {transformation: [-0.9975f,-0.0409f,-0.0569f,0.2244f,-0.0678f,0.3573f,0.9315f,0.5984f,-0.0177f,0.9331f,-0.3592f,-0.3585f,0f,0f,0f,1f],start_interpolation: 0,interpolation_duration: 0}
$data merge entity $(bone36) {transformation: [-0.9987f,-0.0429f,-0.0287f,0.3387f,-0.04f,0.9945f,-0.0965f,0.2653f,0.0327f,-0.0952f,-0.9949f,-1.0429f,0f,0f,0f,1f],start_interpolation: 0,interpolation_duration: 0}
$data merge entity $(bone35) {transformation: [-0.9987f,-0.0228f,-0.0463f,0.2967f,-0.04f,0.9095f,0.4137f,0.3974f,0.0327f,0.415f,-0.9092f,-0.9763f,0f,0f,0f,1f],start_interpolation: 0,interpolation_duration: 0}
$data merge entity $(bone34) {transformation: [-0.9987f,-0.0166f,-0.0489f,0.2963f,-0.04f,0.8477f,0.5289f,0.4799f,0.0327f,0.5302f,-0.8473f,-0.9272f,0f,0f,0f,1f],start_interpolation: 0,interpolation_duration: 0}
$data merge entity $(bone77) {transformation: [-0.9277f,0.3731f,0.0133f,0.1038f,-0.0322f,-0.0444f,-0.9985f,0.0698f,-0.372f,-0.9267f,0.0532f,-0.3584f,0f,0f,0f,1f],start_interpolation: 0,interpolation_duration: 0}
$data merge entity $(bone75) {transformation: [-0.9277f,0.3731f,0.0133f,0.1695f,-0.0322f,-0.0444f,-0.9985f,0.0634f,-0.372f,-0.9267f,0.0532f,-0.5324f,0f,0f,0f,1f],start_interpolation: 0,interpolation_duration: 0}
$data merge entity $(bone39) {transformation: [-0.9277f,0.3731f,0.0133f,0.2345f,-0.0322f,-0.0444f,-0.9985f,0.0538f,-0.372f,-0.9267f,0.0532f,-0.6901f,0f,0f,0f,1f],start_interpolation: 0,interpolation_duration: 0}
$data merge entity $(bone76) {transformation: [-0.9663f,-0.2575f,-0.0011f,0.4943f,0.0017f,-0.0019f,-1f,0.0553f,0.2575f,-0.9663f,0.0023f,-0.3293f,0f,0f,0f,1f],start_interpolation: 0,interpolation_duration: 0}
$data merge entity $(bone74) {transformation: [-0.9663f,-0.2575f,-0.0011f,0.4822f,0.0017f,-0.0019f,-1f,0.0641f,0.2575f,-0.9663f,0.0023f,-0.5257f,0f,0f,0f,1f],start_interpolation: 0,interpolation_duration: 0}
$data merge entity $(bone40) {transformation: [-0.9663f,-0.2575f,-0.0011f,0.4369f,0.0017f,-0.0019f,-1f,0.0617f,0.2575f,-0.9663f,0.0023f,-0.6904f,0f,0f,0f,1f],start_interpolation: 0,interpolation_duration: 0}
$data merge entity $(bone79) {transformation: [-0.9981f,0.0554f,0.0257f,0.3046f,-0.026f,-0.004f,-0.9997f,0.0609f,-0.0553f,-0.9985f,0.0054f,-0.292f,0f,0f,0f,1f],start_interpolation: 0,interpolation_duration: 0}
$data merge entity $(bone78) {transformation: [-0.9981f,0.0554f,0.0257f,0.3196f,-0.026f,-0.004f,-0.9997f,0.0622f,-0.0553f,-0.9985f,0.0054f,-0.4923f,0f,0f,0f,1f],start_interpolation: 0,interpolation_duration: 0}
$data merge entity $(bone41) {transformation: [-0.9981f,0.0554f,0.0257f,0.3294f,-0.026f,-0.004f,-0.9997f,0.0593f,-0.0553f,-0.9985f,0.0054f,-0.6913f,0f,0f,0f,1f],start_interpolation: 0,interpolation_duration: 0}
$data merge entity $(bone38) {transformation: [-0.9997f,-0.0146f,0.0179f,0.3363f,-0.0215f,0.8663f,-0.4991f,0.3081f,-0.0082f,-0.4993f,-0.8664f,-0.8092f,0f,0f,0f,1f],start_interpolation: 0,interpolation_duration: 0}
$data merge entity $(bone33) {transformation: [-0.9984f,-0.0534f,-0.0201f,0.3118f,-0.0569f,0.9082f,0.4146f,0.5487f,-0.0039f,0.4151f,-0.9098f,-0.6986f,0f,0f,0f,1f],start_interpolation: 0,interpolation_duration: 0}
$data merge entity $(bone31) {transformation: [-0.9975f,-0.0309f,-0.0629f,0.2821f,-0.0678f,0.1986f,0.9777f,0.5911f,-0.0177f,0.9796f,-0.2002f,0.1651f,0f,0f,0f,1f],start_interpolation: 0,interpolation_duration: 0}
$data merge entity $(bone19) {transformation: [-0.9852f,-0.1695f,0.0247f,0.1713f,-0.1711f,0.9798f,-0.1038f,1.2366f,-0.0066f,-0.1065f,-0.9943f,-0.0343f,0f,0f,0f,1f],start_interpolation: 0,interpolation_duration: 0}
$data merge entity $(bone44) {transformation: [-0.7966f,0.5412f,0.2691f,-0.1115f,0.1712f,0.629f,-0.7583f,1.2306f,-0.5797f,-0.5581f,-0.5937f,-0.0011f,0f,0f,0f,1f],start_interpolation: 0,interpolation_duration: 0}
$data merge entity $(bone46) {transformation: [-0.8903f,-0.2283f,0.3939f,-0.2924f,0.0675f,0.7895f,0.6101f,0.7791f,-0.4503f,0.5698f,-0.6875f,0.1278f,0f,0f,0f,1f],start_interpolation: 0,interpolation_duration: 0}
$data merge entity $(bone50) {transformation: [-0.8721f,-0.133f,0.4709f,-0.0814f,0.0326f,0.9444f,0.3271f,0.3325f,-0.4882f,0.3006f,-0.8193f,-0.5315f,0f,0f,0f,1f],start_interpolation: 0,interpolation_duration: 0}
$data merge entity $(bone49) {transformation: [-0.8721f,-0.3506f,0.3413f,-0.1011f,0.0326f,0.6544f,0.7555f,0.4256f,-0.4882f,0.67f,-0.5593f,-0.4107f,0f,0f,0f,1f],start_interpolation: 0,interpolation_duration: 0}
$data merge entity $(bone48) {transformation: [-0.8721f,-0.3922f,0.2926f,-0.1393f,0.0326f,0.5501f,0.8344f,0.4801f,-0.4882f,0.7372f,-0.467f,-0.3415f,0f,0f,0f,1f],start_interpolation: 0,interpolation_duration: 0}
$data merge entity $(bone54) {transformation: [-0.9811f,0.1925f,-0.0217f,-0.2579f,0.0079f,-0.0721f,-0.9974f,0.0678f,-0.1936f,-0.9786f,0.0692f,0.2159f,0f,0f,0f,1f],start_interpolation: 0,interpolation_duration: 0}
$data merge entity $(bone53) {transformation: [-0.9811f,0.1925f,-0.0217f,-0.2182f,0.0079f,-0.0721f,-0.9974f,0.0563f,-0.1936f,-0.9786f,0.0692f,0.0344f,0f,0f,0f,1f],start_interpolation: 0,interpolation_duration: 0}
$data merge entity $(bone52) {transformation: [-0.9811f,0.1925f,-0.0217f,-0.1866f,0.0079f,-0.0721f,-0.9974f,0.042f,-0.1936f,-0.9786f,0.0692f,-0.1329f,0f,0f,0f,1f],start_interpolation: 0,interpolation_duration: 0}
$data merge entity $(bone57) {transformation: [-0.7291f,0.6842f,-0.0132f,-0.5873f,-0.0019f,-0.0213f,-0.9998f,0.0568f,-0.6844f,-0.729f,0.0169f,0.0644f,0f,0f,0f,1f],start_interpolation: 0,interpolation_duration: 0}
$data merge entity $(bone56) {transformation: [-0.7291f,0.6842f,-0.0132f,-0.4835f,-0.0019f,-0.0213f,-0.9998f,0.0618f,-0.6844f,-0.729f,0.0169f,-0.103f,0f,0f,0f,1f],start_interpolation: 0,interpolation_duration: 0}
$data merge entity $(bone55) {transformation: [-0.7291f,0.6842f,-0.0132f,-0.3657f,-0.0019f,-0.0213f,-0.9998f,0.0561f,-0.6844f,-0.729f,0.0169f,-0.2265f,0f,0f,0f,1f],start_interpolation: 0,interpolation_duration: 0}
$data merge entity $(bone60) {transformation: [-0.8816f,0.4698f,-0.0457f,-0.4557f,0.0206f,-0.0585f,-0.9981f,0.074f,-0.4715f,-0.8809f,0.0419f,0.1762f,0f,0f,0f,1f],start_interpolation: 0,interpolation_duration: 0}
$data merge entity $(bone59) {transformation: [-0.8816f,0.4698f,-0.0457f,-0.3648f,0.0206f,-0.0585f,-0.9981f,0.0643f,-0.4715f,-0.8809f,0.0419f,-0.0026f,0f,0f,0f,1f],start_interpolation: 0,interpolation_duration: 0}
$data merge entity $(bone58) {transformation: [-0.8816f,0.4698f,-0.0457f,-0.2701f,0.0206f,-0.0585f,-0.9981f,0.0506f,-0.4715f,-0.8809f,0.0419f,-0.1774f,0f,0f,0f,1f],start_interpolation: 0,interpolation_duration: 0}
$data merge entity $(bone51) {transformation: [-0.8883f,0.2088f,0.4091f,-0.2318f,0.0514f,0.9302f,-0.3633f,0.3143f,-0.4564f,-0.3017f,-0.837f,-0.247f,0f,0f,0f,1f],start_interpolation: 0,interpolation_duration: 0}
$data merge entity $(bone47) {transformation: [-0.8883f,-0.1263f,0.4416f,-0.2564f,0.0514f,0.9281f,0.3687f,0.5602f,-0.4564f,0.3502f,-0.818f,-0.1489f,0f,0f,0f,1f],start_interpolation: 0,interpolation_duration: 0}
$data merge entity $(bone45) {transformation: [-0.8903f,-0.2901f,0.3509f,-0.5399f,0.0675f,0.6779f,0.732f,1.0444f,-0.4503f,0.6754f,-0.584f,0.5097f,0f,0f,0f,1f],start_interpolation: 0,interpolation_duration: 0}
$data merge entity $(bone43) {transformation: [-0.8408f,0.5183f,0.1566f,-0.1713f,0.1157f,0.4545f,-0.8832f,1.2366f,-0.5289f,-0.7245f,-0.4421f,-0.0343f,0f,0f,0f,1f],start_interpolation: 0,interpolation_duration: 0}