# This file was generated by Animated Java via MC-Build. It is not recommended to edit this file directly.
$data merge entity $(bone5) {transformation: [-0.9947f,-0.1024f,0.0017f,0.3852f,-0.0942f,0.921f,0.3781f,1.4478f,-0.0403f,0.3759f,-0.9258f,0.9727f,0f,0f,0f,1f],start_interpolation: 0,interpolation_duration: 0}
$data merge entity $(bone6) {transformation: [0.026f,-0.2639f,-0.9642f,0.4946f,-0.4693f,0.8484f,-0.2449f,1.2213f,0.8826f,0.4589f,-0.1018f,0.8891f,0f,0f,0f,1f],start_interpolation: 0,interpolation_duration: 0}
$data merge entity $(bone8) {transformation: [-0.2624f,-0.071f,0.9624f,0.6409f,-0.1091f,0.9931f,0.0435f,0.543f,-0.9588f,-0.0936f,-0.2683f,0.7377f,0f,0f,0f,1f],start_interpolation: 0,interpolation_duration: 0}
$data merge entity $(bone9) {transformation: [-0.2624f,-0.071f,0.9624f,0.8002f,-0.1091f,0.9931f,0.0435f,0.7158f,-0.9588f,-0.0936f,-0.2683f,0.6668f,0f,0f,0f,1f],start_interpolation: 0,interpolation_duration: 0}
$data merge entity $(bone10) {transformation: [-0.2289f,-0.1466f,0.9624f,0.6228f,-0.4027f,0.9143f,0.0435f,0.5331f,-0.8863f,-0.3775f,-0.2683f,0.7143f,0f,0f,0f,1f],start_interpolation: 0,interpolation_duration: 0}
$data merge entity $(bone12) {transformation: [-0.165f,-0.5276f,0.8333f,0.7722f,-0.9139f,0.3995f,0.072f,0.038f,-0.3709f,-0.7497f,-0.5481f,0.9408f,0f,0f,0f,1f],start_interpolation: 0,interpolation_duration: 0}
$data merge entity $(bone15) {transformation: [0.9844f,-0.0998f,0.1446f,0.3724f,-0.1646f,-0.2362f,0.9577f,0.0306f,-0.0614f,-0.9666f,-0.249f,0.989f,0f,0f,0f,1f],start_interpolation: 0,interpolation_duration: 0}
$data merge entity $(bone14) {transformation: [0.9842f,-0.0998f,-0.1461f,0.4992f,0.1192f,-0.2362f,0.9644f,0.0469f,-0.1307f,-0.9666f,-0.2206f,0.9706f,0f,0f,0f,1f],start_interpolation: 0,interpolation_duration: 0}
$data merge entity $(bone13) {transformation: [0.8749f,-0.0998f,-0.4739f,0.613f,0.4419f,-0.2362f,0.8654f,0.102f,-0.1983f,-0.9666f,-0.1626f,0.942f,0f,0f,0f,1f],start_interpolation: 0,interpolation_duration: 0}
$data merge entity $(bone18) {transformation: [-0.0615f,-0.9974f,-0.0369f,0.7538f,0.6328f,-0.0103f,-0.7743f,-0.2866f,0.7719f,-0.071f,0.6318f,1.1248f,0f,0f,0f,1f],start_interpolation: 0,interpolation_duration: 0}
$data merge entity $(bone17) {transformation: [-0.0234f,-0.9974f,-0.0678f,0.7492f,0.9824f,-0.0103f,-0.1864f,-0.093f,0.1852f,-0.071f,0.9801f,1.1613f,0f,0f,0f,1f],start_interpolation: 0,interpolation_duration: 0}
$data merge entity $(bone16) {transformation: [0.0289f,-0.9974f,-0.0656f,0.7493f,0.8479f,-0.0103f,0.53f,0.0304f,-0.5293f,-0.071f,0.8455f,1.082f,0f,0f,0f,1f],start_interpolation: 0,interpolation_duration: 0}
$data merge entity $(bone27) {transformation: [-0.8402f,-0.5341f,-0.0934f,1.1907f,-0.0818f,-0.0454f,0.9956f,0.0293f,-0.536f,0.8442f,-0.0056f,1.1385f,0f,0f,0f,1f],start_interpolation: 0,interpolation_duration: 0}
$data merge entity $(bone26) {transformation: [-0.8279f,-0.5547f,-0.083f,1.0589f,-0.0786f,-0.0318f,0.9964f,0.0181f,-0.5553f,0.8315f,-0.0173f,1.0579f,0f,0f,0f,1f],start_interpolation: 0,interpolation_duration: 0}
$data merge entity $(bone25) {transformation: [-0.8212f,-0.5547f,0.1341f,0.9076f,0.182f,-0.0318f,0.9828f,0.0493f,-0.5409f,0.8315f,0.127f,0.9634f,0f,0f,0f,1f],start_interpolation: 0,interpolation_duration: 0}
$data merge entity $(bone30) {transformation: [0.184f,-0.876f,0.4458f,0.9171f,0.8886f,-0.0457f,-0.4565f,-0.3147f,0.4202f,0.4801f,0.77f,1.1475f,0f,0f,0f,1f],start_interpolation: 0,interpolation_duration: 0}
$data merge entity $(bone29) {transformation: [-0.0677f,-0.876f,0.4775f,0.9076f,0.9973f,-0.0457f,0.0577f,-0.118f,-0.0287f,0.4801f,0.8767f,1.1398f,0f,0f,0f,1f],start_interpolation: 0,interpolation_duration: 0}
$data merge entity $(bone28) {transformation: [-0.3384f,-0.876f,0.3436f,0.8347f,0.7674f,-0.0457f,0.6396f,0.036f,-0.5446f,0.4801f,0.6877f,1.0305f,0f,0f,0f,1f],start_interpolation: 0,interpolation_duration: 0}
$data merge entity $(bone7) {transformation: [0.9624f,-0.0824f,0.259f,0.6016f,0.0435f,0.9874f,0.1523f,0.877f,-0.2683f,-0.1353f,0.9538f,0.6881f,0f,0f,0f,1f],start_interpolation: 0,interpolation_duration: 0}
$data merge entity $(bone4) {transformation: [-0.9642f,-0.2652f,0.0017f,0.3501f,-0.2449f,0.8928f,0.3781f,1.5532f,-0.1018f,0.3641f,-0.9258f,0.9877f,0f,0f,0f,1f],start_interpolation: 0,interpolation_duration: 0}
$data merge entity $(bone62) {transformation: [-0.9125f,0.3445f,0.2206f,-0.4147f,0.4067f,0.7056f,0.5803f,1.4731f,0.0443f,0.6193f,-0.7839f,0.9433f,0f,0f,0f,1f],start_interpolation: 0,interpolation_duration: 0}
$data merge entity $(bone63) {transformation: [0.2707f,0.4646f,0.8431f,-0.5798f,0.6429f,0.5647f,-0.5176f,1.3253f,-0.7166f,0.6821f,-0.1459f,0.7978f,0f,0f,0f,1f],start_interpolation: 0,interpolation_duration: 0}
$data merge entity $(bone65) {transformation: [-0.0592f,0.1581f,-0.9857f,-0.8313f,0.2246f,0.9642f,0.1412f,0.7792f,0.9727f,-0.213f,-0.0925f,0.5989f,0f,0f,0f,1f],start_interpolation: 0,interpolation_duration: 0}
$data merge entity $(bone66) {transformation: [-0.0592f,0.1581f,-0.9857f,-0.9818f,0.2246f,0.9642f,0.1412f,0.9639f,0.9727f,-0.213f,-0.0925f,0.5396f,0f,0f,0f,1f],start_interpolation: 0,interpolation_duration: 0}
$data merge entity $(bone67) {transformation: [-0.0089f,0.1686f,-0.9857f,-0.8192f,0.5041f,0.852f,0.1412f,0.7651f,0.8636f,-0.4956f,-0.0925f,0.5738f,0f,0f,0f,1f],start_interpolation: 0,interpolation_duration: 0}
$data merge entity $(bone69) {transformation: [-0.277f,0.1f,-0.9557f,-0.9093f,0.3808f,0.9246f,-0.0136f,0.2083f,0.8822f,-0.3676f,-0.2942f,0.7679f,0f,0f,0f,1f],start_interpolation: 0,interpolation_duration: 0}
$data merge entity $(bone72) {transformation: [0.9361f,0.2799f,0.2131f,-0.6262f,-0.275f,0.2046f,0.9394f,0.1228f,0.2194f,-0.938f,0.2685f,0.8029f,0f,0f,0f,1f],start_interpolation: 0,interpolation_duration: 0}
$data merge entity $(bone71) {transformation: [0.7415f,0.2799f,0.6098f,-0.7207f,-0.6667f,0.2046f,0.7167f,0.2101f,0.0759f,-0.938f,0.3383f,0.7924f,0f,0f,0f,1f],start_interpolation: 0,interpolation_duration: 0}
$data merge entity $(bone70) {transformation: [0.4882f,0.2799f,0.8266f,-0.7844f,-0.8716f,0.2046f,0.4455f,0.323f,-0.0444f,-0.938f,0.3439f,0.7946f,0f,0f,0f,1f],start_interpolation: 0,interpolation_duration: 0}
$data merge entity $(bone81) {transformation: [0.0362f,0.9863f,0.1611f,-0.8127f,-0.9816f,0.0049f,0.1907f,-0.1586f,0.1873f,-0.165f,0.9683f,1.0357f,0f,0f,0f,1f],start_interpolation: 0,interpolation_duration: 0}
$data merge entity $(bone80) {transformation: [0.0668f,0.9863f,0.151f,-0.8259f,-0.9259f,0.0049f,0.3777f,0.0238f,0.3718f,-0.165f,0.9135f,0.9625f,0f,0f,0f,1f],start_interpolation: 0,interpolation_duration: 0}
$data merge entity $(bone73) {transformation: [0.1085f,0.9863f,0.1244f,-0.8378f,-0.7723f,0.0049f,0.6353f,0.136f,0.626f,-0.165f,0.7622f,0.8687f,0f,0f,0f,1f],start_interpolation: 0,interpolation_duration: 0}
$data merge entity $(bone84) {transformation: [-0.7121f,0.693f,0.1127f,-1.2533f,0.1379f,-0.0193f,0.9903f,0.0291f,0.6884f,0.7207f,-0.0818f,1.0196f,0f,0f,0f,1f],start_interpolation: 0,interpolation_duration: 0}
$data merge entity $(bone83) {transformation: [-0.6872f,0.7106f,-0.1512f,-1.1425f,-0.214f,0.0009f,0.9768f,0.0634f,0.6943f,0.7036f,0.1514f,0.9169f,0f,0f,0f,1f],start_interpolation: 0,interpolation_duration: 0}
$data merge entity $(bone82) {transformation: [-0.6246f,0.7106f,-0.3239f,-1.0258f,-0.4595f,0.0009f,0.8882f,0.145f,0.6314f,0.7036f,0.326f,0.8051f,0f,0f,0f,1f],start_interpolation: 0,interpolation_duration: 0}
$data merge entity $(bone103) {transformation: [-0.1148f,0.9472f,-0.2995f,-1.0184f,-0.9397f,-0.0057f,0.342f,-0.1691f,0.3222f,0.3207f,0.8907f,1.086f,0f,0f,0f,1f],start_interpolation: 0,interpolation_duration: 0}
$data merge entity $(bone102) {transformation: [-0.1827f,0.9472f,-0.2637f,-0.9865f,-0.8315f,-0.0057f,0.5555f,-0.0053f,0.5247f,0.3207f,0.7886f,0.9812f,0f,0f,0f,1f],start_interpolation: 0,interpolation_duration: 0}
$data merge entity $(bone85) {transformation: [-0.2392f,0.9472f,-0.2137f,-0.9336f,-0.6788f,-0.0057f,0.7343f,0.1308f,0.6943f,0.3207f,0.6443f,0.841f,0f,0f,0f,1f],start_interpolation: 0,interpolation_duration: 0}
$data merge entity $(bone64) {transformation: [0.9857f,0.1605f,-0.0522f,-0.7666f,-0.1412f,0.9535f,0.2664f,1.0999f,0.0925f,-0.2552f,0.9624f,0.5067f,0f,0f,0f,1f],start_interpolation: 0,interpolation_duration: 0}
$data merge entity $(bone61) {transformation: [-0.8431f,0.4904f,0.2206f,-0.3501f,0.5176f,0.6288f,0.5803f,1.5532f,0.1459f,0.6035f,-0.7839f,0.9877f,0f,0f,0f,1f],start_interpolation: 0,interpolation_duration: 0}
$data merge entity $(bone23) {transformation: [-0.7934f,-0.6088f,0f,0.1071f,-0.0797f,0.1039f,0.9914f,1.4759f,-0.6035f,0.7865f,-0.1309f,1.011f,0f,0f,0f,1f],start_interpolation: 0,interpolation_duration: 0}
$data merge entity $(bone22) {transformation: [-0.7934f,0.6088f,0f,-0.1071f,0.0797f,0.1039f,0.9914f,1.4759f,0.6035f,0.7865f,-0.1309f,1.011f,0f,0f,0f,1f],start_interpolation: 0,interpolation_duration: 0}
$data merge entity $(bone89) {transformation: [-1f,0.0072f,0.0007f,0.002f,0.0058f,0.7404f,0.6722f,2.1808f,0.0043f,0.6722f,-0.7404f,1.4334f,0f,0f,0f,1f],start_interpolation: 0,interpolation_duration: 0}
$data merge entity $(bone90) {transformation: [-1f,0.0069f,0.0019f,0.0013f,0.0058f,0.6124f,0.7905f,2.1129f,0.0043f,0.7905f,-0.6124f,1.36f,0f,0f,0f,1f],start_interpolation: 0,interpolation_duration: 0}
$data merge entity $(bone88) {transformation: [-1f,0.0071f,0.0013f,0.0312f,0.0058f,0.6789f,0.7342f,1.9643f,0.0043f,0.7342f,-0.679f,1.2546f,0f,0f,0f,1f],start_interpolation: 0,interpolation_duration: 0}
$data merge entity $(bone42) {transformation: [-1f,0f,0f,0f,0f,0.7328f,0.6805f,1.7f,0f,0.6805f,-0.7328f,1.6804f,0f,0f,0f,1f],start_interpolation: 0,interpolation_duration: 0}
$data merge entity $(bone87) {transformation: [-0.9998f,0.0157f,-0.0096f,-0.0044f,0.0043f,0.7048f,0.7094f,1.2913f,0.0179f,0.7092f,-0.7047f,2.268f,0f,0f,0f,1f],start_interpolation: 0,interpolation_duration: 0}
$data merge entity $(bone86) {transformation: [-1f,0f,0f,0f,0f,0.7798f,0.626f,1.4303f,0f,0.626f,-0.7798f,2.0869f,0f,0f,0f,1f],start_interpolation: 0,interpolation_duration: 0}
$data merge entity $(bone92) {transformation: [-0.8818f,0.2593f,-0.3939f,0.1194f,-0.0299f,0.8028f,0.5954f,1.7757f,0.4707f,0.5369f,-0.7002f,1.7146f,0f,0f,0f,1f],start_interpolation: 0,interpolation_duration: 0}
$data merge entity $(bone3) {transformation: [-0.8818f,-0.2593f,0.3939f,-0.1194f,0.0299f,0.8028f,0.5954f,1.7757f,-0.4707f,0.5369f,-0.7002f,1.7146f,0f,0f,0f,1f],start_interpolation: 0,interpolation_duration: 0}
$data merge entity $(head) {transformation: [-1f,0f,0f,0f,0f,0.8115f,0.5844f,1.6814f,0f,0.5844f,-0.8115f,1.4976f,0f,0f,0f,1f],start_interpolation: 0,interpolation_duration: 0}
$data merge entity $(neck) {transformation: [-1f,0f,0f,0f,0f,0.6326f,0.7745f,1.5747f,0f,0.7745f,-0.6326f,1.3669f,0f,0f,0f,1f],start_interpolation: 0,interpolation_duration: 0}
$data merge entity $(bone2) {transformation: [-1f,0f,0f,0f,0f,0.1309f,0.9914f,1.5125f,0f,0.9914f,-0.1309f,1.0551f,0f,0f,0f,1f],start_interpolation: 0,interpolation_duration: 0}
$data merge entity $(bone136) {transformation: [-1f,0f,0f,0f,0f,0.1826f,0.9965f,1.4942f,0f,0.9832f,-0.1851f,0.8592f,0f,0f,0f,1f],start_interpolation: 0,interpolation_duration: 0}
$data merge entity $(bone118) {transformation: [-0.066f,-0.849f,-0.5243f,0.2562f,0.9922f,-0.1116f,0.0559f,1.6559f,-0.1059f,-0.5165f,0.8497f,0.7744f,0f,0f,0f,1f],start_interpolation: 0,interpolation_duration: 0}
$data merge entity $(bone119) {transformation: [-0.1294f,-0.849f,-0.5123f,0.7361f,0.9916f,-0.1116f,-0.0655f,1.6809f,-0.0016f,-0.5165f,0.8563f,-0.0315f,0f,0f,0f,1f],start_interpolation: 0,interpolation_duration: 0}
$data merge entity $(bone120) {transformation: [-0.4975f,-0.849f,0.1779f,1.6125f,-0.1602f,-0.1116f,-0.9808f,0.9528f,0.8525f,-0.5165f,-0.0805f,0.6379f,0f,0f,0f,1f],start_interpolation: 0,interpolation_duration: 0}
$data merge entity $(bone121) {transformation: [0f,0f,0f,0.9893f,0f,0f,0f,1.7831f,0f,0f,0f,-0.4581f,0f,0f,0f,1f],start_interpolation: 0,interpolation_duration: 0}
$data merge entity $(bone123) {transformation: [0.0236f,-1.7312f,-1.0636f,0.9254f,1.9912f,-0.1919f,0.3567f,1.2008f,-0.4043f,-1.0464f,1.6942f,2.383f,0f,0f,0f,1f],start_interpolation: 0,interpolation_duration: 0}
$data merge entity $(bone124) {transformation: [-0.1242f,-0.852f,-0.5086f,0.7399f,0.992f,-0.0945f,-0.0841f,2.6529f,0.0236f,-0.515f,0.8569f,-0.2557f,0f,0f,0f,1f],start_interpolation: 0,interpolation_duration: 0}
$data merge entity $(bone122) {transformation: [-0.3877f,-1.3127f,-0.7074f,0.5653f,1.4428f,-0.1455f,-0.5207f,2.632f,0.3768f,-0.7935f,1.2659f,0.0354f,0f,0f,0f,1f],start_interpolation: 0,interpolation_duration: 0}
$data merge entity $(bone126) {transformation: [0.2679f,-0.852f,-0.4499f,1.1557f,0.7665f,-0.0945f,0.6353f,1.9448f,-0.5838f,-0.515f,0.6277f,-0.8125f,0f,0f,0f,1f],start_interpolation: 0,interpolation_duration: 0}
$data merge entity $(bone127) {transformation: [0.1423f,-0.852f,-0.5039f,0.8105f,0.9048f,-0.0945f,0.4153f,2.3348f,-0.4014f,-0.515f,0.7574f,-0.314f,0f,0f,0f,1f],start_interpolation: 0,interpolation_duration: 0}
$data merge entity $(bone125) {transformation: [0.0099f,-1.1944f,-0.7339f,0.6431f,1.3758f,-0.1324f,0.2341f,2.4901f,-0.2687f,-0.722f,1.1713f,-0.0582f,0f,0f,0f,1f],start_interpolation: 0,interpolation_duration: 0}
$data merge entity $(bone129) {transformation: [1.0306f,-1.5888f,-0.2233f,0.4662f,0.117f,-0.1761f,2.0016f,3.7283f,-1.7264f,-0.9604f,0.0023f,2.6791f,0f,0f,0f,1f],start_interpolation: 0,interpolation_duration: 0}
$data merge entity $(bone130) {transformation: [0.5306f,-0.852f,-0.1955f,0.8684f,0.2115f,-0.0945f,1.0542f,1.4989f,-0.9166f,-0.515f,0.1301f,-0.2566f,0f,0f,0f,1f],start_interpolation: 0,interpolation_duration: 0}
$data merge entity $(bone131) {transformation: [0.4503f,-0.852f,-0.3421f,0.7188f,0.5105f,-0.0945f,0.9463f,2.0754f,-0.8385f,-0.515f,0.3924f,-0.1149f,0f,0f,0f,1f],start_interpolation: 0,interpolation_duration: 0}
$data merge entity $(bone128) {transformation: [0.3652f,-0.8982f,-0.4712f,0.609f,0.778f,-0.0996f,0.8243f,2.3762f,-0.7468f,-0.5429f,0.6284f,0.0011f,0f,0f,0f,1f],start_interpolation: 0,interpolation_duration: 0}
$data merge entity $(bone132) {transformation: [-0.2232f,-0.852f,-0.4736f,0.4855f,0.9553f,-0.0945f,-0.2802f,2.5071f,0.194f,-0.515f,0.835f,0.2042f,0f,0f,0f,1f],start_interpolation: 0,interpolation_duration: 0}
$data merge entity $(bone133) {transformation: [-0.3902f,-1.4464f,-0.6996f,0.5503f,1.6704f,-0.1604f,-0.4138f,2.527f,0.3392f,-0.8743f,1.2332f,0.105f,0f,0f,0f,1f],start_interpolation: 0,interpolation_duration: 0}
$data merge entity $(w5) {transformation: [-0.2232f,-0.852f,-0.4736f,0.5592f,0.9553f,-0.0945f,-0.2802f,2.4601f,0.194f,-0.515f,0.835f,0.1156f,0f,0f,0f,1f],start_interpolation: 0,interpolation_duration: 0}
$data merge entity $(w2) {transformation: [-0.5096f,-0.849f,-0.1397f,0.7098f,0.4313f,-0.1116f,-0.8953f,1.6972f,0.7445f,-0.5165f,0.423f,-0.015f,0f,0f,0f,1f],start_interpolation: 0,interpolation_duration: 0}
$data merge entity $(wing3) {transformation: [-0.066f,-0.849f,-0.5243f,0.2175f,0.9922f,-0.1116f,0.0559f,1.7599f,-0.1059f,-0.5165f,0.8497f,0.7807f,0f,0f,0f,1f],start_interpolation: 0,interpolation_duration: 0}
$data merge entity $(bone104) {transformation: [-0.066f,0.849f,0.5243f,-0.2562f,-0.9922f,-0.1116f,0.0559f,1.6559f,0.1059f,-0.5165f,0.8497f,0.7744f,0f,0f,0f,1f],start_interpolation: 0,interpolation_duration: 0}
$data merge entity $(bone105) {transformation: [-0.1294f,0.849f,0.5123f,-0.7361f,-0.9916f,-0.1116f,-0.0655f,1.6809f,0.0016f,-0.5165f,0.8563f,-0.0315f,0f,0f,0f,1f],start_interpolation: 0,interpolation_duration: 0}
$data merge entity $(bone106) {transformation: [-0.4975f,0.849f,-0.1779f,-1.6125f,0.1602f,-0.1116f,-0.9808f,0.9528f,-0.8525f,-0.5165f,-0.0805f,0.6379f,0f,0f,0f,1f],start_interpolation: 0,interpolation_duration: 0}
$data merge entity $(bone107) {transformation: [0f,0f,0f,-0.9893f,0f,0f,0f,1.7831f,0f,0f,0f,-0.4581f,0f,0f,0f,1f],start_interpolation: 0,interpolation_duration: 0}
$data merge entity $(bone109) {transformation: [0.0402f,1.7312f,1.0002f,-0.9576f,-1.8257f,-0.1919f,0.3008f,1.311f,0.4013f,-1.0464f,1.5996f,2.3095f,0f,0f,0f,1f],start_interpolation: 0,interpolation_duration: 0}
$data merge entity $(bone110) {transformation: [-0.1083f,0.852f,0.4806f,-0.7303f,-0.9062f,-0.0945f,-0.0896f,2.6554f,-0.013f,-0.515f,0.8115f,-0.2402f,0f,0f,0f,1f],start_interpolation: 0,interpolation_duration: 0}
$data merge entity $(bone108) {transformation: [-0.3528f,1.3127f,0.6721f,-0.5653f,-1.313f,-0.1455f,-0.4947f,2.632f,-0.3429f,-0.7935f,1.2026f,0.0354f,0f,0f,0f,1f],start_interpolation: 0,interpolation_duration: 0}
$data merge entity $(bone112) {transformation: [0.2679f,0.852f,0.4499f,-1.1557f,-0.7665f,-0.0945f,0.6353f,1.9448f,0.5838f,-0.515f,0.6277f,-0.8125f,0f,0f,0f,1f],start_interpolation: 0,interpolation_duration: 0}
$data merge entity $(bone113) {transformation: [0.1423f,0.852f,0.5039f,-0.8105f,-0.9048f,-0.0945f,0.4153f,2.3348f,0.4014f,-0.515f,0.7574f,-0.314f,0f,0f,0f,1f],start_interpolation: 0,interpolation_duration: 0}
$data merge entity $(bone111) {transformation: [0.0099f,1.1944f,0.7339f,-0.6431f,-1.3758f,-0.1324f,0.2341f,2.4901f,0.2687f,-0.722f,1.1713f,-0.0582f,0f,0f,0f,1f],start_interpolation: 0,interpolation_duration: 0}
$data merge entity $(bone115) {transformation: [1.0306f,1.5888f,0.2233f,-0.4662f,-0.117f,-0.1761f,2.0016f,3.7283f,1.7264f,-0.9604f,0.0023f,2.6791f,0f,0f,0f,1f],start_interpolation: 0,interpolation_duration: 0}
$data merge entity $(bone116) {transformation: [0.5306f,0.852f,0.1955f,-0.8684f,-0.2115f,-0.0945f,1.0542f,1.4989f,0.9166f,-0.515f,0.1301f,-0.2566f,0f,0f,0f,1f],start_interpolation: 0,interpolation_duration: 0}
$data merge entity $(bone117) {transformation: [0.4503f,0.852f,0.3421f,-0.7188f,-0.5105f,-0.0945f,0.9463f,2.0754f,0.8385f,-0.515f,0.3924f,-0.1149f,0f,0f,0f,1f],start_interpolation: 0,interpolation_duration: 0}
$data merge entity $(bone114) {transformation: [0.3652f,0.8982f,0.4712f,-0.609f,-0.778f,-0.0996f,0.8243f,2.3762f,0.7468f,-0.5429f,0.6284f,0.0011f,0f,0f,0f,1f],start_interpolation: 0,interpolation_duration: 0}
$data merge entity $(bone134) {transformation: [-0.2232f,0.852f,0.4736f,-0.4855f,-0.9553f,-0.0945f,-0.2802f,2.5071f,-0.194f,-0.515f,0.835f,0.2042f,0f,0f,0f,1f],start_interpolation: 0,interpolation_duration: 0}
$data merge entity $(bone135) {transformation: [-0.3902f,1.4464f,0.6996f,-0.5503f,-1.6704f,-0.1604f,-0.4138f,2.527f,-0.3392f,-0.8743f,1.2332f,0.105f,0f,0f,0f,1f],start_interpolation: 0,interpolation_duration: 0}
$data merge entity $(w4) {transformation: [-0.2232f,0.852f,0.4736f,-0.5592f,-0.9553f,-0.0945f,-0.2802f,2.4601f,-0.194f,-0.515f,0.835f,0.1156f,0f,0f,0f,1f],start_interpolation: 0,interpolation_duration: 0}
$data merge entity $(w3) {transformation: [-0.5096f,0.849f,0.1397f,-0.7098f,-0.4313f,-0.1116f,-0.8953f,1.6972f,-0.7445f,-0.5165f,0.423f,-0.015f,0f,0f,0f,1f],start_interpolation: 0,interpolation_duration: 0}
$data merge entity $(wing2) {transformation: [-0.066f,0.849f,0.5243f,-0.2175f,-0.9922f,-0.1116f,0.0559f,1.7599f,0.1059f,-0.5165f,0.8497f,0.7807f,0f,0f,0f,1f],start_interpolation: 0,interpolation_duration: 0}
$data merge entity $(bone20) {transformation: [-1f,0f,0f,-0.1563f,0f,-0.1733f,0.9849f,1.513f,0f,0.9849f,0.1733f,0.3246f,0f,0f,0f,1f],start_interpolation: 0,interpolation_duration: 0}
$data merge entity $(bone101) {transformation: [-1f,0f,0f,0f,0f,-0.4079f,0.913f,1.1883f,0f,0.913f,0.4079f,-2.6348f,0f,0f,0f,1f],start_interpolation: 0,interpolation_duration: 0}
$data merge entity $(bone100) {transformation: [-1f,0f,0f,0f,0f,0.0434f,0.9991f,0.7359f,0f,0.9991f,-0.0434f,-2.6089f,0f,0f,0f,1f],start_interpolation: 0,interpolation_duration: 0}
$data merge entity $(bone99) {transformation: [-1f,0f,0f,0f,0f,0.4579f,0.889f,0.2858f,0f,0.889f,-0.4579f,-2.3771f,0f,0f,0f,1f],start_interpolation: 0,interpolation_duration: 0}
$data merge entity $(bone98) {transformation: [-1f,0f,0f,0f,0f,0.8807f,0.4736f,0.052f,0f,0.4736f,-0.8807f,-1.9423f,0f,0f,0f,1f],start_interpolation: 0,interpolation_duration: 0}
$data merge entity $(bone97) {transformation: [-1f,0f,0f,0f,0f,0.991f,-0.1341f,0.1207f,0f,-0.1341f,-0.991f,-1.4344f,0f,0f,0f,1f],start_interpolation: 0,interpolation_duration: 0}
$data merge entity $(bone96) {transformation: [-1f,0f,0f,0f,0f,0.8642f,-0.5031f,0.3723f,0f,-0.5031f,-0.8642f,-1.0023f,0f,0f,0f,1f],start_interpolation: 0,interpolation_duration: 0}
$data merge entity $(bone95) {transformation: [-1f,0f,0f,0f,0f,0.6729f,-0.7397f,0.7375f,0f,-0.7397f,-0.6729f,-0.67f,0f,0f,0f,1f],start_interpolation: 0,interpolation_duration: 0}
$data merge entity $(bone94) {transformation: [-1f,0f,0f,0f,0f,0.6059f,-0.7956f,1.1303f,0f,-0.7956f,-0.6059f,-0.3709f,0f,0f,0f,1f],start_interpolation: 0,interpolation_duration: 0}
$data merge entity $(bone93) {transformation: [-1f,0f,0f,0f,0f,0.7348f,-0.6783f,1.3868f,0f,-0.6783f,-0.7348f,-0.093f,0f,0f,0f,1f],start_interpolation: 0,interpolation_duration: 0}
$data merge entity $(bone) {transformation: [-1f,0f,0f,0f,0f,0.5373f,0.8434f,1.2945f,0f,0.8434f,-0.5373f,-0.0343f,0f,0f,0f,1f],start_interpolation: 0,interpolation_duration: 0}
$data merge entity $(bone24) {transformation: [-0.9666f,-0.256f,-0.0125f,0.1031f,-0.2558f,0.9604f,0.1107f,1.2359f,-0.0163f,0.1103f,-0.9938f,-0.0352f,0f,0f,0f,1f],start_interpolation: 0,interpolation_duration: 0}
$data merge entity $(bone32) {transformation: [-0.9975f,-0.0424f,-0.0562f,0.2249f,-0.0679f,0.3684f,0.9272f,0.6007f,-0.0186f,0.9287f,-0.3704f,-0.353f,0f,0f,0f,1f],start_interpolation: 0,interpolation_duration: 0}
$data merge entity $(bone36) {transformation: [-0.9987f,-0.0404f,-0.0308f,0.3384f,-0.0377f,0.9959f,-0.0826f,0.2682f,0.034f,-0.0813f,-0.9961f,-1.0405f,0f,0f,0f,1f],start_interpolation: 0,interpolation_duration: 0}
$data merge entity $(bone35) {transformation: [-0.9987f,-0.0195f,-0.0469f,0.2969f,-0.0377f,0.9037f,0.4264f,0.3995f,0.034f,0.4277f,-0.9033f,-0.972f,0f,0f,0f,1f],start_interpolation: 0,interpolation_duration: 0}
$data merge entity $(bone34) {transformation: [-0.9987f,-0.0133f,-0.049f,0.2968f,-0.0377f,0.8403f,0.5408f,0.4813f,0.034f,0.5419f,-0.8398f,-0.9218f,0f,0f,0f,1f],start_interpolation: 0,interpolation_duration: 0}
$data merge entity $(bone77) {transformation: [-0.9285f,0.3713f,0.0068f,0.1043f,-0.0265f,-0.048f,-0.9985f,0.0694f,-0.3704f,-0.9273f,0.0544f,-0.3586f,0f,0f,0f,1f],start_interpolation: 0,interpolation_duration: 0}
$data merge entity $(bone75) {transformation: [-0.9285f,0.3713f,0.0068f,0.1697f,-0.0265f,-0.048f,-0.9985f,0.0624f,-0.3704f,-0.9273f,0.0544f,-0.5327f,0f,0f,0f,1f],start_interpolation: 0,interpolation_duration: 0}
$data merge entity $(bone39) {transformation: [-0.9285f,0.3713f,0.0068f,0.2343f,-0.0265f,-0.048f,-0.9985f,0.0522f,-0.3704f,-0.9273f,0.0544f,-0.6905f,0f,0f,0f,1f],start_interpolation: 0,interpolation_duration: 0}
$data merge entity $(bone76) {transformation: [-0.9656f,-0.26f,-0.0027f,0.495f,0.0042f,-0.0052f,-1f,0.0544f,0.26f,-0.9656f,0.0061f,-0.3301f,0f,0f,0f,1f],start_interpolation: 0,interpolation_duration: 0}
$data merge entity $(bone74) {transformation: [-0.9656f,-0.26f,-0.0027f,0.4824f,0.0042f,-0.0052f,-1f,0.0624f,0.26f,-0.9656f,0.0061f,-0.5266f,0f,0f,0f,1f],start_interpolation: 0,interpolation_duration: 0}
$data merge entity $(bone40) {transformation: [-0.9656f,-0.26f,-0.0027f,0.4367f,0.0042f,-0.0052f,-1f,0.0594f,0.26f,-0.9656f,0.0061f,-0.6911f,0f,0f,0f,1f],start_interpolation: 0,interpolation_duration: 0}
$data merge entity $(bone79) {transformation: [-0.9984f,0.0515f,0.0218f,0.3059f,-0.0222f,-0.007f,-0.9997f,0.0602f,-0.0513f,-0.9986f,0.0081f,-0.2925f,0f,0f,0f,1f],start_interpolation: 0,interpolation_duration: 0}
$data merge entity $(bone78) {transformation: [-0.9984f,0.0515f,0.0218f,0.3202f,-0.0222f,-0.007f,-0.9997f,0.0609f,-0.0513f,-0.9986f,0.0081f,-0.4928f,0f,0f,0f,1f],start_interpolation: 0,interpolation_duration: 0}
$data merge entity $(bone41) {transformation: [-0.9984f,0.0515f,0.0218f,0.3292f,-0.0222f,-0.007f,-0.9997f,0.0574f,-0.0513f,-0.9986f,0.0081f,-0.6918f,0f,0f,0f,1f],start_interpolation: 0,interpolation_duration: 0}
$data merge entity $(bone38) {transformation: [-0.9998f,-0.0131f,0.0148f,0.3365f,-0.0187f,0.8732f,-0.4871f,0.3078f,-0.0066f,-0.4872f,-0.8732f,-0.8063f,0f,0f,0f,1f],start_interpolation: 0,interpolation_duration: 0}
$data merge entity $(bone33) {transformation: [-0.9985f,-0.0501f,-0.0207f,0.3129f,-0.0542f,0.9025f,0.4273f,0.5469f,-0.0027f,0.4277f,-0.9039f,-0.6923f,0f,0f,0f,1f],start_interpolation: 0,interpolation_duration: 0}
$data merge entity $(bone31) {transformation: [-0.9975f,-0.0326f,-0.0624f,0.2818f,-0.0679f,0.2104f,0.9753f,0.5996f,-0.0186f,0.9771f,-0.2121f,0.1708f,0f,0f,0f,1f],start_interpolation: 0,interpolation_duration: 0}
$data merge entity $(bone19) {transformation: [-0.9852f,-0.1693f,0.0262f,0.1713f,-0.1711f,0.9788f,-0.1123f,1.2434f,-0.0066f,-0.1151f,-0.9933f,-0.0343f,0f,0f,0f,1f],start_interpolation: 0,interpolation_duration: 0}
$data merge entity $(bone44) {transformation: [-0.7968f,0.5389f,0.2732f,-0.1115f,0.1717f,0.6355f,-0.7528f,1.2374f,-0.5793f,-0.5529f,-0.5989f,-0.0011f,0f,0f,0f,1f],start_interpolation: 0,interpolation_duration: 0}
$data merge entity $(bone46) {transformation: [-0.8902f,-0.229f,0.3938f,-0.2917f,0.0667f,0.7896f,0.61f,0.7802f,-0.4507f,0.5693f,-0.6876f,0.1262f,0f,0f,0f,1f],start_interpolation: 0,interpolation_duration: 0}
$data merge entity $(bone50) {transformation: [-0.872f,-0.1322f,0.4714f,-0.0806f,0.0316f,0.9456f,0.3238f,0.3321f,-0.4885f,0.2972f,-0.8203f,-0.5322f,0f,0f,0f,1f],start_interpolation: 0,interpolation_duration: 0}
$data merge entity $(bone49) {transformation: [-0.872f,-0.3502f,0.3421f,-0.1002f,0.0316f,0.657f,0.7532f,0.4256f,-0.4885f,0.6676f,-0.5618f,-0.4116f,0f,0f,0f,1f],start_interpolation: 0,interpolation_duration: 0}
$data merge entity $(bone48) {transformation: [-0.872f,-0.3919f,0.2935f,-0.1384f,0.0316f,0.5531f,0.8325f,0.4804f,-0.4885f,0.7352f,-0.4699f,-0.3427f,0f,0f,0f,1f],start_interpolation: 0,interpolation_duration: 0}
$data merge entity $(bone54) {transformation: [-0.981f,0.1931f,-0.0177f,-0.2577f,0.0046f,-0.0679f,-0.9977f,0.0674f,-0.1939f,-0.9788f,0.0657f,0.2163f,0f,0f,0f,1f],start_interpolation: 0,interpolation_duration: 0}
$data merge entity $(bone53) {transformation: [-0.981f,0.1931f,-0.0177f,-0.2178f,0.0046f,-0.0679f,-0.9977f,0.0567f,-0.1939f,-0.9788f,0.0657f,0.0348f,0f,0f,0f,1f],start_interpolation: 0,interpolation_duration: 0}
$data merge entity $(bone52) {transformation: [-0.981f,0.1931f,-0.0177f,-0.1861f,0.0046f,-0.0679f,-0.9977f,0.0431f,-0.1939f,-0.9788f,0.0657f,-0.1325f,0f,0f,0f,1f],start_interpolation: 0,interpolation_duration: 0}
$data merge entity $(bone57) {transformation: [-0.729f,0.6845f,-0.0105f,-0.5868f,-0.0037f,-0.0193f,-0.9998f,0.0571f,-0.6845f,-0.7288f,0.0166f,0.0647f,0f,0f,0f,1f],start_interpolation: 0,interpolation_duration: 0}
$data merge entity $(bone56) {transformation: [-0.729f,0.6845f,-0.0105f,-0.483f,-0.0037f,-0.0193f,-0.9998f,0.0624f,-0.6845f,-0.7288f,0.0166f,-0.1027f,0f,0f,0f,1f],start_interpolation: 0,interpolation_duration: 0}
$data merge entity $(bone55) {transformation: [-0.729f,0.6845f,-0.0105f,-0.3651f,-0.0037f,-0.0193f,-0.9998f,0.057f,-0.6845f,-0.7288f,0.0166f,-0.2262f,0f,0f,0f,1f],start_interpolation: 0,interpolation_duration: 0}
$data merge entity $(bone60) {transformation: [-0.8815f,0.4702f,-0.0436f,-0.4554f,0.0197f,-0.0555f,-0.9983f,0.0738f,-0.4718f,-0.8808f,0.0396f,0.1765f,0f,0f,0f,1f],start_interpolation: 0,interpolation_duration: 0}
$data merge entity $(bone59) {transformation: [-0.8815f,0.4702f,-0.0436f,-0.3644f,0.0197f,-0.0555f,-0.9983f,0.0647f,-0.4718f,-0.8808f,0.0396f,-0.0023f,0f,0f,0f,1f],start_interpolation: 0,interpolation_duration: 0}
$data merge entity $(bone58) {transformation: [-0.8815f,0.4702f,-0.0436f,-0.2696f,0.0197f,-0.0555f,-0.9983f,0.0516f,-0.4718f,-0.8808f,0.0396f,-0.1771f,0f,0f,0f,1f],start_interpolation: 0,interpolation_duration: 0}
$data merge entity $(bone51) {transformation: [-0.8881f,0.2097f,0.409f,-0.2311f,0.0506f,0.929f,-0.3667f,0.315f,-0.4568f,-0.305f,-0.8356f,-0.2476f,0f,0f,0f,1f],start_interpolation: 0,interpolation_duration: 0}
$data merge entity $(bone47) {transformation: [-0.8881f,-0.1255f,0.4422f,-0.2555f,0.0506f,0.9295f,0.3654f,0.5613f,-0.4568f,0.3469f,-0.8191f,-0.1504f,0f,0f,0f,1f],start_interpolation: 0,interpolation_duration: 0}
$data merge entity $(bone45) {transformation: [-0.8902f,-0.2909f,0.3506f,-0.5396f,0.0667f,0.678f,0.732f,1.0456f,-0.4507f,0.675f,-0.5842f,0.5079f,0f,0f,0f,1f],start_interpolation: 0,interpolation_duration: 0}
$data merge entity $(bone43) {transformation: [-0.8408f,0.5169f,0.161f,-0.1713f,0.1157f,0.4621f,-0.8792f,1.2434f,-0.5289f,-0.7206f,-0.4483f,-0.0343f,0f,0f,0f,1f],start_interpolation: 0,interpolation_duration: 0}