# This file was generated by Animated Java via MC-Build. It is not recommended to edit this file directly.
$data merge entity $(bone5) {transformation: [-0.9947f,-0.1024f,0.0024f,0.3852f,-0.0939f,0.9212f,0.3777f,1.4492f,-0.0409f,0.3755f,-0.9259f,0.9728f,0f,0f,0f,1f],start_interpolation: 0,interpolation_duration: 0}
$data merge entity $(bone6) {transformation: [0.0254f,-0.264f,-0.9642f,0.4946f,-0.469f,0.8486f,-0.2447f,1.2227f,0.8828f,0.4584f,-0.1023f,0.8894f,0f,0f,0f,1f],start_interpolation: 0,interpolation_duration: 0}
$data merge entity $(bone8) {transformation: [-0.262f,-0.0717f,0.9624f,0.6411f,-0.108f,0.9931f,0.0446f,0.5443f,-0.959f,-0.0922f,-0.2679f,0.7378f,0f,0f,0f,1f],start_interpolation: 0,interpolation_duration: 0}
$data merge entity $(bone9) {transformation: [-0.262f,-0.0717f,0.9624f,0.8004f,-0.108f,0.9931f,0.0446f,0.7173f,-0.959f,-0.0922f,-0.2679f,0.6672f,0f,0f,0f,1f],start_interpolation: 0,interpolation_duration: 0}
$data merge entity $(bone10) {transformation: [-0.2283f,-0.1472f,0.9624f,0.6231f,-0.4016f,0.9147f,0.0446f,0.5344f,-0.8869f,-0.3764f,-0.2679f,0.7143f,0f,0f,0f,1f],start_interpolation: 0,interpolation_duration: 0}
$data merge entity $(bone12) {transformation: [-0.1654f,-0.5273f,0.8334f,0.7727f,-0.9126f,0.4021f,0.0733f,0.0387f,-0.3738f,-0.7485f,-0.5477f,0.9401f,0f,0f,0f,1f],start_interpolation: 0,interpolation_duration: 0}
$data merge entity $(bone15) {transformation: [0.9847f,-0.1f,0.143f,0.3738f,-0.163f,-0.2339f,0.9585f,0.0287f,-0.0624f,-0.9671f,-0.2466f,0.9888f,0f,0f,0f,1f],start_interpolation: 0,interpolation_duration: 0}
$data merge entity $(bone14) {transformation: [0.9826f,-0.1f,-0.1565f,0.5003f,0.1297f,-0.2339f,0.9636f,0.0465f,-0.133f,-0.9671f,-0.2168f,0.9701f,0f,0f,0f,1f],start_interpolation: 0,interpolation_duration: 0}
$data merge entity $(bone13) {transformation: [0.8698f,-0.1f,-0.4831f,0.6135f,0.4514f,-0.2339f,0.8611f,0.1028f,-0.1991f,-0.9671f,-0.1583f,0.9415f,0f,0f,0f,1f],start_interpolation: 0,interpolation_duration: 0}
$data merge entity $(bone18) {transformation: [-0.0641f,-0.9973f,-0.0365f,0.7549f,0.6685f,-0.0158f,-0.7435f,-0.2847f,0.7409f,-0.0721f,0.6677f,1.1379f,0f,0f,0f,1f],start_interpolation: 0,interpolation_duration: 0}
$data merge entity $(bone17) {transformation: [-0.0257f,-0.9973f,-0.0692f,0.7499f,0.99f,-0.0158f,-0.1399f,-0.0897f,0.1384f,-0.0721f,0.9878f,1.1652f,0f,0f,0f,1f],start_interpolation: 0,interpolation_duration: 0}
$data merge entity $(bone16) {transformation: [0.0274f,-0.9973f,-0.0685f,0.7497f,0.8274f,-0.0158f,0.5614f,0.0307f,-0.561f,-0.0721f,0.8247f,1.0812f,0f,0f,0f,1f],start_interpolation: 0,interpolation_duration: 0}
$data merge entity $(bone27) {transformation: [-0.8409f,-0.5331f,-0.0931f,1.1914f,-0.0798f,-0.0481f,0.9957f,0.0292f,-0.5353f,0.8447f,-0.0021f,1.1374f,0f,0f,0f,1f],start_interpolation: 0,interpolation_duration: 0}
$data merge entity $(bone26) {transformation: [-0.8286f,-0.5537f,-0.0827f,1.0594f,-0.0765f,-0.0345f,0.9965f,0.0184f,-0.5546f,0.832f,-0.0138f,1.0569f,0f,0f,0f,1f],start_interpolation: 0,interpolation_duration: 0}
$data merge entity $(bone25) {transformation: [-0.8218f,-0.5537f,0.1345f,0.9081f,0.184f,-0.0345f,0.9823f,0.0499f,-0.5392f,0.832f,0.1302f,0.9627f,0f,0f,0f,1f],start_interpolation: 0,interpolation_duration: 0}
$data merge entity $(bone30) {transformation: [0.1668f,-0.8757f,0.453f,0.9237f,0.9045f,-0.047f,-0.4239f,-0.3093f,0.3925f,0.4805f,0.7843f,1.1573f,0f,0f,0f,1f],start_interpolation: 0,interpolation_duration: 0}
$data merge entity $(bone29) {transformation: [-0.0862f,-0.8757f,0.475f,0.9105f,0.9945f,-0.047f,0.0939f,-0.1132f,-0.0599f,0.4805f,0.8749f,1.1434f,0f,0f,0f,1f],start_interpolation: 0,interpolation_duration: 0}
$data merge entity $(bone28) {transformation: [-0.3507f,-0.8757f,0.3318f,0.8351f,0.7459f,-0.047f,0.6644f,0.0364f,-0.5662f,0.4805f,0.6697f,1.0298f,0f,0f,0f,1f],start_interpolation: 0,interpolation_duration: 0}
$data merge entity $(bone7) {transformation: [0.9624f,-0.0831f,0.2586f,0.6016f,0.0446f,0.9875f,0.1512f,0.8783f,-0.2679f,-0.134f,0.9541f,0.6886f,0f,0f,0f,1f],start_interpolation: 0,interpolation_duration: 0}
$data merge entity $(bone4) {transformation: [-0.9642f,-0.2652f,0.0024f,0.3501f,-0.2447f,0.893f,0.3777f,1.5546f,-0.1023f,0.3636f,-0.9259f,0.9878f,0f,0f,0f,1f],start_interpolation: 0,interpolation_duration: 0}
$data merge entity $(bone62) {transformation: [-0.912f,0.3475f,0.2179f,-0.4149f,0.4074f,0.7066f,0.5785f,1.4745f,0.047f,0.6164f,-0.786f,0.9438f,0f,0f,0f,1f],start_interpolation: 0,interpolation_duration: 0}
$data merge entity $(bone63) {transformation: [0.2683f,0.4677f,0.8422f,-0.5807f,0.6412f,0.5658f,-0.5185f,1.3266f,-0.719f,0.6791f,-0.1481f,0.7992f,0f,0f,0f,1f],start_interpolation: 0,interpolation_duration: 0}
$data merge entity $(bone65) {transformation: [-0.0554f,0.1578f,-0.9859f,-0.8334f,0.2253f,0.9639f,0.1417f,0.7801f,0.9727f,-0.2143f,-0.0889f,0.602f,0f,0f,0f,1f],start_interpolation: 0,interpolation_duration: 0}
$data merge entity $(bone66) {transformation: [-0.0554f,0.1578f,-0.9859f,-0.984f,0.2253f,0.9639f,0.1417f,0.9648f,0.9727f,-0.2143f,-0.0889f,0.5432f,0f,0f,0f,1f],start_interpolation: 0,interpolation_duration: 0}
$data merge entity $(bone67) {transformation: [-0.0053f,0.1672f,-0.9859f,-0.8214f,0.5047f,0.8516f,0.1417f,0.7659f,0.8633f,-0.4969f,-0.0889f,0.5769f,0f,0f,0f,1f],start_interpolation: 0,interpolation_duration: 0}
$data merge entity $(bone69) {transformation: [-0.2748f,0.0953f,-0.9568f,-0.9103f,0.3685f,0.9296f,-0.0132f,0.2088f,0.8881f,-0.3562f,-0.2905f,0.7693f,0f,0f,0f,1f],start_interpolation: 0,interpolation_duration: 0}
$data merge entity $(bone72) {transformation: [0.935f,0.2755f,0.2234f,-0.6267f,-0.287f,0.2175f,0.9329f,0.1238f,0.2084f,-0.9364f,0.2824f,0.8021f,0f,0f,0f,1f],start_interpolation: 0,interpolation_duration: 0}
$data merge entity $(bone71) {transformation: [0.7441f,0.2755f,0.6086f,-0.7216f,-0.6649f,0.2175f,0.7145f,0.2109f,0.0644f,-0.9364f,0.345f,0.7931f,0f,0f,0f,1f],start_interpolation: 0,interpolation_duration: 0}
$data merge entity $(bone70) {transformation: [0.4911f,0.2755f,0.8264f,-0.7858f,-0.8692f,0.2175f,0.444f,0.3235f,-0.0575f,-0.9364f,0.3463f,0.7969f,0f,0f,0f,1f],start_interpolation: 0,interpolation_duration: 0}
$data merge entity $(bone81) {transformation: [0.059f,0.9854f,0.1594f,-0.8099f,-0.9394f,0.0008f,0.3428f,-0.1459f,0.3377f,-0.17f,0.9258f,1.0567f,0f,0f,0f,1f],start_interpolation: 0,interpolation_duration: 0}
$data merge entity $(bone80) {transformation: [0.0758f,0.9854f,0.1522f,-0.8248f,-0.8973f,0.0008f,0.4415f,0.0309f,0.435f,-0.17f,0.8843f,0.971f,0f,0f,0f,1f],start_interpolation: 0,interpolation_duration: 0}
$data merge entity $(bone73) {transformation: [0.1184f,0.9854f,0.1219f,-0.8381f,-0.7206f,0.0008f,0.6934f,0.1354f,0.6832f,-0.17f,0.7102f,0.8689f,0f,0f,0f,1f],start_interpolation: 0,interpolation_duration: 0}
$data merge entity $(bone84) {transformation: [-0.7125f,0.6928f,0.1109f,-1.2541f,0.1354f,-0.0192f,0.9906f,0.0292f,0.6885f,0.7208f,-0.0801f,1.0208f,0f,0f,0f,1f],start_interpolation: 0,interpolation_duration: 0}
$data merge entity $(bone83) {transformation: [-0.6876f,0.7104f,-0.1499f,-1.1433f,-0.2121f,0.0009f,0.9772f,0.0632f,0.6944f,0.7037f,0.1501f,0.918f,0f,0f,0f,1f],start_interpolation: 0,interpolation_duration: 0}
$data merge entity $(bone82) {transformation: [-0.6254f,0.7104f,-0.3228f,-1.0265f,-0.4578f,0.0009f,0.889f,0.1446f,0.6319f,0.7037f,0.3247f,0.8062f,0f,0f,0f,1f],start_interpolation: 0,interpolation_duration: 0}
$data merge entity $(bone103) {transformation: [-0.1505f,0.9469f,-0.2842f,-1.0228f,-0.8892f,-0.004f,0.4574f,-0.1576f,0.432f,0.3215f,0.8426f,1.0992f,0f,0f,0f,1f],start_interpolation: 0,interpolation_duration: 0}
$data merge entity $(bone102) {transformation: [-0.1932f,0.9469f,-0.257f,-0.9888f,-0.8065f,-0.004f,0.5913f,0.0013f,0.5588f,0.3215f,0.7644f,0.9877f,0f,0f,0f,1f],start_interpolation: 0,interpolation_duration: 0}
$data merge entity $(bone85) {transformation: [-0.2486f,0.9469f,-0.204f,-0.9341f,-0.6435f,-0.004f,0.7654f,0.1302f,0.724f,0.3215f,0.6103f,0.8415f,0f,0f,0f,1f],start_interpolation: 0,interpolation_duration: 0}
$data merge entity $(bone64) {transformation: [0.9859f,0.1601f,-0.0484f,-0.7689f,-0.1417f,0.9532f,0.2671f,1.1007f,0.0889f,-0.2565f,0.9624f,0.5094f,0f,0f,0f,1f],start_interpolation: 0,interpolation_duration: 0}
$data merge entity $(bone61) {transformation: [-0.8422f,0.4932f,0.2179f,-0.3501f,0.5185f,0.6297f,0.5785f,1.5546f,0.1481f,0.6002f,-0.786f,0.9878f,0f,0f,0f,1f],start_interpolation: 0,interpolation_duration: 0}
$data merge entity $(bone23) {transformation: [-0.7934f,-0.6088f,0f,0.1071f,-0.0784f,0.1022f,0.9917f,1.4773f,-0.6037f,0.7867f,-0.1289f,1.0109f,0f,0f,0f,1f],start_interpolation: 0,interpolation_duration: 0}
$data merge entity $(bone22) {transformation: [-0.7934f,0.6088f,0f,-0.1071f,0.0784f,0.1022f,0.9917f,1.4773f,0.6037f,0.7867f,-0.1289f,1.0109f,0f,0f,0f,1f],start_interpolation: 0,interpolation_duration: 0}
$data merge entity $(bone89) {transformation: [-1f,0.0072f,0.0007f,0.002f,0.0057f,0.7353f,0.6777f,2.181f,0.0043f,0.6777f,-0.7353f,1.4381f,0f,0f,0f,1f],start_interpolation: 0,interpolation_duration: 0}
$data merge entity $(bone90) {transformation: [-1f,0.0069f,0.0019f,0.0013f,0.0057f,0.6065f,0.7951f,2.1136f,0.0043f,0.7951f,-0.6065f,1.3641f,0f,0f,0f,1f],start_interpolation: 0,interpolation_duration: 0}
$data merge entity $(bone88) {transformation: [-1f,0.0071f,0.0013f,0.0312f,0.0057f,0.6735f,0.7392f,1.9658f,0.0043f,0.7392f,-0.6735f,1.2576f,0f,0f,0f,1f],start_interpolation: 0,interpolation_duration: 0}
$data merge entity $(bone42) {transformation: [-1f,0f,0f,0f,0f,0.7358f,0.6772f,1.6983f,0f,0.6772f,-0.7358f,1.6814f,0f,0f,0f,1f],start_interpolation: 0,interpolation_duration: 0}
$data merge entity $(bone87) {transformation: [-0.9998f,0.0157f,-0.0096f,-0.0044f,0.0042f,0.6995f,0.7146f,1.2853f,0.0179f,0.7145f,-0.6994f,2.2659f,0f,0f,0f,1f],start_interpolation: 0,interpolation_duration: 0}
$data merge entity $(bone86) {transformation: [-1f,0f,0f,0f,0f,0.7751f,0.6318f,1.4256f,0f,0.6318f,-0.7751f,2.086f,0f,0f,0f,1f],start_interpolation: 0,interpolation_duration: 0}
$data merge entity $(bone92) {transformation: [-0.8818f,0.2593f,-0.3939f,0.1194f,-0.0335f,0.7988f,0.6006f,1.7738f,0.4704f,0.5428f,-0.6957f,1.7162f,0f,0f,0f,1f],start_interpolation: 0,interpolation_duration: 0}
$data merge entity $(bone3) {transformation: [-0.8818f,-0.2593f,0.3939f,-0.1194f,0.0335f,0.7988f,0.6006f,1.7738f,-0.4704f,0.5428f,-0.6957f,1.7162f,0f,0f,0f,1f],start_interpolation: 0,interpolation_duration: 0}
$data merge entity $(head) {transformation: [-1f,0f,0f,0f,0f,0.8071f,0.5904f,1.6811f,0f,0.5904f,-0.8071f,1.4985f,0f,0f,0f,1f],start_interpolation: 0,interpolation_duration: 0}
$data merge entity $(neck) {transformation: [-1f,0f,0f,0f,0f,0.6268f,0.7792f,1.5754f,0f,0.7792f,-0.6268f,1.367f,0f,0f,0f,1f],start_interpolation: 0,interpolation_duration: 0}
$data merge entity $(bone2) {transformation: [-1f,0f,0f,0f,0f,0.1289f,0.9917f,1.5138f,0f,0.9917f,-0.1289f,1.0551f,0f,0f,0f,1f],start_interpolation: 0,interpolation_duration: 0}
$data merge entity $(bone136) {transformation: [-1f,0f,0f,0f,0f,0.1806f,1.0021f,1.4959f,0f,0.9836f,-0.184f,0.8592f,0f,0f,0f,1f],start_interpolation: 0,interpolation_duration: 0}
$data merge entity $(bone118) {transformation: [-0.0641f,-0.849f,-0.5245f,0.256f,0.9922f,-0.1104f,0.0575f,1.6577f,-0.1067f,-0.5167f,0.8495f,0.775f,0f,0f,0f,1f],start_interpolation: 0,interpolation_duration: 0}
$data merge entity $(bone119) {transformation: [-0.1275f,-0.849f,-0.5128f,0.7363f,0.9918f,-0.1104f,-0.0639f,1.6812f,-0.0024f,-0.5167f,0.8561f,-0.0308f,0f,0f,0f,1f],start_interpolation: 0,interpolation_duration: 0}
$data merge entity $(bone120) {transformation: [-0.4982f,-0.849f,0.1761f,1.6111f,-0.1586f,-0.1104f,-0.9811f,0.9519f,0.8524f,-0.5167f,-0.0797f,0.6395f,0f,0f,0f,1f],start_interpolation: 0,interpolation_duration: 0}
$data merge entity $(bone121) {transformation: [0f,0f,0f,0.9898f,0f,0f,0f,1.7826f,0f,0f,0f,-0.4573f,0f,0f,0f,1f],start_interpolation: 0,interpolation_duration: 0}
$data merge entity $(bone123) {transformation: [0.0306f,-1.7311f,-1.0635f,0.9212f,1.9898f,-0.1894f,0.3657f,1.2076f,-0.4107f,-1.047f,1.6923f,2.3874f,0f,0f,0f,1f],start_interpolation: 0,interpolation_duration: 0}
$data merge entity $(bone124) {transformation: [-0.1209f,-0.8519f,-0.5095f,0.7424f,0.9925f,-0.0932f,-0.0796f,2.6518f,0.0203f,-0.5153f,0.8568f,-0.2561f,0f,0f,0f,1f],start_interpolation: 0,interpolation_duration: 0}
$data merge entity $(bone122) {transformation: [-0.3831f,-1.3127f,-0.71f,0.5675f,1.4453f,-0.1436f,-0.5143f,2.6325f,0.3719f,-0.7939f,1.267f,0.035f,0f,0f,0f,1f],start_interpolation: 0,interpolation_duration: 0}
$data merge entity $(bone126) {transformation: [0.2709f,-0.8519f,-0.4481f,1.1561f,0.7637f,-0.0932f,0.6388f,1.9405f,-0.586f,-0.5153f,0.6254f,-0.8103f,0f,0f,0f,1f],start_interpolation: 0,interpolation_duration: 0}
$data merge entity $(bone127) {transformation: [0.1456f,-0.8519f,-0.503f,0.8119f,0.903f,-0.0932f,0.4194f,2.3333f,-0.4042f,-0.5153f,0.7557f,-0.3134f,0f,0f,0f,1f],start_interpolation: 0,interpolation_duration: 0}
$data merge entity $(bone125) {transformation: [0.0147f,-1.1943f,-0.7339f,0.6449f,1.3749f,-0.1307f,0.2403f,2.49f,-0.2731f,-0.7223f,1.17f,-0.0581f,0f,0f,0f,1f],start_interpolation: 0,interpolation_duration: 0}
$data merge entity $(bone129) {transformation: [1.0321f,-1.5887f,-0.2166f,0.4703f,0.108f,-0.1739f,2.0023f,3.7375f,-1.7261f,-0.9609f,-0.0042f,2.6751f,0f,0f,0f,1f],start_interpolation: 0,interpolation_duration: 0}
$data merge entity $(bone130) {transformation: [0.5319f,-0.8519f,-0.192f,0.867f,0.2068f,-0.0932f,1.0552f,1.4974f,-0.9169f,-0.5153f,0.1266f,-0.2532f,0f,0f,0f,1f],start_interpolation: 0,interpolation_duration: 0}
$data merge entity $(bone131) {transformation: [0.4525f,-0.8519f,-0.3392f,0.7193f,0.5063f,-0.0932f,0.9487f,2.0748f,-0.8398f,-0.5153f,0.3891f,-0.1134f,0f,0f,0f,1f],start_interpolation: 0,interpolation_duration: 0}
$data merge entity $(bone128) {transformation: [0.3683f,-0.8982f,-0.4689f,0.6104f,0.7744f,-0.0983f,0.8279f,2.3764f,-0.749f,-0.5432f,0.6254f,0.0015f,0f,0f,0f,1f],start_interpolation: 0,interpolation_duration: 0}
$data merge entity $(bone132) {transformation: [-0.2201f,-0.8519f,-0.4751f,0.4872f,0.9567f,-0.0932f,-0.2759f,2.5083f,0.1907f,-0.5153f,0.8355f,0.2041f,0f,0f,0f,1f],start_interpolation: 0,interpolation_duration: 0}
$data merge entity $(bone133) {transformation: [-0.3848f,-1.4463f,-0.7018f,0.5521f,1.6728f,-0.1583f,-0.4075f,2.5278f,0.3335f,-0.8748f,1.2341f,0.1049f,0f,0f,0f,1f],start_interpolation: 0,interpolation_duration: 0}
$data merge entity $(w5) {transformation: [-0.2201f,-0.8519f,-0.4751f,0.5607f,0.9567f,-0.0932f,-0.2759f,2.4608f,0.1907f,-0.5153f,0.8355f,0.1157f,0f,0f,0f,1f],start_interpolation: 0,interpolation_duration: 0}
$data merge entity $(w2) {transformation: [-0.5091f,-0.849f,-0.1415f,0.71f,0.4328f,-0.1104f,-0.8947f,1.6976f,0.744f,-0.5167f,0.4237f,-0.0143f,0f,0f,0f,1f],start_interpolation: 0,interpolation_duration: 0}
$data merge entity $(wing3) {transformation: [-0.0641f,-0.849f,-0.5245f,0.2175f,0.9922f,-0.1104f,0.0575f,1.7618f,-0.1067f,-0.5167f,0.8495f,0.7812f,0f,0f,0f,1f],start_interpolation: 0,interpolation_duration: 0}
$data merge entity $(bone104) {transformation: [-0.0641f,0.849f,0.5245f,-0.256f,-0.9922f,-0.1104f,0.0575f,1.6577f,0.1067f,-0.5167f,0.8495f,0.775f,0f,0f,0f,1f],start_interpolation: 0,interpolation_duration: 0}
$data merge entity $(bone105) {transformation: [-0.1275f,0.849f,0.5128f,-0.7363f,-0.9918f,-0.1104f,-0.0639f,1.6812f,0.0024f,-0.5167f,0.8561f,-0.0308f,0f,0f,0f,1f],start_interpolation: 0,interpolation_duration: 0}
$data merge entity $(bone106) {transformation: [-0.4982f,0.849f,-0.1761f,-1.6111f,0.1586f,-0.1104f,-0.9811f,0.9519f,-0.8524f,-0.5167f,-0.0797f,0.6395f,0f,0f,0f,1f],start_interpolation: 0,interpolation_duration: 0}
$data merge entity $(bone107) {transformation: [0f,0f,0f,-0.9898f,0f,0f,0f,1.7826f,0f,0f,0f,-0.4573f,0f,0f,0f,1f],start_interpolation: 0,interpolation_duration: 0}
$data merge entity $(bone109) {transformation: [0.0466f,1.7311f,1.0003f,-0.9538f,-1.8243f,-0.1894f,0.3093f,1.3174f,0.4071f,-1.047f,1.5979f,2.3136f,0f,0f,0f,1f],start_interpolation: 0,interpolation_duration: 0}
$data merge entity $(bone110) {transformation: [-0.1053f,0.8519f,0.4814f,-0.7328f,-0.9066f,-0.0932f,-0.0854f,2.6544f,-0.01f,-0.5153f,0.8115f,-0.2406f,0f,0f,0f,1f],start_interpolation: 0,interpolation_duration: 0}
$data merge entity $(bone108) {transformation: [-0.3486f,1.3127f,0.6745f,-0.5675f,-1.3152f,-0.1436f,-0.4886f,2.6325f,-0.3385f,-0.7939f,1.2037f,0.035f,0f,0f,0f,1f],start_interpolation: 0,interpolation_duration: 0}
$data merge entity $(bone112) {transformation: [0.2709f,0.8519f,0.4481f,-1.1561f,-0.7637f,-0.0932f,0.6388f,1.9405f,0.586f,-0.5153f,0.6254f,-0.8103f,0f,0f,0f,1f],start_interpolation: 0,interpolation_duration: 0}
$data merge entity $(bone113) {transformation: [0.1456f,0.8519f,0.503f,-0.8119f,-0.903f,-0.0932f,0.4194f,2.3333f,0.4042f,-0.5153f,0.7557f,-0.3134f,0f,0f,0f,1f],start_interpolation: 0,interpolation_duration: 0}
$data merge entity $(bone111) {transformation: [0.0147f,1.1943f,0.7339f,-0.6449f,-1.3749f,-0.1307f,0.2403f,2.49f,0.2731f,-0.7223f,1.17f,-0.0581f,0f,0f,0f,1f],start_interpolation: 0,interpolation_duration: 0}
$data merge entity $(bone115) {transformation: [1.0321f,1.5887f,0.2166f,-0.4703f,-0.108f,-0.1739f,2.0023f,3.7375f,1.7261f,-0.9609f,-0.0042f,2.6751f,0f,0f,0f,1f],start_interpolation: 0,interpolation_duration: 0}
$data merge entity $(bone116) {transformation: [0.5319f,0.8519f,0.192f,-0.867f,-0.2068f,-0.0932f,1.0552f,1.4974f,0.9169f,-0.5153f,0.1266f,-0.2532f,0f,0f,0f,1f],start_interpolation: 0,interpolation_duration: 0}
$data merge entity $(bone117) {transformation: [0.4525f,0.8519f,0.3392f,-0.7193f,-0.5063f,-0.0932f,0.9487f,2.0748f,0.8398f,-0.5153f,0.3891f,-0.1134f,0f,0f,0f,1f],start_interpolation: 0,interpolation_duration: 0}
$data merge entity $(bone114) {transformation: [0.3683f,0.8982f,0.4689f,-0.6104f,-0.7744f,-0.0983f,0.8279f,2.3764f,0.749f,-0.5432f,0.6254f,0.0015f,0f,0f,0f,1f],start_interpolation: 0,interpolation_duration: 0}
$data merge entity $(bone134) {transformation: [-0.2201f,0.8519f,0.4751f,-0.4872f,-0.9567f,-0.0932f,-0.2759f,2.5083f,-0.1907f,-0.5153f,0.8355f,0.2041f,0f,0f,0f,1f],start_interpolation: 0,interpolation_duration: 0}
$data merge entity $(bone135) {transformation: [-0.3848f,1.4463f,0.7018f,-0.5521f,-1.6728f,-0.1583f,-0.4075f,2.5278f,-0.3335f,-0.8748f,1.2341f,0.1049f,0f,0f,0f,1f],start_interpolation: 0,interpolation_duration: 0}
$data merge entity $(w4) {transformation: [-0.2201f,0.8519f,0.4751f,-0.5607f,-0.9567f,-0.0932f,-0.2759f,2.4608f,-0.1907f,-0.5153f,0.8355f,0.1157f,0f,0f,0f,1f],start_interpolation: 0,interpolation_duration: 0}
$data merge entity $(w3) {transformation: [-0.5091f,0.849f,0.1415f,-0.71f,-0.4328f,-0.1104f,-0.8947f,1.6976f,-0.744f,-0.5167f,0.4237f,-0.0143f,0f,0f,0f,1f],start_interpolation: 0,interpolation_duration: 0}
$data merge entity $(wing2) {transformation: [-0.0641f,0.849f,0.5245f,-0.2175f,-0.9922f,-0.1104f,0.0575f,1.7618f,0.1067f,-0.5167f,0.8495f,0.7812f,0f,0f,0f,1f],start_interpolation: 0,interpolation_duration: 0}
$data merge entity $(bone20) {transformation: [-1f,0f,0f,-0.1563f,0f,-0.1753f,0.9845f,1.5158f,0f,0.9845f,0.1753f,0.3246f,0f,0f,0f,1f],start_interpolation: 0,interpolation_duration: 0}
$data merge entity $(bone101) {transformation: [-1f,0f,0f,0f,0f,-0.4211f,0.907f,1.1835f,0f,0.907f,0.4211f,-2.6371f,0f,0f,0f,1f],start_interpolation: 0,interpolation_duration: 0}
$data merge entity $(bone100) {transformation: [-1f,0f,0f,0f,0f,0.0396f,0.9992f,0.731f,0f,0.9992f,-0.0396f,-2.6129f,0f,0f,0f,1f],start_interpolation: 0,interpolation_duration: 0}
$data merge entity $(bone99) {transformation: [-1f,0f,0f,0f,0f,0.4667f,0.8844f,0.2832f,0f,0.8844f,-0.4667f,-2.3767f,0f,0f,0f,1f],start_interpolation: 0,interpolation_duration: 0}
$data merge entity $(bone98) {transformation: [-1f,0f,0f,0f,0f,0.8837f,0.468f,0.0521f,0f,0.468f,-0.8837f,-1.9403f,0f,0f,0f,1f],start_interpolation: 0,interpolation_duration: 0}
$data merge entity $(bone97) {transformation: [-1f,0f,0f,0f,0f,0.9908f,-0.1355f,0.1216f,0f,-0.1355f,-0.9908f,-1.4326f,0f,0f,0f,1f],start_interpolation: 0,interpolation_duration: 0}
$data merge entity $(bone96) {transformation: [-1f,0f,0f,0f,0f,0.8635f,-0.5044f,0.3738f,0f,-0.5044f,-0.8635f,-1.0008f,0f,0f,0f,1f],start_interpolation: 0,interpolation_duration: 0}
$data merge entity $(bone95) {transformation: [-1f,0f,0f,0f,0f,0.6718f,-0.7407f,0.7395f,0f,-0.7407f,-0.6718f,-0.6691f,0f,0f,0f,1f],start_interpolation: 0,interpolation_duration: 0}
$data merge entity $(bone94) {transformation: [-1f,0f,0f,0f,0f,0.6047f,-0.7964f,1.1327f,0f,-0.7964f,-0.6047f,-0.3705f,0f,0f,0f,1f],start_interpolation: 0,interpolation_duration: 0}
$data merge entity $(bone93) {transformation: [-1f,0f,0f,0f,0f,0.7338f,-0.6793f,1.3896f,0f,-0.6793f,-0.7338f,-0.093f,0f,0f,0f,1f],start_interpolation: 0,interpolation_duration: 0}
$data merge entity $(bone) {transformation: [-1f,0f,0f,0f,0f,0.5373f,0.8434f,1.2974f,0f,0.8434f,-0.5373f,-0.0343f,0f,0f,0f,1f],start_interpolation: 0,interpolation_duration: 0}
$data merge entity $(bone24) {transformation: [-0.9666f,-0.2561f,-0.0119f,0.1031f,-0.2559f,0.9608f,0.1072f,1.2387f,-0.016f,0.1067f,-0.9942f,-0.0352f,0f,0f,0f,1f],start_interpolation: 0,interpolation_duration: 0}
$data merge entity $(bone32) {transformation: [-0.9975f,-0.0431f,-0.0559f,0.2252f,-0.0679f,0.3731f,0.9253f,0.6016f,-0.019f,0.9268f,-0.3751f,-0.3507f,0f,0f,0f,1f],start_interpolation: 0,interpolation_duration: 0}
$data merge entity $(bone36) {transformation: [-0.9987f,-0.0393f,-0.0317f,0.3383f,-0.0368f,0.9964f,-0.0768f,0.2694f,0.0346f,-0.0755f,-0.9965f,-1.0395f,0f,0f,0f,1f],start_interpolation: 0,interpolation_duration: 0}
$data merge entity $(bone35) {transformation: [-0.9987f,-0.0182f,-0.0471f,0.297f,-0.0368f,0.9013f,0.4317f,0.4004f,0.0346f,0.4329f,-0.9008f,-0.9702f,0f,0f,0f,1f],start_interpolation: 0,interpolation_duration: 0}
$data merge entity $(bone34) {transformation: [-0.9987f,-0.0119f,-0.049f,0.2971f,-0.0368f,0.8372f,0.5456f,0.4819f,0.0346f,0.5467f,-0.8366f,-0.9195f,0f,0f,0f,1f],start_interpolation: 0,interpolation_duration: 0}
$data merge entity $(bone77) {transformation: [-0.9288f,0.3705f,0.0041f,0.1045f,-0.0242f,-0.0495f,-0.9985f,0.0693f,-0.3697f,-0.9275f,0.0549f,-0.3586f,0f,0f,0f,1f],start_interpolation: 0,interpolation_duration: 0}
$data merge entity $(bone75) {transformation: [-0.9288f,0.3705f,0.0041f,0.1697f,-0.0242f,-0.0495f,-0.9985f,0.062f,-0.3697f,-0.9275f,0.0549f,-0.5329f,0f,0f,0f,1f],start_interpolation: 0,interpolation_duration: 0}
$data merge entity $(bone39) {transformation: [-0.9288f,0.3705f,0.0041f,0.2342f,-0.0242f,-0.0495f,-0.9985f,0.0515f,-0.3697f,-0.9275f,0.0549f,-0.6907f,0f,0f,0f,1f],start_interpolation: 0,interpolation_duration: 0}
$data merge entity $(bone76) {transformation: [-0.9653f,-0.261f,-0.0034f,0.4953f,0.0053f,-0.0065f,-1f,0.054f,0.261f,-0.9653f,0.0077f,-0.3304f,0f,0f,0f,1f],start_interpolation: 0,interpolation_duration: 0}
$data merge entity $(bone74) {transformation: [-0.9653f,-0.261f,-0.0034f,0.4825f,0.0053f,-0.0065f,-1f,0.0617f,0.261f,-0.9653f,0.0077f,-0.5269f,0f,0f,0f,1f],start_interpolation: 0,interpolation_duration: 0}
$data merge entity $(bone40) {transformation: [-0.9653f,-0.261f,-0.0034f,0.4366f,0.0053f,-0.0065f,-1f,0.0586f,0.261f,-0.9653f,0.0077f,-0.6914f,0f,0f,0f,1f],start_interpolation: 0,interpolation_duration: 0}
$data merge entity $(bone79) {transformation: [-0.9986f,0.0499f,0.0203f,0.3065f,-0.0207f,-0.0082f,-0.9998f,0.06f,-0.0497f,-0.9987f,0.0092f,-0.2926f,0f,0f,0f,1f],start_interpolation: 0,interpolation_duration: 0}
$data merge entity $(bone78) {transformation: [-0.9986f,0.0499f,0.0203f,0.3204f,-0.0207f,-0.0082f,-0.9998f,0.0604f,-0.0497f,-0.9987f,0.0092f,-0.493f,0f,0f,0f,1f],start_interpolation: 0,interpolation_duration: 0}
$data merge entity $(bone41) {transformation: [-0.9986f,0.0499f,0.0203f,0.3291f,-0.0207f,-0.0082f,-0.9998f,0.0567f,-0.0497f,-0.9987f,0.0092f,-0.692f,0f,0f,0f,1f],start_interpolation: 0,interpolation_duration: 0}
$data merge entity $(bone38) {transformation: [-0.9998f,-0.0125f,0.0136f,0.3366f,-0.0175f,0.876f,-0.482f,0.3077f,-0.0059f,-0.4822f,-0.876f,-0.805f,0f,0f,0f,1f],start_interpolation: 0,interpolation_duration: 0}
$data merge entity $(bone33) {transformation: [-0.9986f,-0.0488f,-0.0209f,0.3134f,-0.053f,0.9001f,0.4325f,0.5462f,-0.0023f,0.433f,-0.9014f,-0.6896f,0f,0f,0f,1f],start_interpolation: 0,interpolation_duration: 0}
$data merge entity $(bone31) {transformation: [-0.9975f,-0.0333f,-0.0622f,0.2816f,-0.0679f,0.2152f,0.9742f,0.6032f,-0.019f,0.976f,-0.2169f,0.1731f,0f,0f,0f,1f],start_interpolation: 0,interpolation_duration: 0}
$data merge entity $(bone19) {transformation: [-0.9852f,-0.1692f,0.0268f,0.1713f,-0.1711f,0.9784f,-0.1158f,1.2462f,-0.0066f,-0.1187f,-0.9929f,-0.0343f,0f,0f,0f,1f],start_interpolation: 0,interpolation_duration: 0}
$data merge entity $(bone44) {transformation: [-0.7969f,0.5379f,0.2749f,-0.1115f,0.172f,0.6382f,-0.7504f,1.2403f,-0.5791f,-0.5508f,-0.6011f,-0.0011f,0f,0f,0f,1f],start_interpolation: 0,interpolation_duration: 0}
$data merge entity $(bone46) {transformation: [-0.8901f,-0.2294f,0.3938f,-0.2914f,0.0664f,0.7896f,0.61f,0.7807f,-0.4508f,0.5692f,-0.6876f,0.1256f,0f,0f,0f,1f],start_interpolation: 0,interpolation_duration: 0}
$data merge entity $(bone50) {transformation: [-0.8719f,-0.1319f,0.4716f,-0.0802f,0.0313f,0.9461f,0.3224f,0.3319f,-0.4887f,0.2959f,-0.8208f,-0.5324f,0f,0f,0f,1f],start_interpolation: 0,interpolation_duration: 0}
$data merge entity $(bone49) {transformation: [-0.8719f,-0.35f,0.3424f,-0.0998f,0.0313f,0.6581f,0.7523f,0.4256f,-0.4887f,0.6666f,-0.5629f,-0.412f,0f,0f,0f,1f],start_interpolation: 0,interpolation_duration: 0}
$data merge entity $(bone48) {transformation: [-0.8719f,-0.3917f,0.2938f,-0.138f,0.0313f,0.5543f,0.8317f,0.4806f,-0.4887f,0.7344f,-0.471f,-0.3432f,0f,0f,0f,1f],start_interpolation: 0,interpolation_duration: 0}
$data merge entity $(bone54) {transformation: [-0.981f,0.1934f,-0.0161f,-0.2576f,0.0033f,-0.0662f,-0.9978f,0.0672f,-0.194f,-0.9789f,0.0643f,0.2165f,0f,0f,0f,1f],start_interpolation: 0,interpolation_duration: 0}
$data merge entity $(bone53) {transformation: [-0.981f,0.1934f,-0.0161f,-0.2176f,0.0033f,-0.0662f,-0.9978f,0.0569f,-0.194f,-0.9789f,0.0643f,0.0349f,0f,0f,0f,1f],start_interpolation: 0,interpolation_duration: 0}
$data merge entity $(bone52) {transformation: [-0.981f,0.1934f,-0.0161f,-0.1859f,0.0033f,-0.0662f,-0.9978f,0.0435f,-0.194f,-0.9789f,0.0643f,-0.1324f,0f,0f,0f,1f],start_interpolation: 0,interpolation_duration: 0}
$data merge entity $(bone57) {transformation: [-0.7289f,0.6845f,-0.0095f,-0.5866f,-0.0044f,-0.0185f,-0.9998f,0.0572f,-0.6846f,-0.7287f,0.0165f,0.0647f,0f,0f,0f,1f],start_interpolation: 0,interpolation_duration: 0}
$data merge entity $(bone56) {transformation: [-0.7289f,0.6845f,-0.0095f,-0.4828f,-0.0044f,-0.0185f,-0.9998f,0.0626f,-0.6846f,-0.7287f,0.0165f,-0.1026f,0f,0f,0f,1f],start_interpolation: 0,interpolation_duration: 0}
$data merge entity $(bone55) {transformation: [-0.7289f,0.6845f,-0.0095f,-0.3649f,-0.0044f,-0.0185f,-0.9998f,0.0574f,-0.6846f,-0.7287f,0.0165f,-0.2261f,0f,0f,0f,1f],start_interpolation: 0,interpolation_duration: 0}
$data merge entity $(bone60) {transformation: [-0.8814f,0.4704f,-0.0427f,-0.4552f,0.0194f,-0.0543f,-0.9983f,0.0737f,-0.4719f,-0.8808f,0.0387f,0.1766f,0f,0f,0f,1f],start_interpolation: 0,interpolation_duration: 0}
$data merge entity $(bone59) {transformation: [-0.8814f,0.4704f,-0.0427f,-0.3642f,0.0194f,-0.0543f,-0.9983f,0.0649f,-0.4719f,-0.8808f,0.0387f,-0.0022f,0f,0f,0f,1f],start_interpolation: 0,interpolation_duration: 0}
$data merge entity $(bone58) {transformation: [-0.8814f,0.4704f,-0.0427f,-0.2694f,0.0194f,-0.0543f,-0.9983f,0.052f,-0.4719f,-0.8808f,0.0387f,-0.177f,0f,0f,0f,1f],start_interpolation: 0,interpolation_duration: 0}
$data merge entity $(bone51) {transformation: [-0.888f,0.2101f,0.4089f,-0.2307f,0.0502f,0.9285f,-0.368f,0.3153f,-0.457f,-0.3063f,-0.8351f,-0.2479f,0f,0f,0f,1f],start_interpolation: 0,interpolation_duration: 0}
$data merge entity $(bone47) {transformation: [-0.888f,-0.1252f,0.4424f,-0.2551f,0.0502f,0.93f,0.3641f,0.5618f,-0.457f,0.3455f,-0.8196f,-0.151f,0f,0f,0f,1f],start_interpolation: 0,interpolation_duration: 0}
$data merge entity $(bone45) {transformation: [-0.8901f,-0.2912f,0.3505f,-0.5394f,0.0664f,0.6781f,0.732f,1.0461f,-0.4508f,0.6748f,-0.5842f,0.5072f,0f,0f,0f,1f],start_interpolation: 0,interpolation_duration: 0}
$data merge entity $(bone43) {transformation: [-0.8408f,0.5163f,0.1629f,-0.1713f,0.1157f,0.4653f,-0.8776f,1.2462f,-0.5289f,-0.719f,-0.4509f,-0.0343f,0f,0f,0f,1f],start_interpolation: 0,interpolation_duration: 0}