# This file was generated by Animated Java via MC-Build. It is not recommended to edit this file directly.
$data merge entity $(bone5) {transformation: [-0.9947f,-0.1024f,0.0031f,0.3852f,-0.0937f,0.9214f,0.3771f,1.4511f,-0.0415f,0.3748f,-0.9262f,0.973f,0f,0f,0f,1f],start_interpolation: 0,interpolation_duration: 0}
$data merge entity $(bone6) {transformation: [0.0246f,-0.264f,-0.9642f,0.4946f,-0.4684f,0.849f,-0.2445f,1.2245f,0.8832f,0.4577f,-0.1028f,0.8898f,0f,0f,0f,1f],start_interpolation: 0,interpolation_duration: 0}
$data merge entity $(bone8) {transformation: [-0.2616f,-0.0724f,0.9625f,0.6413f,-0.1067f,0.9932f,0.0457f,0.5458f,-0.9593f,-0.0908f,-0.2675f,0.738f,0f,0f,0f,1f],start_interpolation: 0,interpolation_duration: 0}
$data merge entity $(bone9) {transformation: [-0.2616f,-0.0724f,0.9625f,0.8005f,-0.1067f,0.9932f,0.0457f,0.719f,-0.9593f,-0.0908f,-0.2675f,0.6677f,0f,0f,0f,1f],start_interpolation: 0,interpolation_duration: 0}
$data merge entity $(bone10) {transformation: [-0.2277f,-0.1477f,0.9625f,0.6233f,-0.4004f,0.9152f,0.0457f,0.5359f,-0.8876f,-0.375f,-0.2675f,0.7145f,0f,0f,0f,1f],start_interpolation: 0,interpolation_duration: 0}
$data merge entity $(bone12) {transformation: [-0.1659f,-0.5269f,0.8336f,0.773f,-0.9112f,0.4051f,0.0747f,0.0397f,-0.377f,-0.7472f,-0.5473f,0.9393f,0f,0f,0f,1f],start_interpolation: 0,interpolation_duration: 0}
$data merge entity $(bone15) {transformation: [0.9849f,-0.1003f,0.1414f,0.3752f,-0.1613f,-0.2312f,0.9594f,0.0269f,-0.0635f,-0.9677f,-0.2439f,0.9887f,0f,0f,0f,1f],start_interpolation: 0,interpolation_duration: 0}
$data merge entity $(bone14) {transformation: [0.9807f,-0.1003f,-0.168f,0.5015f,0.1413f,-0.2312f,0.9626f,0.0462f,-0.1354f,-0.9677f,-0.2126f,0.9697f,0f,0f,0f,1f],start_interpolation: 0,interpolation_duration: 0}
$data merge entity $(bone13) {transformation: [0.8641f,-0.1003f,-0.4933f,0.6139f,0.462f,-0.2312f,0.8562f,0.1038f,-0.1999f,-0.9677f,-0.1535f,0.9409f,0f,0f,0f,1f],start_interpolation: 0,interpolation_duration: 0}
$data merge entity $(bone18) {transformation: [-0.0669f,-0.9971f,-0.0362f,0.7559f,0.7061f,-0.0216f,-0.7078f,-0.2817f,0.7049f,-0.0729f,0.7055f,1.1524f,0f,0f,0f,1f],start_interpolation: 0,interpolation_duration: 0}
$data merge entity $(bone17) {transformation: [-0.0279f,-0.9971f,-0.0708f,0.7504f,0.9959f,-0.0216f,-0.0883f,-0.0855f,0.0865f,-0.0729f,0.9936f,1.1694f,0f,0f,0f,1f],start_interpolation: 0,interpolation_duration: 0}
$data merge entity $(bone16) {transformation: [0.0261f,-0.9971f,-0.0714f,0.75f,0.8028f,-0.0216f,0.5958f,0.0312f,-0.5957f,-0.0729f,0.7999f,1.0804f,0f,0f,0f,1f],start_interpolation: 0,interpolation_duration: 0}
$data merge entity $(bone27) {transformation: [-0.8417f,-0.532f,-0.0927f,1.192f,-0.0774f,-0.051f,0.9957f,0.0293f,-0.5344f,0.8452f,0.0017f,1.1363f,0f,0f,0f,1f],start_interpolation: 0,interpolation_duration: 0}
$data merge entity $(bone26) {transformation: [-0.8294f,-0.5525f,-0.0824f,1.0599f,-0.0741f,-0.0373f,0.9966f,0.0188f,-0.5537f,0.8327f,-0.01f,1.0559f,0f,0f,0f,1f],start_interpolation: 0,interpolation_duration: 0}
$data merge entity $(bone25) {transformation: [-0.8225f,-0.5525f,0.1351f,0.9085f,0.1864f,-0.0373f,0.9818f,0.0507f,-0.5374f,0.8327f,0.1337f,0.9621f,0f,0f,0f,1f],start_interpolation: 0,interpolation_duration: 0}
$data merge entity $(bone30) {transformation: [0.1475f,-0.8754f,0.4603f,0.9307f,0.9208f,-0.0483f,-0.3869f,-0.3027f,0.361f,0.481f,0.799f,1.1681f,0f,0f,0f,1f],start_interpolation: 0,interpolation_duration: 0}
$data merge entity $(bone29) {transformation: [-0.1065f,-0.8754f,0.4715f,0.9135f,0.9898f,-0.0483f,0.134f,-0.1074f,-0.0945f,0.481f,0.8716f,1.1474f,0f,0f,0f,1f],start_interpolation: 0,interpolation_duration: 0}
$data merge entity $(bone28) {transformation: [-0.3639f,-0.8754f,0.3182f,0.8355f,0.7208f,-0.0483f,0.6914f,0.0371f,-0.5899f,0.481f,0.6486f,1.029f,0f,0f,0f,1f],start_interpolation: 0,interpolation_duration: 0}
$data merge entity $(bone7) {transformation: [0.9625f,-0.0837f,0.2581f,0.6016f,0.0457f,0.9876f,0.1499f,0.8799f,-0.2675f,-0.1325f,0.9544f,0.6893f,0f,0f,0f,1f],start_interpolation: 0,interpolation_duration: 0}
$data merge entity $(bone4) {transformation: [-0.9642f,-0.2652f,0.0031f,0.3501f,-0.2445f,0.8933f,0.3771f,1.5565f,-0.1028f,0.3628f,-0.9262f,0.9878f,0f,0f,0f,1f],start_interpolation: 0,interpolation_duration: 0}
$data merge entity $(bone62) {transformation: [-0.9115f,0.3505f,0.215f,-0.4152f,0.4082f,0.7079f,0.5765f,1.4763f,0.0499f,0.6132f,-0.7883f,0.9443f,0f,0f,0f,1f],start_interpolation: 0,interpolation_duration: 0}
$data merge entity $(bone63) {transformation: [0.2657f,0.471f,0.8412f,-0.5817f,0.6392f,0.5671f,-0.5194f,1.3282f,-0.7216f,0.6757f,-0.1504f,0.8008f,0f,0f,0f,1f],start_interpolation: 0,interpolation_duration: 0}
$data merge entity $(bone65) {transformation: [-0.0515f,0.1575f,-0.9862f,-0.8355f,0.2257f,0.9638f,0.1422f,0.7812f,0.9728f,-0.2152f,-0.0851f,0.6053f,0f,0f,0f,1f],start_interpolation: 0,interpolation_duration: 0}
$data merge entity $(bone66) {transformation: [-0.0515f,0.1575f,-0.9862f,-0.9862f,0.2257f,0.9638f,0.1422f,0.9659f,0.9728f,-0.2152f,-0.0851f,0.547f,0f,0f,0f,1f],start_interpolation: 0,interpolation_duration: 0}
$data merge entity $(bone67) {transformation: [-0.0017f,0.1657f,-0.9862f,-0.8236f,0.505f,0.8513f,0.1422f,0.767f,0.8631f,-0.4978f,-0.0851f,0.5802f,0f,0f,0f,1f],start_interpolation: 0,interpolation_duration: 0}
$data merge entity $(bone69) {transformation: [-0.2724f,0.0906f,-0.9579f,-0.9113f,0.3558f,0.9345f,-0.0128f,0.2094f,0.894f,-0.3443f,-0.2868f,0.7706f,0f,0f,0f,1f],start_interpolation: 0,interpolation_duration: 0}
$data merge entity $(bone72) {transformation: [0.9337f,0.2709f,0.2341f,-0.6273f,-0.2991f,0.2308f,0.9259f,0.1251f,0.1968f,-0.9345f,0.2965f,0.8012f,0f,0f,0f,1f],start_interpolation: 0,interpolation_duration: 0}
$data merge entity $(bone71) {transformation: [0.7467f,0.2709f,0.6075f,-0.7226f,-0.6631f,0.2308f,0.7121f,0.2119f,0.0527f,-0.9345f,0.3519f,0.7937f,0f,0f,0f,1f],start_interpolation: 0,interpolation_duration: 0}
$data merge entity $(bone70) {transformation: [0.4939f,0.2709f,0.8263f,-0.7871f,-0.8666f,0.2308f,0.4424f,0.3242f,-0.0708f,-0.9345f,0.3487f,0.7993f,0f,0f,0f,1f],start_interpolation: 0,interpolation_duration: 0}
$data merge entity $(bone81) {transformation: [0.0819f,0.9853f,0.1501f,-0.8075f,-0.8709f,-0.0025f,0.4915f,-0.1311f,0.4846f,-0.1709f,0.8579f,1.0769f,0f,0f,0f,1f],start_interpolation: 0,interpolation_duration: 0}
$data merge entity $(bone80) {transformation: [0.0841f,0.9853f,0.1488f,-0.824f,-0.8635f,-0.0025f,0.5044f,0.039f,0.4973f,-0.1709f,0.8505f,0.979f,0f,0f,0f,1f],start_interpolation: 0,interpolation_duration: 0}
$data merge entity $(bone73) {transformation: [0.1263f,0.9853f,0.1152f,-0.8385f,-0.6634f,-0.0025f,0.7483f,0.135f,0.7376f,-0.1709f,0.6533f,0.8689f,0f,0f,0f,1f],start_interpolation: 0,interpolation_duration: 0}
$data merge entity $(bone84) {transformation: [-0.7128f,0.6929f,0.1089f,-1.2549f,0.1326f,-0.0194f,0.991f,0.0294f,0.6887f,0.7208f,-0.0781f,1.0219f,0f,0f,0f,1f],start_interpolation: 0,interpolation_duration: 0}
$data merge entity $(bone83) {transformation: [-0.6878f,0.7105f,-0.1489f,-1.144f,-0.2108f,0.0008f,0.9775f,0.0631f,0.6946f,0.7037f,0.1492f,0.9191f,0f,0f,0f,1f],start_interpolation: 0,interpolation_duration: 0}
$data merge entity $(bone82) {transformation: [-0.6258f,0.7105f,-0.3218f,-1.0271f,-0.4566f,0.0008f,0.8897f,0.1443f,0.6323f,0.7037f,0.3239f,0.8071f,0f,0f,0f,1f],start_interpolation: 0,interpolation_duration: 0}
$data merge entity $(bone103) {transformation: [-0.1851f,0.9468f,-0.2631f,-1.027f,-0.8211f,-0.0019f,0.5707f,-0.1447f,0.5399f,0.3217f,0.7778f,1.1123f,0f,0f,0f,1f],start_interpolation: 0,interpolation_duration: 0}
$data merge entity $(bone102) {transformation: [-0.2033f,0.9468f,-0.2494f,-0.991f,-0.7786f,-0.0019f,0.6275f,0.0087f,0.5936f,0.3217f,0.7376f,0.994f,0f,0f,0f,1f],start_interpolation: 0,interpolation_duration: 0}
$data merge entity $(bone85) {transformation: [-0.2572f,0.9468f,-0.1932f,-0.9345f,-0.6051f,-0.0019f,0.7961f,0.1298f,0.7535f,0.3217f,0.5734f,0.842f,0f,0f,0f,1f],start_interpolation: 0,interpolation_duration: 0}
$data merge entity $(bone64) {transformation: [0.9862f,0.1596f,-0.0445f,-0.7712f,-0.1422f,0.953f,0.2675f,1.1017f,0.0851f,-0.2575f,0.9625f,0.5123f,0f,0f,0f,1f],start_interpolation: 0,interpolation_duration: 0}
$data merge entity $(bone61) {transformation: [-0.8412f,0.4962f,0.215f,-0.3501f,0.5194f,0.6308f,0.5765f,1.5565f,0.1504f,0.5966f,-0.7883f,0.9878f,0f,0f,0f,1f],start_interpolation: 0,interpolation_duration: 0}
$data merge entity $(bone23) {transformation: [-0.7934f,-0.6088f,0f,0.1071f,-0.0773f,0.1007f,0.9919f,1.4791f,-0.6038f,0.7869f,-0.1269f,1.0108f,0f,0f,0f,1f],start_interpolation: 0,interpolation_duration: 0}
$data merge entity $(bone22) {transformation: [-0.7934f,0.6088f,0f,-0.1071f,0.0773f,0.1007f,0.9919f,1.4791f,0.6038f,0.7869f,-0.1269f,1.0108f,0f,0f,0f,1f],start_interpolation: 0,interpolation_duration: 0}
$data merge entity $(bone89) {transformation: [-1f,0.0072f,0.0007f,0.002f,0.0057f,0.7299f,0.6836f,2.1815f,0.0044f,0.6835f,-0.7299f,1.443f,0f,0f,0f,1f],start_interpolation: 0,interpolation_duration: 0}
$data merge entity $(bone90) {transformation: [-1f,0.0069f,0.0019f,0.0013f,0.0057f,0.6001f,0.7999f,2.1148f,0.0044f,0.7999f,-0.6001f,1.3686f,0f,0f,0f,1f],start_interpolation: 0,interpolation_duration: 0}
$data merge entity $(bone88) {transformation: [-1f,0.0071f,0.0013f,0.0312f,0.0057f,0.6675f,0.7446f,1.9678f,0.0044f,0.7446f,-0.6675f,1.2608f,0f,0f,0f,1f],start_interpolation: 0,interpolation_duration: 0}
$data merge entity $(bone42) {transformation: [-1f,0f,0f,0f,0f,0.7389f,0.6738f,1.6969f,0f,0.6738f,-0.7389f,1.6825f,0f,0f,0f,1f],start_interpolation: 0,interpolation_duration: 0}
$data merge entity $(bone87) {transformation: [-0.9998f,0.0157f,-0.0096f,-0.0044f,0.004f,0.6938f,0.7202f,1.2792f,0.018f,0.72f,-0.6937f,2.2637f,0f,0f,0f,1f],start_interpolation: 0,interpolation_duration: 0}
$data merge entity $(bone86) {transformation: [-1f,0f,0f,0f,0f,0.77f,0.638f,1.421f,0f,0.638f,-0.77f,2.0849f,0f,0f,0f,1f],start_interpolation: 0,interpolation_duration: 0}
$data merge entity $(bone92) {transformation: [-0.8818f,0.2593f,-0.3939f,0.1194f,-0.0372f,0.7945f,0.6062f,1.7721f,0.4701f,0.5492f,-0.6909f,1.7179f,0f,0f,0f,1f],start_interpolation: 0,interpolation_duration: 0}
$data merge entity $(bone3) {transformation: [-0.8818f,-0.2593f,0.3939f,-0.1194f,0.0372f,0.7945f,0.6062f,1.7721f,-0.4701f,0.5492f,-0.6909f,1.7179f,0f,0f,0f,1f],start_interpolation: 0,interpolation_duration: 0}
$data merge entity $(head) {transformation: [-1f,0f,0f,0f,0f,0.8024f,0.5968f,1.6812f,0f,0.5968f,-0.8024f,1.4995f,0f,0f,0f,1f],start_interpolation: 0,interpolation_duration: 0}
$data merge entity $(neck) {transformation: [-1f,0f,0f,0f,0f,0.6206f,0.7842f,1.5765f,0f,0.7842f,-0.6206f,1.3671f,0f,0f,0f,1f],start_interpolation: 0,interpolation_duration: 0}
$data merge entity $(bone2) {transformation: [-1f,0f,0f,0f,0f,0.1269f,0.9919f,1.5155f,0f,0.9919f,-0.1269f,1.0551f,0f,0f,0f,1f],start_interpolation: 0,interpolation_duration: 0}
$data merge entity $(bone136) {transformation: [-1f,0f,0f,0f,0f,0.1787f,1.0084f,1.498f,0f,0.9839f,-0.1831f,0.8592f,0f,0f,0f,1f],start_interpolation: 0,interpolation_duration: 0}
$data merge entity $(bone118) {transformation: [-0.0623f,-0.849f,-0.5247f,0.2558f,0.9923f,-0.1092f,0.0589f,1.6599f,-0.1073f,-0.517f,0.8493f,0.7756f,0f,0f,0f,1f],start_interpolation: 0,interpolation_duration: 0}
$data merge entity $(bone119) {transformation: [-0.1258f,-0.849f,-0.5132f,0.7364f,0.9921f,-0.1092f,-0.0625f,1.6821f,-0.003f,-0.517f,0.856f,-0.03f,0f,0f,0f,1f],start_interpolation: 0,interpolation_duration: 0}
$data merge entity $(bone120) {transformation: [-0.4988f,-0.849f,0.1744f,1.6097f,-0.1573f,-0.1092f,-0.9815f,0.9517f,0.8523f,-0.517f,-0.079f,0.641f,0f,0f,0f,1f],start_interpolation: 0,interpolation_duration: 0}
$data merge entity $(bone121) {transformation: [0f,0f,0f,0.9903f,0f,0f,0f,1.7829f,0f,0f,0f,-0.4566f,0f,0f,0f,1f],start_interpolation: 0,interpolation_duration: 0}
$data merge entity $(bone123) {transformation: [0.0377f,-1.7311f,-1.0634f,0.9169f,1.9883f,-0.1871f,0.3749f,1.2152f,-0.4173f,-1.0475f,1.6904f,2.392f,0f,0f,0f,1f],start_interpolation: 0,interpolation_duration: 0}
$data merge entity $(bone124) {transformation: [-0.1176f,-0.8519f,-0.5103f,0.7448f,0.9929f,-0.0921f,-0.075f,2.6512f,0.017f,-0.5155f,0.8567f,-0.2564f,0f,0f,0f,1f],start_interpolation: 0,interpolation_duration: 0}
$data merge entity $(bone122) {transformation: [-0.3785f,-1.3126f,-0.7126f,0.5696f,1.4478f,-0.1418f,-0.5077f,2.6335f,0.3669f,-0.7943f,1.2683f,0.0346f,0f,0f,0f,1f],start_interpolation: 0,interpolation_duration: 0}
$data merge entity $(bone126) {transformation: [0.2738f,-0.8519f,-0.4464f,1.1564f,0.7608f,-0.0921f,0.6424f,1.9367f,-0.5884f,-0.5155f,0.6229f,-0.808f,0f,0f,0f,1f],start_interpolation: 0,interpolation_duration: 0}
$data merge entity $(bone127) {transformation: [0.149f,-0.8519f,-0.502f,0.8132f,0.9011f,-0.0921f,0.4236f,2.3323f,-0.4071f,-0.5155f,0.754f,-0.3126f,0f,0f,0f,1f],start_interpolation: 0,interpolation_duration: 0}
$data merge entity $(bone125) {transformation: [0.0196f,-1.1943f,-0.7339f,0.6465f,1.374f,-0.1291f,0.2467f,2.4904f,-0.2777f,-0.7227f,1.1687f,-0.058f,0f,0f,0f,1f],start_interpolation: 0,interpolation_duration: 0}
$data merge entity $(bone129) {transformation: [1.0336f,-1.5887f,-0.2098f,0.4744f,0.0987f,-0.1717f,2.003f,3.7476f,-1.7257f,-0.9614f,-0.011f,2.671f,0f,0f,0f,1f],start_interpolation: 0,interpolation_duration: 0}
$data merge entity $(bone130) {transformation: [0.5332f,-0.8519f,-0.1885f,0.8654f,0.2019f,-0.0921f,1.0563f,1.4965f,-0.9172f,-0.5155f,0.1229f,-0.2496f,0f,0f,0f,1f],start_interpolation: 0,interpolation_duration: 0}
$data merge entity $(bone131) {transformation: [0.4548f,-0.8519f,-0.3362f,0.7196f,0.5019f,-0.0921f,0.9511f,2.0748f,-0.8412f,-0.5155f,0.3857f,-0.1118f,0f,0f,0f,1f],start_interpolation: 0,interpolation_duration: 0}
$data merge entity $(bone128) {transformation: [0.3714f,-0.8981f,-0.4664f,0.6116f,0.7706f,-0.0971f,0.8316f,2.3771f,-0.7514f,-0.5435f,0.6223f,0.002f,0f,0f,0f,1f],start_interpolation: 0,interpolation_duration: 0}
$data merge entity $(bone132) {transformation: [-0.2169f,-0.8519f,-0.4766f,0.4887f,0.958f,-0.0921f,-0.2715f,2.5102f,0.1874f,-0.5155f,0.8361f,0.2041f,0f,0f,0f,1f],start_interpolation: 0,interpolation_duration: 0}
$data merge entity $(bone133) {transformation: [-0.3793f,-1.4463f,-0.704f,0.5538f,1.6752f,-0.1563f,-0.401f,2.529f,0.3277f,-0.8752f,1.235f,0.1049f,0f,0f,0f,1f],start_interpolation: 0,interpolation_duration: 0}
$data merge entity $(w5) {transformation: [-0.2169f,-0.8519f,-0.4766f,0.5622f,0.958f,-0.0921f,-0.2715f,2.4621f,0.1874f,-0.5155f,0.8361f,0.1159f,0f,0f,0f,1f],start_interpolation: 0,interpolation_duration: 0}
$data merge entity $(w2) {transformation: [-0.5086f,-0.849f,-0.1432f,0.7102f,0.4341f,-0.1092f,-0.8942f,1.6985f,0.7435f,-0.517f,0.4241f,-0.0136f,0f,0f,0f,1f],start_interpolation: 0,interpolation_duration: 0}
$data merge entity $(wing3) {transformation: [-0.0623f,-0.849f,-0.5247f,0.2175f,0.9923f,-0.1092f,0.0589f,1.7641f,-0.1073f,-0.517f,0.8493f,0.7817f,0f,0f,0f,1f],start_interpolation: 0,interpolation_duration: 0}
$data merge entity $(bone104) {transformation: [-0.0623f,0.849f,0.5247f,-0.2558f,-0.9923f,-0.1092f,0.0589f,1.6599f,0.1073f,-0.517f,0.8493f,0.7756f,0f,0f,0f,1f],start_interpolation: 0,interpolation_duration: 0}
$data merge entity $(bone105) {transformation: [-0.1258f,0.849f,0.5132f,-0.7364f,-0.9921f,-0.1092f,-0.0625f,1.6821f,0.003f,-0.517f,0.856f,-0.03f,0f,0f,0f,1f],start_interpolation: 0,interpolation_duration: 0}
$data merge entity $(bone106) {transformation: [-0.4988f,0.849f,-0.1744f,-1.6097f,0.1573f,-0.1092f,-0.9815f,0.9517f,-0.8523f,-0.517f,-0.079f,0.641f,0f,0f,0f,1f],start_interpolation: 0,interpolation_duration: 0}
$data merge entity $(bone107) {transformation: [0f,0f,0f,-0.9903f,0f,0f,0f,1.7829f,0f,0f,0f,-0.4566f,0f,0f,0f,1f],start_interpolation: 0,interpolation_duration: 0}
$data merge entity $(bone109) {transformation: [0.0531f,1.7311f,1.0003f,-0.95f,-1.8227f,-0.1871f,0.318f,1.3247f,0.4132f,-1.0475f,1.5962f,2.3178f,0f,0f,0f,1f],start_interpolation: 0,interpolation_duration: 0}
$data merge entity $(bone110) {transformation: [-0.1022f,0.8519f,0.4822f,-0.7351f,-0.907f,-0.0921f,-0.081f,2.6539f,-0.0069f,-0.5155f,0.8114f,-0.2409f,0f,0f,0f,1f],start_interpolation: 0,interpolation_duration: 0}
$data merge entity $(bone108) {transformation: [-0.3444f,1.3126f,0.677f,-0.5696f,-1.3175f,-0.1418f,-0.4823f,2.6335f,-0.3339f,-0.7943f,1.2049f,0.0346f,0f,0f,0f,1f],start_interpolation: 0,interpolation_duration: 0}
$data merge entity $(bone112) {transformation: [0.2738f,0.8519f,0.4464f,-1.1564f,-0.7608f,-0.0921f,0.6424f,1.9367f,0.5884f,-0.5155f,0.6229f,-0.808f,0f,0f,0f,1f],start_interpolation: 0,interpolation_duration: 0}
$data merge entity $(bone113) {transformation: [0.149f,0.8519f,0.502f,-0.8132f,-0.9011f,-0.0921f,0.4236f,2.3323f,0.4071f,-0.5155f,0.754f,-0.3126f,0f,0f,0f,1f],start_interpolation: 0,interpolation_duration: 0}
$data merge entity $(bone111) {transformation: [0.0196f,1.1943f,0.7339f,-0.6465f,-1.374f,-0.1291f,0.2467f,2.4904f,0.2777f,-0.7227f,1.1687f,-0.058f,0f,0f,0f,1f],start_interpolation: 0,interpolation_duration: 0}
$data merge entity $(bone115) {transformation: [1.0336f,1.5887f,0.2098f,-0.4744f,-0.0987f,-0.1717f,2.003f,3.7476f,1.7257f,-0.9614f,-0.011f,2.671f,0f,0f,0f,1f],start_interpolation: 0,interpolation_duration: 0}
$data merge entity $(bone116) {transformation: [0.5332f,0.8519f,0.1885f,-0.8654f,-0.2019f,-0.0921f,1.0563f,1.4965f,0.9172f,-0.5155f,0.1229f,-0.2496f,0f,0f,0f,1f],start_interpolation: 0,interpolation_duration: 0}
$data merge entity $(bone117) {transformation: [0.4548f,0.8519f,0.3362f,-0.7196f,-0.5019f,-0.0921f,0.9511f,2.0748f,0.8412f,-0.5155f,0.3857f,-0.1118f,0f,0f,0f,1f],start_interpolation: 0,interpolation_duration: 0}
$data merge entity $(bone114) {transformation: [0.3714f,0.8981f,0.4664f,-0.6116f,-0.7706f,-0.0971f,0.8316f,2.3771f,0.7514f,-0.5435f,0.6223f,0.002f,0f,0f,0f,1f],start_interpolation: 0,interpolation_duration: 0}
$data merge entity $(bone134) {transformation: [-0.2169f,0.8519f,0.4766f,-0.4887f,-0.958f,-0.0921f,-0.2715f,2.5102f,-0.1874f,-0.5155f,0.8361f,0.2041f,0f,0f,0f,1f],start_interpolation: 0,interpolation_duration: 0}
$data merge entity $(bone135) {transformation: [-0.3793f,1.4463f,0.704f,-0.5538f,-1.6752f,-0.1563f,-0.401f,2.529f,-0.3277f,-0.8752f,1.235f,0.1049f,0f,0f,0f,1f],start_interpolation: 0,interpolation_duration: 0}
$data merge entity $(w4) {transformation: [-0.2169f,0.8519f,0.4766f,-0.5622f,-0.958f,-0.0921f,-0.2715f,2.4621f,-0.1874f,-0.5155f,0.8361f,0.1159f,0f,0f,0f,1f],start_interpolation: 0,interpolation_duration: 0}
$data merge entity $(w3) {transformation: [-0.5086f,0.849f,0.1432f,-0.7102f,-0.4341f,-0.1092f,-0.8942f,1.6985f,-0.7435f,-0.517f,0.4241f,-0.0136f,0f,0f,0f,1f],start_interpolation: 0,interpolation_duration: 0}
$data merge entity $(wing2) {transformation: [-0.0623f,0.849f,0.5247f,-0.2175f,-0.9923f,-0.1092f,0.0589f,1.7641f,0.1073f,-0.517f,0.8493f,0.7817f,0f,0f,0f,1f],start_interpolation: 0,interpolation_duration: 0}
$data merge entity $(bone20) {transformation: [-1f,0f,0f,-0.1563f,0f,-0.1772f,0.9842f,1.519f,0f,0.9842f,0.1772f,0.3246f,0f,0f,0f,1f],start_interpolation: 0,interpolation_duration: 0}
$data merge entity $(bone101) {transformation: [-1f,0f,0f,0f,0f,-0.4342f,0.9008f,1.1787f,0f,0.9008f,0.4342f,-2.6398f,0f,0f,0f,1f],start_interpolation: 0,interpolation_duration: 0}
$data merge entity $(bone100) {transformation: [-1f,0f,0f,0f,0f,0.0373f,0.9993f,0.7261f,0f,0.9993f,-0.0373f,-2.6167f,0f,0f,0f,1f],start_interpolation: 0,interpolation_duration: 0}
$data merge entity $(bone99) {transformation: [-1f,0f,0f,0f,0f,0.4756f,0.8797f,0.2808f,0f,0.8797f,-0.4756f,-2.3759f,0f,0f,0f,1f],start_interpolation: 0,interpolation_duration: 0}
$data merge entity $(bone98) {transformation: [-1f,0f,0f,0f,0f,0.8865f,0.4627f,0.0523f,0f,0.4627f,-0.8865f,-1.9382f,0f,0f,0f,1f],start_interpolation: 0,interpolation_duration: 0}
$data merge entity $(bone97) {transformation: [-1f,0f,0f,0f,0f,0.9906f,-0.1371f,0.1226f,0f,-0.1371f,-0.9906f,-1.4305f,0f,0f,0f,1f],start_interpolation: 0,interpolation_duration: 0}
$data merge entity $(bone96) {transformation: [-1f,0f,0f,0f,0f,0.8627f,-0.5058f,0.3755f,0f,-0.5058f,-0.8627f,-0.9992f,0f,0f,0f,1f],start_interpolation: 0,interpolation_duration: 0}
$data merge entity $(bone95) {transformation: [-1f,0f,0f,0f,0f,0.6707f,-0.7418f,0.7418f,0f,-0.7418f,-0.6707f,-0.6681f,0f,0f,0f,1f],start_interpolation: 0,interpolation_duration: 0}
$data merge entity $(bone94) {transformation: [-1f,0f,0f,0f,0f,0.6035f,-0.7974f,1.1355f,0f,-0.7974f,-0.6035f,-0.3701f,0f,0f,0f,1f],start_interpolation: 0,interpolation_duration: 0}
$data merge entity $(bone93) {transformation: [-1f,0f,0f,0f,0f,0.7327f,-0.6805f,1.3928f,0f,-0.6805f,-0.7327f,-0.093f,0f,0f,0f,1f],start_interpolation: 0,interpolation_duration: 0}
$data merge entity $(bone) {transformation: [-1f,0f,0f,0f,0f,0.5373f,0.8434f,1.3005f,0f,0.8434f,-0.5373f,-0.0343f,0f,0f,0f,1f],start_interpolation: 0,interpolation_duration: 0}
$data merge entity $(bone24) {transformation: [-0.9666f,-0.2561f,-0.0112f,0.1031f,-0.2559f,0.9612f,0.1033f,1.2418f,-0.0156f,0.1027f,-0.9946f,-0.0352f,0f,0f,0f,1f],start_interpolation: 0,interpolation_duration: 0}
$data merge entity $(bone32) {transformation: [-0.9975f,-0.0438f,-0.0555f,0.2254f,-0.068f,0.3782f,0.9232f,0.6027f,-0.0194f,0.9247f,-0.3803f,-0.3481f,0f,0f,0f,1f],start_interpolation: 0,interpolation_duration: 0}
$data merge entity $(bone36) {transformation: [-0.9987f,-0.0381f,-0.0326f,0.3382f,-0.0357f,0.9969f,-0.0703f,0.2709f,0.0352f,-0.0691f,-0.997f,-1.0383f,0f,0f,0f,1f],start_interpolation: 0,interpolation_duration: 0}
$data merge entity $(bone35) {transformation: [-0.9987f,-0.0167f,-0.0473f,0.2971f,-0.0357f,0.8985f,0.4375f,0.4014f,0.0352f,0.4387f,-0.898f,-0.9681f,0f,0f,0f,1f],start_interpolation: 0,interpolation_duration: 0}
$data merge entity $(bone34) {transformation: [-0.9987f,-0.0103f,-0.049f,0.2973f,-0.0357f,0.8337f,0.5511f,0.4826f,0.0352f,0.5521f,-0.833f,-0.9169f,0f,0f,0f,1f],start_interpolation: 0,interpolation_duration: 0}
$data merge entity $(bone77) {transformation: [-0.9292f,0.3696f,0.0011f,0.1046f,-0.0215f,-0.0511f,-0.9985f,0.0692f,-0.369f,-0.9278f,0.0555f,-0.3587f,0f,0f,0f,1f],start_interpolation: 0,interpolation_duration: 0}
$data merge entity $(bone75) {transformation: [-0.9292f,0.3696f,0.0011f,0.1697f,-0.0215f,-0.0511f,-0.9985f,0.0616f,-0.369f,-0.9278f,0.0555f,-0.533f,0f,0f,0f,1f],start_interpolation: 0,interpolation_duration: 0}
$data merge entity $(bone39) {transformation: [-0.9292f,0.3696f,0.0011f,0.2341f,-0.0215f,-0.0511f,-0.9985f,0.0508f,-0.369f,-0.9278f,0.0555f,-0.6908f,0f,0f,0f,1f],start_interpolation: 0,interpolation_duration: 0}
$data merge entity $(bone76) {transformation: [-0.965f,-0.2622f,-0.0042f,0.4957f,0.0065f,-0.008f,-0.9999f,0.0537f,0.2622f,-0.965f,0.0094f,-0.3307f,0f,0f,0f,1f],start_interpolation: 0,interpolation_duration: 0}
$data merge entity $(bone74) {transformation: [-0.965f,-0.2622f,-0.0042f,0.4826f,0.0065f,-0.008f,-0.9999f,0.061f,0.2622f,-0.965f,0.0094f,-0.5272f,0f,0f,0f,1f],start_interpolation: 0,interpolation_duration: 0}
$data merge entity $(bone40) {transformation: [-0.965f,-0.2622f,-0.0042f,0.4365f,0.0065f,-0.008f,-0.9999f,0.0576f,0.2622f,-0.965f,0.0094f,-0.6916f,0f,0f,0f,1f],start_interpolation: 0,interpolation_duration: 0}
$data merge entity $(bone79) {transformation: [-0.9987f,0.0481f,0.0185f,0.3071f,-0.019f,-0.0096f,-0.9998f,0.0597f,-0.0479f,-0.9988f,0.0105f,-0.2928f,0f,0f,0f,1f],start_interpolation: 0,interpolation_duration: 0}
$data merge entity $(bone78) {transformation: [-0.9987f,0.0481f,0.0185f,0.3207f,-0.019f,-0.0096f,-0.9998f,0.0599f,-0.0479f,-0.9988f,0.0105f,-0.4932f,0f,0f,0f,1f],start_interpolation: 0,interpolation_duration: 0}
$data merge entity $(bone41) {transformation: [-0.9987f,0.0481f,0.0185f,0.329f,-0.019f,-0.0096f,-0.9998f,0.0559f,-0.0479f,-0.9988f,0.0105f,-0.6922f,0f,0f,0f,1f],start_interpolation: 0,interpolation_duration: 0}
$data merge entity $(bone38) {transformation: [-0.9999f,-0.0118f,0.0123f,0.3368f,-0.0162f,0.8791f,-0.4764f,0.3076f,-0.0052f,-0.4765f,-0.8791f,-0.8036f,0f,0f,0f,1f],start_interpolation: 0,interpolation_duration: 0}
$data merge entity $(bone33) {transformation: [-0.9987f,-0.0473f,-0.0211f,0.3139f,-0.0517f,0.8973f,0.4383f,0.5454f,-0.0018f,0.4388f,-0.8986f,-0.6867f,0f,0f,0f,1f],start_interpolation: 0,interpolation_duration: 0}
$data merge entity $(bone31) {transformation: [-0.9975f,-0.034f,-0.062f,0.2815f,-0.068f,0.2207f,0.973f,0.6072f,-0.0194f,0.9748f,-0.2224f,0.1758f,0f,0f,0f,1f],start_interpolation: 0,interpolation_duration: 0}
$data merge entity $(bone19) {transformation: [-0.9852f,-0.1691f,0.0275f,0.1713f,-0.1711f,0.9779f,-0.1198f,1.2494f,-0.0066f,-0.1227f,-0.9924f,-0.0343f,0f,0f,0f,1f],start_interpolation: 0,interpolation_duration: 0}
$data merge entity $(bone44) {transformation: [-0.797f,0.5368f,0.2767f,-0.1115f,0.1722f,0.6412f,-0.7478f,1.2435f,-0.5789f,-0.5484f,-0.6035f,-0.0011f,0f,0f,0f,1f],start_interpolation: 0,interpolation_duration: 0}
$data merge entity $(bone46) {transformation: [-0.8901f,-0.2297f,0.3937f,-0.2911f,0.066f,0.7896f,0.61f,0.7813f,-0.451f,0.569f,-0.6877f,0.1248f,0f,0f,0f,1f],start_interpolation: 0,interpolation_duration: 0}
$data merge entity $(bone50) {transformation: [-0.8718f,-0.1315f,0.4718f,-0.0798f,0.0308f,0.9466f,0.3209f,0.3317f,-0.4888f,0.2943f,-0.8212f,-0.5327f,0f,0f,0f,1f],start_interpolation: 0,interpolation_duration: 0}
$data merge entity $(bone49) {transformation: [-0.8718f,-0.3498f,0.3428f,-0.0994f,0.0308f,0.6593f,0.7512f,0.4256f,-0.4888f,0.6655f,-0.5641f,-0.4125f,0f,0f,0f,1f],start_interpolation: 0,interpolation_duration: 0}
$data merge entity $(bone48) {transformation: [-0.8718f,-0.3916f,0.2942f,-0.1375f,0.0308f,0.5557f,0.8308f,0.4807f,-0.4888f,0.7334f,-0.4724f,-0.3437f,0f,0f,0f,1f],start_interpolation: 0,interpolation_duration: 0}
$data merge entity $(bone54) {transformation: [-0.981f,0.1936f,-0.0142f,-0.2574f,0.0018f,-0.0643f,-0.9979f,0.0671f,-0.1941f,-0.979f,0.0627f,0.2167f,0f,0f,0f,1f],start_interpolation: 0,interpolation_duration: 0}
$data merge entity $(bone53) {transformation: [-0.981f,0.1936f,-0.0142f,-0.2174f,0.0018f,-0.0643f,-0.9979f,0.0571f,-0.1941f,-0.979f,0.0627f,0.0351f,0f,0f,0f,1f],start_interpolation: 0,interpolation_duration: 0}
$data merge entity $(bone52) {transformation: [-0.981f,0.1936f,-0.0142f,-0.1857f,0.0018f,-0.0643f,-0.9979f,0.044f,-0.1941f,-0.979f,0.0627f,-0.1322f,0f,0f,0f,1f],start_interpolation: 0,interpolation_duration: 0}
$data merge entity $(bone57) {transformation: [-0.7288f,0.6846f,-0.0082f,-0.5864f,-0.0052f,-0.0175f,-0.9998f,0.0573f,-0.6847f,-0.7287f,0.0163f,0.0648f,0f,0f,0f,1f],start_interpolation: 0,interpolation_duration: 0}
$data merge entity $(bone56) {transformation: [-0.7288f,0.6846f,-0.0082f,-0.4825f,-0.0052f,-0.0175f,-0.9998f,0.0629f,-0.6847f,-0.7287f,0.0163f,-0.1025f,0f,0f,0f,1f],start_interpolation: 0,interpolation_duration: 0}
$data merge entity $(bone55) {transformation: [-0.7288f,0.6846f,-0.0082f,-0.3647f,-0.0052f,-0.0175f,-0.9998f,0.0578f,-0.6847f,-0.7287f,0.0163f,-0.226f,0f,0f,0f,1f],start_interpolation: 0,interpolation_duration: 0}
$data merge entity $(bone60) {transformation: [-0.8814f,0.4706f,-0.0417f,-0.4551f,0.019f,-0.0529f,-0.9984f,0.0736f,-0.4721f,-0.8808f,0.0377f,0.1767f,0f,0f,0f,1f],start_interpolation: 0,interpolation_duration: 0}
$data merge entity $(bone59) {transformation: [-0.8814f,0.4706f,-0.0417f,-0.364f,0.019f,-0.0529f,-0.9984f,0.0651f,-0.4721f,-0.8808f,0.0377f,-0.0021f,0f,0f,0f,1f],start_interpolation: 0,interpolation_duration: 0}
$data merge entity $(bone58) {transformation: [-0.8814f,0.4706f,-0.0417f,-0.2692f,0.019f,-0.0529f,-0.9984f,0.0525f,-0.4721f,-0.8808f,0.0377f,-0.1768f,0f,0f,0f,1f],start_interpolation: 0,interpolation_duration: 0}
$data merge entity $(bone51) {transformation: [-0.888f,0.2106f,0.4089f,-0.2304f,0.0499f,0.9279f,-0.3696f,0.3156f,-0.4572f,-0.3078f,-0.8344f,-0.2482f,0f,0f,0f,1f],start_interpolation: 0,interpolation_duration: 0}
$data merge entity $(bone47) {transformation: [-0.888f,-0.1249f,0.4426f,-0.2546f,0.0499f,0.9306f,0.3625f,0.5623f,-0.4572f,0.344f,-0.8202f,-0.1517f,0f,0f,0f,1f],start_interpolation: 0,interpolation_duration: 0}
$data merge entity $(bone45) {transformation: [-0.8901f,-0.2915f,0.3504f,-0.5393f,0.066f,0.6781f,0.732f,1.0467f,-0.451f,0.6747f,-0.5843f,0.5063f,0f,0f,0f,1f],start_interpolation: 0,interpolation_duration: 0}
$data merge entity $(bone43) {transformation: [-0.8408f,0.5156f,0.165f,-0.1713f,0.1157f,0.4688f,-0.8757f,1.2494f,-0.5289f,-0.7172f,-0.4538f,-0.0343f,0f,0f,0f,1f],start_interpolation: 0,interpolation_duration: 0}