# This file was generated by Animated Java via MC-Build. It is not recommended to edit this file directly.
$data merge entity $(bone5) {transformation: [-0.9947f,-0.1024f,0.0038f,0.3851f,-0.0934f,0.9218f,0.3763f,1.4534f,-0.042f,0.3739f,-0.9265f,0.9732f,0f,0f,0f,1f],start_interpolation: 0,interpolation_duration: 0}
$data merge entity $(bone6) {transformation: [0.0239f,-0.2641f,-0.9642f,0.4946f,-0.4676f,0.8495f,-0.2443f,1.2266f,0.8836f,0.4567f,-0.1032f,0.8903f,0f,0f,0f,1f],start_interpolation: 0,interpolation_duration: 0}
$data merge entity $(bone8) {transformation: [-0.2612f,-0.0729f,0.9625f,0.6415f,-0.1053f,0.9933f,0.0466f,0.5477f,-0.9595f,-0.0892f,-0.2671f,0.7383f,0f,0f,0f,1f],start_interpolation: 0,interpolation_duration: 0}
$data merge entity $(bone9) {transformation: [-0.2612f,-0.0729f,0.9625f,0.8006f,-0.1053f,0.9933f,0.0466f,0.7211f,-0.9595f,-0.0892f,-0.2671f,0.6684f,0f,0f,0f,1f],start_interpolation: 0,interpolation_duration: 0}
$data merge entity $(bone10) {transformation: [-0.2272f,-0.148f,0.9625f,0.6235f,-0.3991f,0.9157f,0.0466f,0.5379f,-0.8883f,-0.3736f,-0.2671f,0.7148f,0f,0f,0f,1f],start_interpolation: 0,interpolation_duration: 0}
$data merge entity $(bone12) {transformation: [-0.1665f,-0.5265f,0.8337f,0.7733f,-0.9097f,0.4082f,0.0761f,0.0409f,-0.3804f,-0.7458f,-0.5469f,0.9387f,0f,0f,0f,1f],start_interpolation: 0,interpolation_duration: 0}
$data merge entity $(bone15) {transformation: [0.9851f,-0.1006f,0.1397f,0.3766f,-0.1595f,-0.2284f,0.9604f,0.0252f,-0.0647f,-0.9684f,-0.241f,0.9886f,0f,0f,0f,1f],start_interpolation: 0,interpolation_duration: 0}
$data merge entity $(bone14) {transformation: [0.9784f,-0.1006f,-0.1804f,0.5026f,0.1538f,-0.2284f,0.9613f,0.0461f,-0.1379f,-0.9684f,-0.208f,0.9693f,0f,0f,0f,1f],start_interpolation: 0,interpolation_duration: 0}
$data merge entity $(bone13) {transformation: [0.8577f,-0.1006f,-0.5042f,0.6142f,0.4733f,-0.2284f,0.8508f,0.1052f,-0.2007f,-0.9684f,-0.1483f,0.9404f,0f,0f,0f,1f],start_interpolation: 0,interpolation_duration: 0}
$data merge entity $(bone18) {transformation: [-0.0695f,-0.9969f,-0.0363f,0.7567f,0.7445f,-0.0277f,-0.6671f,-0.2773f,0.664f,-0.0734f,0.7441f,1.1681f,0f,0f,0f,1f],start_interpolation: 0,interpolation_duration: 0}
$data merge entity $(bone17) {transformation: [-0.03f,-0.9969f,-0.0725f,0.7508f,0.9991f,-0.0277f,-0.0325f,-0.0805f,0.0304f,-0.0734f,0.9968f,1.1741f,0f,0f,0f,1f],start_interpolation: 0,interpolation_duration: 0}
$data merge entity $(bone16) {transformation: [0.0251f,-0.9969f,-0.0743f,0.7503f,0.7742f,-0.0277f,0.6323f,0.0319f,-0.6324f,-0.0734f,0.7711f,1.0797f,0f,0f,0f,1f],start_interpolation: 0,interpolation_duration: 0}
$data merge entity $(bone27) {transformation: [-0.8426f,-0.5307f,-0.0921f,1.1925f,-0.0749f,-0.054f,0.9957f,0.0295f,-0.5334f,0.8459f,0.0057f,1.1351f,0f,0f,0f,1f],start_interpolation: 0,interpolation_duration: 0}
$data merge entity $(bone26) {transformation: [-0.8303f,-0.5512f,-0.0818f,1.0603f,-0.0715f,-0.0402f,0.9966f,0.0194f,-0.5527f,0.8334f,-0.006f,1.0549f,0f,0f,0f,1f],start_interpolation: 0,interpolation_duration: 0}
$data merge entity $(bone25) {transformation: [-0.8232f,-0.5512f,0.1359f,0.9087f,0.1889f,-0.0402f,0.9812f,0.0517f,-0.5354f,0.8334f,0.1373f,0.9614f,0f,0f,0f,1f],start_interpolation: 0,interpolation_duration: 0}
$data merge entity $(bone30) {transformation: [0.1263f,-0.875f,0.4673f,0.938f,0.9369f,-0.0496f,-0.3461f,-0.2946f,0.326f,0.4815f,0.8136f,1.1799f,0f,0f,0f,1f],start_interpolation: 0,interpolation_duration: 0}
$data merge entity $(bone29) {transformation: [-0.1283f,-0.875f,0.4667f,0.9165f,0.9829f,-0.0496f,0.1773f,-0.1007f,-0.132f,0.4815f,0.8664f,1.1518f,0f,0f,0f,1f],start_interpolation: 0,interpolation_duration: 0}
$data merge entity $(bone28) {transformation: [-0.3776f,-0.875f,0.3028f,0.8358f,0.6922f,-0.0496f,0.72f,0.0379f,-0.615f,0.4815f,0.6244f,1.0284f,0f,0f,0f,1f],start_interpolation: 0,interpolation_duration: 0}
$data merge entity $(bone7) {transformation: [0.9625f,-0.0842f,0.2577f,0.6017f,0.0466f,0.9878f,0.1485f,0.8818f,-0.2671f,-0.1309f,0.9547f,0.6901f,0f,0f,0f,1f],start_interpolation: 0,interpolation_duration: 0}
$data merge entity $(bone4) {transformation: [-0.9642f,-0.2651f,0.0038f,0.3501f,-0.2443f,0.8937f,0.3763f,1.5588f,-0.1032f,0.3618f,-0.9265f,0.9879f,0f,0f,0f,1f],start_interpolation: 0,interpolation_duration: 0}
$data merge entity $(bone62) {transformation: [-0.9111f,0.3536f,0.2121f,-0.4154f,0.4089f,0.7093f,0.5742f,1.4785f,0.0526f,0.6098f,-0.7908f,0.9449f,0f,0f,0f,1f],start_interpolation: 0,interpolation_duration: 0}
$data merge entity $(bone63) {transformation: [0.2631f,0.4742f,0.8402f,-0.5826f,0.6371f,0.5686f,-0.5204f,1.3301f,-0.7245f,0.6722f,-0.1525f,0.8025f,0f,0f,0f,1f],start_interpolation: 0,interpolation_duration: 0}
$data merge entity $(bone65) {transformation: [-0.0477f,0.1571f,-0.9864f,-0.8375f,0.2256f,0.9637f,0.1426f,0.7825f,0.973f,-0.2158f,-0.0814f,0.6086f,0f,0f,0f,1f],start_interpolation: 0,interpolation_duration: 0}
$data merge entity $(bone66) {transformation: [-0.0477f,0.1571f,-0.9864f,-0.9884f,0.2256f,0.9637f,0.1426f,0.9673f,0.973f,-0.2158f,-0.0814f,0.5509f,0f,0f,0f,1f],start_interpolation: 0,interpolation_duration: 0}
$data merge entity $(bone67) {transformation: [0.0018f,0.1641f,-0.9864f,-0.8258f,0.505f,0.8513f,0.1426f,0.7683f,0.8631f,-0.4984f,-0.0814f,0.5834f,0f,0f,0f,1f],start_interpolation: 0,interpolation_duration: 0}
$data merge entity $(bone69) {transformation: [-0.2701f,0.086f,-0.959f,-0.9123f,0.3432f,0.9392f,-0.0124f,0.2102f,0.8996f,-0.3325f,-0.2831f,0.7718f,0f,0f,0f,1f],start_interpolation: 0,interpolation_duration: 0}
$data merge entity $(bone72) {transformation: [0.9323f,0.2663f,0.2446f,-0.6279f,-0.3107f,0.2438f,0.9187f,0.1265f,0.1851f,-0.9325f,0.31f,0.8002f,0f,0f,0f,1f],start_interpolation: 0,interpolation_duration: 0}
$data merge entity $(bone71) {transformation: [0.7492f,0.2663f,0.6065f,-0.7235f,-0.6611f,0.2438f,0.7096f,0.2131f,0.0411f,-0.9325f,0.3587f,0.7942f,0f,0f,0f,1f],start_interpolation: 0,interpolation_duration: 0}
$data merge entity $(bone70) {transformation: [0.4965f,0.2663f,0.8261f,-0.7883f,-0.8639f,0.2438f,0.4407f,0.325f,-0.0841f,-0.9325f,0.3512f,0.8015f,0f,0f,0f,1f],start_interpolation: 0,interpolation_duration: 0}
$data merge entity $(bone81) {transformation: [0.1016f,0.9858f,0.1337f,-0.8058f,-0.7801f,-0.0044f,0.6257f,-0.1152f,0.6174f,-0.1679f,0.7685f,1.0954f,0f,0f,0f,1f],start_interpolation: 0,interpolation_duration: 0}
$data merge entity $(bone80) {transformation: [0.0909f,0.9858f,0.1412f,-0.8237f,-0.8266f,-0.0044f,0.5628f,0.0476f,0.5554f,-0.1679f,0.8144f,0.9859f,0f,0f,0f,1f],start_interpolation: 0,interpolation_duration: 0}
$data merge entity $(bone73) {transformation: [0.1312f,0.9858f,0.1049f,-0.8388f,-0.6039f,-0.0044f,0.797f,0.1348f,0.7862f,-0.1679f,0.5947f,0.8689f,0f,0f,0f,1f],start_interpolation: 0,interpolation_duration: 0}
$data merge entity $(bone84) {transformation: [-0.7129f,0.6931f,0.1068f,-1.2555f,0.1294f,-0.0197f,0.9914f,0.0295f,0.6892f,0.7206f,-0.0756f,1.0228f,0f,0f,0f,1f],start_interpolation: 0,interpolation_duration: 0}
$data merge entity $(bone83) {transformation: [-0.6878f,0.7106f,-0.1482f,-1.1446f,-0.2102f,0.0004f,0.9777f,0.0632f,0.6948f,0.7036f,0.149f,0.9199f,0f,0f,0f,1f],start_interpolation: 0,interpolation_duration: 0}
$data merge entity $(bone82) {transformation: [-0.626f,0.7106f,-0.3211f,-1.0277f,-0.456f,0.0004f,0.89f,0.1442f,0.6326f,0.7036f,0.3238f,0.808f,0f,0f,0f,1f],start_interpolation: 0,interpolation_duration: 0}
$data merge entity $(bone103) {transformation: [-0.2164f,0.947f,-0.2375f,-1.0307f,-0.738f,0.0006f,0.6748f,-0.1309f,0.6392f,0.3213f,0.6987f,1.1249f,0f,0f,0f,1f],start_interpolation: 0,interpolation_duration: 0}
$data merge entity $(bone102) {transformation: [-0.2124f,0.947f,-0.241f,-0.9929f,-0.7491f,0.0006f,0.6625f,0.0167f,0.6275f,0.3213f,0.7092f,0.9998f,0f,0f,0f,1f],start_interpolation: 0,interpolation_duration: 0}
$data merge entity $(bone85) {transformation: [-0.2648f,0.947f,-0.182f,-0.9349f,-0.5651f,0.0006f,0.825f,0.1296f,0.7814f,0.3213f,0.535f,0.8422f,0f,0f,0f,1f],start_interpolation: 0,interpolation_duration: 0}
$data merge entity $(bone64) {transformation: [0.9864f,0.159f,-0.0408f,-0.7735f,-0.1426f,0.953f,0.2675f,1.103f,0.0814f,-0.258f,0.9627f,0.5154f,0f,0f,0f,1f],start_interpolation: 0,interpolation_duration: 0}
$data merge entity $(bone61) {transformation: [-0.8402f,0.4991f,0.2121f,-0.3501f,0.5204f,0.6321f,0.5742f,1.5588f,0.1525f,0.5928f,-0.7908f,0.9879f,0f,0f,0f,1f],start_interpolation: 0,interpolation_duration: 0}
$data merge entity $(bone23) {transformation: [-0.7934f,-0.6088f,0f,0.1071f,-0.0762f,0.0993f,0.9921f,1.4814f,-0.604f,0.7871f,-0.1252f,1.0108f,0f,0f,0f,1f],start_interpolation: 0,interpolation_duration: 0}
$data merge entity $(bone22) {transformation: [-0.7934f,0.6088f,0f,-0.1071f,0.0762f,0.0993f,0.9921f,1.4814f,0.604f,0.7871f,-0.1252f,1.0108f,0f,0f,0f,1f],start_interpolation: 0,interpolation_duration: 0}
$data merge entity $(bone89) {transformation: [-1f,0.0072f,0.0007f,0.002f,0.0057f,0.7241f,0.6896f,2.1825f,0.0044f,0.6896f,-0.7242f,1.4482f,0f,0f,0f,1f],start_interpolation: 0,interpolation_duration: 0}
$data merge entity $(bone90) {transformation: [-1f,0.0069f,0.0019f,0.0013f,0.0057f,0.5934f,0.8049f,2.1164f,0.0044f,0.8049f,-0.5934f,1.3732f,0f,0f,0f,1f],start_interpolation: 0,interpolation_duration: 0}
$data merge entity $(bone88) {transformation: [-1f,0.0071f,0.0013f,0.0312f,0.0057f,0.6613f,0.7501f,1.9703f,0.0044f,0.7501f,-0.6613f,1.2642f,0f,0f,0f,1f],start_interpolation: 0,interpolation_duration: 0}
$data merge entity $(bone42) {transformation: [-1f,0f,0f,0f,0f,0.742f,0.6704f,1.6959f,0f,0.6704f,-0.742f,1.6836f,0f,0f,0f,1f],start_interpolation: 0,interpolation_duration: 0}
$data merge entity $(bone87) {transformation: [-0.9998f,0.0157f,-0.0096f,-0.0044f,0.0039f,0.6877f,0.726f,1.2734f,0.018f,0.7258f,-0.6877f,2.2613f,0f,0f,0f,1f],start_interpolation: 0,interpolation_duration: 0}
$data merge entity $(bone86) {transformation: [-1f,0f,0f,0f,0f,0.7647f,0.6444f,1.4167f,0f,0.6444f,-0.7647f,2.0836f,0f,0f,0f,1f],start_interpolation: 0,interpolation_duration: 0}
$data merge entity $(bone92) {transformation: [-0.8818f,0.2593f,-0.3939f,0.1194f,-0.0411f,0.7898f,0.6119f,1.7708f,0.4698f,0.5558f,-0.6858f,1.7196f,0f,0f,0f,1f],start_interpolation: 0,interpolation_duration: 0}
$data merge entity $(bone3) {transformation: [-0.8818f,-0.2593f,0.3939f,-0.1194f,0.0411f,0.7898f,0.6119f,1.7708f,-0.4698f,0.5558f,-0.6858f,1.7196f,0f,0f,0f,1f],start_interpolation: 0,interpolation_duration: 0}
$data merge entity $(head) {transformation: [-1f,0f,0f,0f,0f,0.7974f,0.6035f,1.6817f,0f,0.6035f,-0.7974f,1.5004f,0f,0f,0f,1f],start_interpolation: 0,interpolation_duration: 0}
$data merge entity $(neck) {transformation: [-1f,0f,0f,0f,0f,0.614f,0.7893f,1.5781f,0f,0.7893f,-0.614f,1.3672f,0f,0f,0f,1f],start_interpolation: 0,interpolation_duration: 0}
$data merge entity $(bone2) {transformation: [-1f,0f,0f,0f,0f,0.1252f,0.9921f,1.5177f,0f,0.9921f,-0.1252f,1.0551f,0f,0f,0f,1f],start_interpolation: 0,interpolation_duration: 0}
$data merge entity $(bone136) {transformation: [-1f,0f,0f,0f,0f,0.1769f,1.0151f,1.5005f,0f,0.9842f,-0.1825f,0.8591f,0f,0f,0f,1f],start_interpolation: 0,interpolation_duration: 0}
$data merge entity $(bone118) {transformation: [-0.0608f,-0.849f,-0.5249f,0.2557f,0.9923f,-0.1082f,0.06f,1.6625f,-0.1077f,-0.5172f,0.8491f,0.776f,0f,0f,0f,1f],start_interpolation: 0,interpolation_duration: 0}
$data merge entity $(bone119) {transformation: [-0.1243f,-0.849f,-0.5135f,0.7366f,0.9922f,-0.1082f,-0.0614f,1.6837f,-0.0034f,-0.5172f,0.8559f,-0.0294f,0f,0f,0f,1f],start_interpolation: 0,interpolation_duration: 0}
$data merge entity $(bone120) {transformation: [-0.4993f,-0.849f,0.173f,1.6086f,-0.1562f,-0.1082f,-0.9818f,0.9523f,0.8523f,-0.5172f,-0.0786f,0.6422f,0f,0f,0f,1f],start_interpolation: 0,interpolation_duration: 0}
$data merge entity $(bone121) {transformation: [0f,0f,0f,0.9907f,0f,0f,0f,1.7839f,0f,0f,0f,-0.4559f,0f,0f,0f,1f],start_interpolation: 0,interpolation_duration: 0}
$data merge entity $(bone123) {transformation: [0.0445f,-1.731f,-1.0632f,0.9126f,1.9867f,-0.1849f,0.3841f,1.2236f,-0.4239f,-1.048f,1.6885f,2.3967f,0f,0f,0f,1f],start_interpolation: 0,interpolation_duration: 0}
$data merge entity $(bone124) {transformation: [-0.1143f,-0.8519f,-0.5111f,0.7468f,0.9934f,-0.091f,-0.0705f,2.6513f,0.0135f,-0.5157f,0.8566f,-0.2566f,0f,0f,0f,1f],start_interpolation: 0,interpolation_duration: 0}
$data merge entity $(bone122) {transformation: [-0.3739f,-1.3126f,-0.7151f,0.5714f,1.4503f,-0.1402f,-0.501f,2.6351f,0.3618f,-0.7946f,1.2695f,0.0343f,0f,0f,0f,1f],start_interpolation: 0,interpolation_duration: 0}
$data merge entity $(bone126) {transformation: [0.2767f,-0.8519f,-0.4446f,1.1565f,0.7579f,-0.091f,0.646f,1.9336f,-0.5908f,-0.5157f,0.6205f,-0.8055f,0f,0f,0f,1f],start_interpolation: 0,interpolation_duration: 0}
$data merge entity $(bone127) {transformation: [0.1522f,-0.8519f,-0.5011f,0.8143f,0.8993f,-0.091f,0.4278f,2.3319f,-0.41f,-0.5157f,0.7522f,-0.3117f,0f,0f,0f,1f],start_interpolation: 0,interpolation_duration: 0}
$data merge entity $(bone125) {transformation: [0.0243f,-1.1943f,-0.7338f,0.648f,1.3729f,-0.1276f,0.253f,2.4915f,-0.2823f,-0.723f,1.1674f,-0.0577f,0f,0f,0f,1f],start_interpolation: 0,interpolation_duration: 0}
$data merge entity $(bone129) {transformation: [1.035f,-1.5887f,-0.2032f,0.4783f,0.0895f,-0.1697f,2.0037f,3.7584f,-1.7254f,-0.9618f,-0.0179f,2.6669f,0f,0f,0f,1f],start_interpolation: 0,interpolation_duration: 0}
$data merge entity $(bone130) {transformation: [0.5344f,-0.8519f,-0.1851f,0.8637f,0.1971f,-0.091f,1.0573f,1.4962f,-0.9176f,-0.5157f,0.1193f,-0.2459f,0f,0f,0f,1f],start_interpolation: 0,interpolation_duration: 0}
$data merge entity $(bone131) {transformation: [0.457f,-0.8519f,-0.3333f,0.7197f,0.4976f,-0.091f,0.9535f,2.0754f,-0.8426f,-0.5157f,0.3823f,-0.1101f,0f,0f,0f,1f],start_interpolation: 0,interpolation_duration: 0}
$data merge entity $(bone128) {transformation: [0.3744f,-0.8981f,-0.4641f,0.6127f,0.7669f,-0.0959f,0.8352f,2.3785f,-0.7537f,-0.5437f,0.6192f,0.0026f,0f,0f,0f,1f],start_interpolation: 0,interpolation_duration: 0}
$data merge entity $(bone132) {transformation: [-0.2139f,-0.8519f,-0.478f,0.4901f,0.9594f,-0.091f,-0.2671f,2.5126f,0.184f,-0.5157f,0.8367f,0.2041f,0f,0f,0f,1f],start_interpolation: 0,interpolation_duration: 0}
$data merge entity $(bone133) {transformation: [-0.374f,-1.4463f,-0.7061f,0.5553f,1.6776f,-0.1545f,-0.3945f,2.5309f,0.3218f,-0.8756f,1.2359f,0.1049f,0f,0f,0f,1f],start_interpolation: 0,interpolation_duration: 0}
$data merge entity $(w5) {transformation: [-0.2139f,-0.8519f,-0.478f,0.5634f,0.9594f,-0.091f,-0.2671f,2.464f,0.184f,-0.5157f,0.8367f,0.1162f,0f,0f,0f,1f],start_interpolation: 0,interpolation_duration: 0}
$data merge entity $(w2) {transformation: [-0.5082f,-0.849f,-0.1447f,0.7103f,0.4352f,-0.1082f,-0.8938f,1.7001f,0.7432f,-0.5172f,0.4244f,-0.013f,0f,0f,0f,1f],start_interpolation: 0,interpolation_duration: 0}
$data merge entity $(wing3) {transformation: [-0.0608f,-0.849f,-0.5249f,0.2175f,0.9923f,-0.1082f,0.06f,1.7667f,-0.1077f,-0.5172f,0.8491f,0.7821f,0f,0f,0f,1f],start_interpolation: 0,interpolation_duration: 0}
$data merge entity $(bone104) {transformation: [-0.0608f,0.849f,0.5249f,-0.2557f,-0.9923f,-0.1082f,0.06f,1.6625f,0.1077f,-0.5172f,0.8491f,0.776f,0f,0f,0f,1f],start_interpolation: 0,interpolation_duration: 0}
$data merge entity $(bone105) {transformation: [-0.1243f,0.849f,0.5135f,-0.7366f,-0.9922f,-0.1082f,-0.0614f,1.6837f,0.0034f,-0.5172f,0.8559f,-0.0294f,0f,0f,0f,1f],start_interpolation: 0,interpolation_duration: 0}
$data merge entity $(bone106) {transformation: [-0.4993f,0.849f,-0.173f,-1.6086f,0.1562f,-0.1082f,-0.9818f,0.9523f,-0.8523f,-0.5172f,-0.0786f,0.6422f,0f,0f,0f,1f],start_interpolation: 0,interpolation_duration: 0}
$data merge entity $(bone107) {transformation: [0f,0f,0f,-0.9907f,0f,0f,0f,1.7839f,0f,0f,0f,-0.4559f,0f,0f,0f,1f],start_interpolation: 0,interpolation_duration: 0}
$data merge entity $(bone109) {transformation: [0.0593f,1.731f,1.0002f,-0.9461f,-1.8211f,-0.1849f,0.3266f,1.3327f,0.4193f,-1.048f,1.5945f,2.3222f,0f,0f,0f,1f],start_interpolation: 0,interpolation_duration: 0}
$data merge entity $(bone110) {transformation: [-0.0992f,0.8519f,0.483f,-0.7372f,-0.9073f,-0.091f,-0.0767f,2.6541f,-0.0038f,-0.5157f,0.8114f,-0.2412f,0f,0f,0f,1f],start_interpolation: 0,interpolation_duration: 0}
$data merge entity $(bone108) {transformation: [-0.3403f,1.3126f,0.6793f,-0.5714f,-1.3198f,-0.1402f,-0.476f,2.6351f,-0.3292f,-0.7946f,1.206f,0.0343f,0f,0f,0f,1f],start_interpolation: 0,interpolation_duration: 0}
$data merge entity $(bone112) {transformation: [0.2767f,0.8519f,0.4446f,-1.1565f,-0.7579f,-0.091f,0.646f,1.9336f,0.5908f,-0.5157f,0.6205f,-0.8055f,0f,0f,0f,1f],start_interpolation: 0,interpolation_duration: 0}
$data merge entity $(bone113) {transformation: [0.1522f,0.8519f,0.5011f,-0.8143f,-0.8993f,-0.091f,0.4278f,2.3319f,0.41f,-0.5157f,0.7522f,-0.3117f,0f,0f,0f,1f],start_interpolation: 0,interpolation_duration: 0}
$data merge entity $(bone111) {transformation: [0.0243f,1.1943f,0.7338f,-0.648f,-1.3729f,-0.1276f,0.253f,2.4915f,0.2823f,-0.723f,1.1674f,-0.0577f,0f,0f,0f,1f],start_interpolation: 0,interpolation_duration: 0}
$data merge entity $(bone115) {transformation: [1.035f,1.5887f,0.2032f,-0.4783f,-0.0895f,-0.1697f,2.0037f,3.7584f,1.7254f,-0.9618f,-0.0179f,2.6669f,0f,0f,0f,1f],start_interpolation: 0,interpolation_duration: 0}
$data merge entity $(bone116) {transformation: [0.5344f,0.8519f,0.1851f,-0.8637f,-0.1971f,-0.091f,1.0573f,1.4962f,0.9176f,-0.5157f,0.1193f,-0.2459f,0f,0f,0f,1f],start_interpolation: 0,interpolation_duration: 0}
$data merge entity $(bone117) {transformation: [0.457f,0.8519f,0.3333f,-0.7197f,-0.4976f,-0.091f,0.9535f,2.0754f,0.8426f,-0.5157f,0.3823f,-0.1101f,0f,0f,0f,1f],start_interpolation: 0,interpolation_duration: 0}
$data merge entity $(bone114) {transformation: [0.3744f,0.8981f,0.4641f,-0.6127f,-0.7669f,-0.0959f,0.8352f,2.3785f,0.7537f,-0.5437f,0.6192f,0.0026f,0f,0f,0f,1f],start_interpolation: 0,interpolation_duration: 0}
$data merge entity $(bone134) {transformation: [-0.2139f,0.8519f,0.478f,-0.4901f,-0.9594f,-0.091f,-0.2671f,2.5126f,-0.184f,-0.5157f,0.8367f,0.2041f,0f,0f,0f,1f],start_interpolation: 0,interpolation_duration: 0}
$data merge entity $(bone135) {transformation: [-0.374f,1.4463f,0.7061f,-0.5553f,-1.6776f,-0.1545f,-0.3945f,2.5309f,-0.3218f,-0.8756f,1.2359f,0.1049f,0f,0f,0f,1f],start_interpolation: 0,interpolation_duration: 0}
$data merge entity $(w4) {transformation: [-0.2139f,0.8519f,0.478f,-0.5634f,-0.9594f,-0.091f,-0.2671f,2.464f,-0.184f,-0.5157f,0.8367f,0.1162f,0f,0f,0f,1f],start_interpolation: 0,interpolation_duration: 0}
$data merge entity $(w3) {transformation: [-0.5082f,0.849f,0.1447f,-0.7103f,-0.4352f,-0.1082f,-0.8938f,1.7001f,-0.7432f,-0.5172f,0.4244f,-0.013f,0f,0f,0f,1f],start_interpolation: 0,interpolation_duration: 0}
$data merge entity $(wing2) {transformation: [-0.0608f,0.849f,0.5249f,-0.2175f,-0.9923f,-0.1082f,0.06f,1.7667f,0.1077f,-0.5172f,0.8491f,0.7821f,0f,0f,0f,1f],start_interpolation: 0,interpolation_duration: 0}
$data merge entity $(bone20) {transformation: [-1f,0f,0f,-0.1563f,0f,-0.179f,0.9839f,1.5224f,0f,0.9839f,0.179f,0.3246f,0f,0f,0f,1f],start_interpolation: 0,interpolation_duration: 0}
$data merge entity $(bone101) {transformation: [-1f,0f,0f,0f,0f,-0.4466f,0.8948f,1.1741f,0f,0.8948f,0.4466f,-2.6428f,0f,0f,0f,1f],start_interpolation: 0,interpolation_duration: 0}
$data merge entity $(bone100) {transformation: [-1f,0f,0f,0f,0f,0.0367f,0.9993f,0.7215f,0f,0.9993f,-0.0367f,-2.62f,0f,0f,0f,1f],start_interpolation: 0,interpolation_duration: 0}
$data merge entity $(bone99) {transformation: [-1f,0f,0f,0f,0f,0.4843f,0.8749f,0.2786f,0f,0.8749f,-0.4843f,-2.3748f,0f,0f,0f,1f],start_interpolation: 0,interpolation_duration: 0}
$data merge entity $(bone98) {transformation: [-1f,0f,0f,0f,0f,0.8891f,0.4578f,0.0526f,0f,0.4578f,-0.8891f,-1.9358f,0f,0f,0f,1f],start_interpolation: 0,interpolation_duration: 0}
$data merge entity $(bone97) {transformation: [-1f,0f,0f,0f,0f,0.9903f,-0.1389f,0.1237f,0f,-0.1389f,-0.9903f,-1.4283f,0f,0f,0f,1f],start_interpolation: 0,interpolation_duration: 0}
$data merge entity $(bone96) {transformation: [-1f,0f,0f,0f,0f,0.8618f,-0.5073f,0.3774f,0f,-0.5073f,-0.8618f,-0.9974f,0f,0f,0f,1f],start_interpolation: 0,interpolation_duration: 0}
$data merge entity $(bone95) {transformation: [-1f,0f,0f,0f,0f,0.6693f,-0.743f,0.7442f,0f,-0.743f,-0.6693f,-0.6669f,0f,0f,0f,1f],start_interpolation: 0,interpolation_duration: 0}
$data merge entity $(bone94) {transformation: [-1f,0f,0f,0f,0f,0.602f,-0.7985f,1.1384f,0f,-0.7985f,-0.602f,-0.3697f,0f,0f,0f,1f],start_interpolation: 0,interpolation_duration: 0}
$data merge entity $(bone93) {transformation: [-1f,0f,0f,0f,0f,0.7316f,-0.6818f,1.3962f,0f,-0.6818f,-0.7316f,-0.093f,0f,0f,0f,1f],start_interpolation: 0,interpolation_duration: 0}
$data merge entity $(bone) {transformation: [-1f,0f,0f,0f,0f,0.5373f,0.8434f,1.304f,0f,0.8434f,-0.5373f,-0.0343f,0f,0f,0f,1f],start_interpolation: 0,interpolation_duration: 0}
$data merge entity $(bone24) {transformation: [-0.9666f,-0.2562f,-0.0105f,0.1031f,-0.2559f,0.9616f,0.099f,1.2453f,-0.0153f,0.0984f,-0.995f,-0.0353f,0f,0f,0f,1f],start_interpolation: 0,interpolation_duration: 0}
$data merge entity $(bone32) {transformation: [-0.9975f,-0.0446f,-0.0551f,0.2257f,-0.068f,0.3838f,0.9209f,0.6039f,-0.0199f,0.9223f,-0.3859f,-0.3452f,0f,0f,0f,1f],start_interpolation: 0,interpolation_duration: 0}
$data merge entity $(bone36) {transformation: [-0.9988f,-0.0367f,-0.0336f,0.338f,-0.0345f,0.9974f,-0.0633f,0.2724f,0.0358f,-0.062f,-0.9974f,-1.037f,0f,0f,0f,1f],start_interpolation: 0,interpolation_duration: 0}
$data merge entity $(bone35) {transformation: [-0.9988f,-0.015f,-0.0474f,0.2972f,-0.0345f,0.8954f,0.4439f,0.4025f,0.0358f,0.445f,-0.8948f,-0.9658f,0f,0f,0f,1f],start_interpolation: 0,interpolation_duration: 0}
$data merge entity $(bone34) {transformation: [-0.9988f,-0.0087f,-0.049f,0.2976f,-0.0345f,0.8298f,0.557f,0.4834f,0.0358f,0.558f,-0.8291f,-0.914f,0f,0f,0f,1f],start_interpolation: 0,interpolation_duration: 0}
$data merge entity $(bone77) {transformation: [-0.9296f,0.3687f,-0.0022f,0.1048f,-0.0186f,-0.053f,-0.9984f,0.0691f,-0.3682f,-0.928f,0.0561f,-0.3587f,0f,0f,0f,1f],start_interpolation: 0,interpolation_duration: 0}
$data merge entity $(bone75) {transformation: [-0.9296f,0.3687f,-0.0022f,0.1698f,-0.0186f,-0.053f,-0.9984f,0.0612f,-0.3682f,-0.928f,0.0561f,-0.533f,0f,0f,0f,1f],start_interpolation: 0,interpolation_duration: 0}
$data merge entity $(bone39) {transformation: [-0.9296f,0.3687f,-0.0022f,0.234f,-0.0186f,-0.053f,-0.9984f,0.0501f,-0.3682f,-0.928f,0.0561f,-0.6909f,0f,0f,0f,1f],start_interpolation: 0,interpolation_duration: 0}
$data merge entity $(bone76) {transformation: [-0.9647f,-0.2635f,-0.005f,0.496f,0.0078f,-0.0096f,-0.9999f,0.0533f,0.2634f,-0.9646f,0.0113f,-0.3311f,0f,0f,0f,1f],start_interpolation: 0,interpolation_duration: 0}
$data merge entity $(bone74) {transformation: [-0.9647f,-0.2635f,-0.005f,0.4827f,0.0078f,-0.0096f,-0.9999f,0.0603f,0.2634f,-0.9646f,0.0113f,-0.5275f,0f,0f,0f,1f],start_interpolation: 0,interpolation_duration: 0}
$data merge entity $(bone40) {transformation: [-0.9647f,-0.2635f,-0.005f,0.4364f,0.0078f,-0.0096f,-0.9999f,0.0566f,0.2634f,-0.9646f,0.0113f,-0.6919f,0f,0f,0f,1f],start_interpolation: 0,interpolation_duration: 0}
$data merge entity $(bone79) {transformation: [-0.9988f,0.0461f,0.0166f,0.3077f,-0.0171f,-0.0111f,-0.9998f,0.0595f,-0.0459f,-0.9989f,0.0119f,-0.2929f,0f,0f,0f,1f],start_interpolation: 0,interpolation_duration: 0}
$data merge entity $(bone78) {transformation: [-0.9988f,0.0461f,0.0166f,0.3209f,-0.0171f,-0.0111f,-0.9998f,0.0593f,-0.0459f,-0.9989f,0.0119f,-0.4933f,0f,0f,0f,1f],start_interpolation: 0,interpolation_duration: 0}
$data merge entity $(bone41) {transformation: [-0.9988f,0.0461f,0.0166f,0.3288f,-0.0171f,-0.0111f,-0.9998f,0.055f,-0.0459f,-0.9989f,0.0119f,-0.6924f,0f,0f,0f,1f],start_interpolation: 0,interpolation_duration: 0}
$data merge entity $(bone38) {transformation: [-0.9999f,-0.0109f,0.0108f,0.3369f,-0.0147f,0.8824f,-0.4702f,0.3075f,-0.0044f,-0.4703f,-0.8825f,-0.802f,0f,0f,0f,1f],start_interpolation: 0,interpolation_duration: 0}
$data merge entity $(bone33) {transformation: [-0.9987f,-0.0456f,-0.0212f,0.3145f,-0.0503f,0.8943f,0.4446f,0.5445f,-0.0013f,0.4452f,-0.8955f,-0.6834f,0f,0f,0f,1f],start_interpolation: 0,interpolation_duration: 0}
$data merge entity $(bone31) {transformation: [-0.9975f,-0.0349f,-0.0617f,0.2813f,-0.068f,0.2266f,0.9716f,0.6115f,-0.0199f,0.9734f,-0.2284f,0.1786f,0f,0f,0f,1f],start_interpolation: 0,interpolation_duration: 0}
$data merge entity $(bone19) {transformation: [-0.9852f,-0.1689f,0.0282f,0.1713f,-0.1711f,0.9774f,-0.1241f,1.2529f,-0.0066f,-0.1271f,-0.9919f,-0.0343f,0f,0f,0f,1f],start_interpolation: 0,interpolation_duration: 0}
$data merge entity $(bone44) {transformation: [-0.7971f,0.5356f,0.2788f,-0.1115f,0.1725f,0.6445f,-0.7449f,1.2469f,-0.5786f,-0.5457f,-0.6061f,-0.0011f,0f,0f,0f,1f],start_interpolation: 0,interpolation_duration: 0}
$data merge entity $(bone46) {transformation: [-0.89f,-0.2301f,0.3937f,-0.2907f,0.0656f,0.7897f,0.61f,0.7819f,-0.4512f,0.5687f,-0.6877f,0.124f,0f,0f,0f,1f],start_interpolation: 0,interpolation_duration: 0}
$data merge entity $(bone50) {transformation: [-0.8718f,-0.1311f,0.4721f,-0.0794f,0.0304f,0.9472f,0.3192f,0.3315f,-0.489f,0.2926f,-0.8217f,-0.5331f,0f,0f,0f,1f],start_interpolation: 0,interpolation_duration: 0}
$data merge entity $(bone49) {transformation: [-0.8718f,-0.3496f,0.3432f,-0.0989f,0.0304f,0.6607f,0.75f,0.4257f,-0.489f,0.6643f,-0.5653f,-0.413f,0f,0f,0f,1f],start_interpolation: 0,interpolation_duration: 0}
$data merge entity $(bone48) {transformation: [-0.8718f,-0.3914f,0.2947f,-0.137f,0.0304f,0.5571f,0.8299f,0.4809f,-0.489f,0.7324f,-0.4738f,-0.3443f,0f,0f,0f,1f],start_interpolation: 0,interpolation_duration: 0}
$data merge entity $(bone54) {transformation: [-0.9809f,0.1939f,-0.0122f,-0.2572f,0.0001f,-0.0621f,-0.9981f,0.0669f,-0.1943f,-0.979f,0.0609f,0.2168f,0f,0f,0f,1f],start_interpolation: 0,interpolation_duration: 0}
$data merge entity $(bone53) {transformation: [-0.9809f,0.1939f,-0.0122f,-0.2172f,0.0001f,-0.0621f,-0.9981f,0.0573f,-0.1943f,-0.979f,0.0609f,0.0353f,0f,0f,0f,1f],start_interpolation: 0,interpolation_duration: 0}
$data merge entity $(bone52) {transformation: [-0.9809f,0.1939f,-0.0122f,-0.1854f,0.0001f,-0.0621f,-0.9981f,0.0446f,-0.1943f,-0.979f,0.0609f,-0.1321f,0f,0f,0f,1f],start_interpolation: 0,interpolation_duration: 0}
$data merge entity $(bone57) {transformation: [-0.7287f,0.6847f,-0.0069f,-0.5862f,-0.0061f,-0.0165f,-0.9998f,0.0575f,-0.6848f,-0.7286f,0.0162f,0.0649f,0f,0f,0f,1f],start_interpolation: 0,interpolation_duration: 0}
$data merge entity $(bone56) {transformation: [-0.7287f,0.6847f,-0.0069f,-0.4823f,-0.0061f,-0.0165f,-0.9998f,0.0632f,-0.6848f,-0.7286f,0.0162f,-0.1024f,0f,0f,0f,1f],start_interpolation: 0,interpolation_duration: 0}
$data merge entity $(bone55) {transformation: [-0.7287f,0.6847f,-0.0069f,-0.3644f,-0.0061f,-0.0165f,-0.9998f,0.0583f,-0.6848f,-0.7286f,0.0162f,-0.2259f,0f,0f,0f,1f],start_interpolation: 0,interpolation_duration: 0}
$data merge entity $(bone60) {transformation: [-0.8813f,0.4708f,-0.0406f,-0.4549f,0.0186f,-0.0514f,-0.9985f,0.0736f,-0.4722f,-0.8807f,0.0365f,0.1768f,0f,0f,0f,1f],start_interpolation: 0,interpolation_duration: 0}
$data merge entity $(bone59) {transformation: [-0.8813f,0.4708f,-0.0406f,-0.3638f,0.0186f,-0.0514f,-0.9985f,0.0653f,-0.4722f,-0.8807f,0.0365f,-0.0019f,0f,0f,0f,1f],start_interpolation: 0,interpolation_duration: 0}
$data merge entity $(bone58) {transformation: [-0.8813f,0.4708f,-0.0406f,-0.2689f,0.0186f,-0.0514f,-0.9985f,0.053f,-0.4722f,-0.8807f,0.0365f,-0.1767f,0f,0f,0f,1f],start_interpolation: 0,interpolation_duration: 0}
$data merge entity $(bone51) {transformation: [-0.8879f,0.211f,0.4088f,-0.23f,0.0495f,0.9272f,-0.3712f,0.316f,-0.4574f,-0.3094f,-0.8337f,-0.2485f,0f,0f,0f,1f],start_interpolation: 0,interpolation_duration: 0}
$data merge entity $(bone47) {transformation: [-0.8879f,-0.1245f,0.4429f,-0.2541f,0.0495f,0.9313f,0.3609f,0.5629f,-0.4574f,0.3423f,-0.8207f,-0.1525f,0f,0f,0f,1f],start_interpolation: 0,interpolation_duration: 0}
$data merge entity $(bone45) {transformation: [-0.89f,-0.2919f,0.3503f,-0.5391f,0.0656f,0.6782f,0.732f,1.0473f,-0.4512f,0.6744f,-0.5844f,0.5054f,0f,0f,0f,1f],start_interpolation: 0,interpolation_duration: 0}
$data merge entity $(bone43) {transformation: [-0.8408f,0.5149f,0.1672f,-0.1713f,0.1157f,0.4726f,-0.8736f,1.2529f,-0.5289f,-0.7152f,-0.4569f,-0.0343f,0f,0f,0f,1f],start_interpolation: 0,interpolation_duration: 0}