# This file was generated by Animated Java via MC-Build. It is not recommended to edit this file directly.
$data merge entity $(bone5) {transformation: [-0.9947f,-0.1024f,0.0046f,0.3851f,-0.0932f,0.9222f,0.3752f,1.456f,-0.0426f,0.3728f,-0.9269f,0.9734f,0f,0f,0f,1f],start_interpolation: 0,interpolation_duration: 0}
$data merge entity $(bone6) {transformation: [0.0232f,-0.2642f,-0.9642f,0.4945f,-0.4666f,0.8501f,-0.2441f,1.2292f,0.8842f,0.4556f,-0.1036f,0.8908f,0f,0f,0f,1f],start_interpolation: 0,interpolation_duration: 0}
$data merge entity $(bone8) {transformation: [-0.2608f,-0.0732f,0.9626f,0.6416f,-0.1038f,0.9935f,0.0474f,0.55f,-0.9598f,-0.0876f,-0.2667f,0.7387f,0f,0f,0f,1f],start_interpolation: 0,interpolation_duration: 0}
$data merge entity $(bone9) {transformation: [-0.2608f,-0.0732f,0.9626f,0.8007f,-0.1038f,0.9935f,0.0474f,0.7235f,-0.9598f,-0.0876f,-0.2667f,0.6691f,0f,0f,0f,1f],start_interpolation: 0,interpolation_duration: 0}
$data merge entity $(bone10) {transformation: [-0.2267f,-0.1482f,0.9626f,0.6236f,-0.3977f,0.9163f,0.0474f,0.5401f,-0.889f,-0.3721f,-0.2667f,0.7152f,0f,0f,0f,1f],start_interpolation: 0,interpolation_duration: 0}
$data merge entity $(bone12) {transformation: [-0.1674f,-0.526f,0.8339f,0.7734f,-0.9081f,0.4115f,0.0773f,0.0425f,-0.3838f,-0.7443f,-0.5465f,0.9381f,0f,0f,0f,1f],start_interpolation: 0,interpolation_duration: 0}
$data merge entity $(bone15) {transformation: [0.9853f,-0.1008f,0.1381f,0.378f,-0.1578f,-0.2254f,0.9614f,0.0236f,-0.0658f,-0.969f,-0.238f,0.9887f,0f,0f,0f,1f],start_interpolation: 0,interpolation_duration: 0}
$data merge entity $(bone14) {transformation: [0.9759f,-0.1008f,-0.1935f,0.5036f,0.167f,-0.2254f,0.9599f,0.0462f,-0.1404f,-0.969f,-0.2031f,0.9691f,0f,0f,0f,1f],start_interpolation: 0,interpolation_duration: 0}
$data merge entity $(bone13) {transformation: [0.8509f,-0.1008f,-0.5156f,0.6144f,0.4852f,-0.2254f,0.8448f,0.1069f,-0.2014f,-0.969f,-0.1428f,0.9401f,0f,0f,0f,1f],start_interpolation: 0,interpolation_duration: 0}
$data merge entity $(bone18) {transformation: [-0.0719f,-0.9967f,-0.0366f,0.7572f,0.7826f,-0.0337f,-0.6216f,-0.2714f,0.6183f,-0.0733f,0.7825f,1.1847f,0f,0f,0f,1f],start_interpolation: 0,interpolation_duration: 0}
$data merge entity $(bone17) {transformation: [-0.0316f,-0.9967f,-0.0742f,0.751f,0.9991f,-0.0337f,0.0269f,-0.0745f,-0.0293f,-0.0733f,0.9969f,1.179f,0f,0f,0f,1f],start_interpolation: 0,interpolation_duration: 0}
$data merge entity $(bone16) {transformation: [0.0243f,-0.9967f,-0.077f,0.7504f,0.7416f,-0.0337f,0.67f,0.033f,-0.6704f,-0.0733f,0.7384f,1.0791f,0f,0f,0f,1f],start_interpolation: 0,interpolation_duration: 0}
$data merge entity $(bone27) {transformation: [-0.8435f,-0.5293f,-0.0914f,1.1929f,-0.0722f,-0.057f,0.9958f,0.03f,-0.5322f,0.8465f,0.0098f,1.134f,0f,0f,0f,1f],start_interpolation: 0,interpolation_duration: 0}
$data merge entity $(bone26) {transformation: [-0.8313f,-0.5498f,-0.0811f,1.0606f,-0.0687f,-0.0432f,0.9967f,0.0203f,-0.5515f,0.8341f,-0.0019f,1.0541f,0f,0f,0f,1f],start_interpolation: 0,interpolation_duration: 0}
$data merge entity $(bone25) {transformation: [-0.824f,-0.5498f,0.1368f,0.9089f,0.1916f,-0.0432f,0.9805f,0.0531f,-0.5332f,0.8341f,0.1409f,0.9609f,0f,0f,0f,1f],start_interpolation: 0,interpolation_duration: 0}
$data merge entity $(bone30) {transformation: [0.1036f,-0.8747f,0.4736f,0.9454f,0.952f,-0.0507f,-0.3018f,-0.285f,0.288f,0.4821f,0.8274f,1.1923f,0f,0f,0f,1f],start_interpolation: 0,interpolation_duration: 0}
$data merge entity $(bone29) {transformation: [-0.1511f,-0.8747f,0.4606f,0.9193f,0.9735f,-0.0507f,0.2231f,-0.093f,-0.1718f,0.4821f,0.8591f,1.1564f,0f,0f,0f,1f],start_interpolation: 0,interpolation_duration: 0}
$data merge entity $(bone28) {transformation: [-0.3915f,-0.8747f,0.2859f,0.8359f,0.6603f,-0.0507f,0.7493f,0.0391f,-0.6409f,0.4821f,0.5974f,1.0278f,0f,0f,0f,1f],start_interpolation: 0,interpolation_duration: 0}
$data merge entity $(bone7) {transformation: [0.9626f,-0.0845f,0.2574f,0.6017f,0.0474f,0.988f,0.147f,0.8841f,-0.2667f,-0.1293f,0.9551f,0.6911f,0f,0f,0f,1f],start_interpolation: 0,interpolation_duration: 0}
$data merge entity $(bone4) {transformation: [-0.9642f,-0.2651f,0.0046f,0.3501f,-0.2441f,0.8942f,0.3752f,1.5615f,-0.1036f,0.3607f,-0.9269f,0.988f,0f,0f,0f,1f],start_interpolation: 0,interpolation_duration: 0}
$data merge entity $(bone62) {transformation: [-0.9106f,0.3564f,0.2091f,-0.4156f,0.4096f,0.7108f,0.5718f,1.4811f,0.0551f,0.6063f,-0.7933f,0.9454f,0f,0f,0f,1f],start_interpolation: 0,interpolation_duration: 0}
$data merge entity $(bone63) {transformation: [0.2605f,0.4772f,0.8393f,-0.5835f,0.6349f,0.5703f,-0.5213f,1.3324f,-0.7274f,0.6686f,-0.1545f,0.8042f,0f,0f,0f,1f],start_interpolation: 0,interpolation_duration: 0}
$data merge entity $(bone65) {transformation: [-0.0441f,0.1566f,-0.9867f,-0.8395f,0.2252f,0.9638f,0.1429f,0.784f,0.9733f,-0.2159f,-0.0777f,0.6118f,0f,0f,0f,1f],start_interpolation: 0,interpolation_duration: 0}
$data merge entity $(bone66) {transformation: [-0.0441f,0.1566f,-0.9867f,-0.9905f,0.2252f,0.9638f,0.1429f,0.9689f,0.9733f,-0.2159f,-0.0777f,0.5547f,0f,0f,0f,1f],start_interpolation: 0,interpolation_duration: 0}
$data merge entity $(bone67) {transformation: [0.005f,0.1626f,-0.9867f,-0.8278f,0.5046f,0.8515f,0.1429f,0.7698f,0.8634f,-0.4986f,-0.0777f,0.5865f,0f,0f,0f,1f],start_interpolation: 0,interpolation_duration: 0}
$data merge entity $(bone69) {transformation: [-0.2677f,0.0818f,-0.96f,-0.9132f,0.3312f,0.9435f,-0.012f,0.2113f,0.9048f,-0.3212f,-0.2797f,0.7728f,0f,0f,0f,1f],start_interpolation: 0,interpolation_duration: 0}
$data merge entity $(bone72) {transformation: [0.9309f,0.262f,0.2544f,-0.6284f,-0.3213f,0.2561f,0.9117f,0.1281f,0.1737f,-0.9304f,0.3226f,0.7991f,0f,0f,0f,1f],start_interpolation: 0,interpolation_duration: 0}
$data merge entity $(bone71) {transformation: [0.7514f,0.262f,0.6056f,-0.7243f,-0.6592f,0.2561f,0.707f,0.2145f,0.0302f,-0.9304f,0.3652f,0.7946f,0f,0f,0f,1f],start_interpolation: 0,interpolation_duration: 0}
$data merge entity $(bone70) {transformation: [0.499f,0.262f,0.8261f,-0.7895f,-0.8612f,0.2561f,0.439f,0.3261f,-0.0966f,-0.9304f,0.3535f,0.8035f,0f,0f,0f,1f],start_interpolation: 0,interpolation_duration: 0}
$data merge entity $(bone81) {transformation: [0.1161f,0.9869f,0.1125f,-0.8049f,-0.6755f,-0.0046f,0.7374f,-0.0993f,0.7282f,-0.1616f,0.666f,1.1111f,0f,0f,0f,1f],start_interpolation: 0,interpolation_duration: 0}
$data merge entity $(bone80) {transformation: [0.0956f,0.9869f,0.1304f,-0.8237f,-0.7895f,-0.0046f,0.6137f,0.0563f,0.6063f,-0.1616f,0.7787f,0.9916f,0f,0f,0f,1f],start_interpolation: 0,interpolation_duration: 0}
$data merge entity $(bone73) {transformation: [0.1329f,0.9869f,0.092f,-0.8391f,-0.546f,-0.0046f,0.8378f,0.1349f,0.8272f,-0.1616f,0.5382f,0.8687f,0f,0f,0f,1f],start_interpolation: 0,interpolation_duration: 0}
$data merge entity $(bone84) {transformation: [-0.7129f,0.6934f,0.1046f,-1.256f,0.1258f,-0.0203f,0.9918f,0.0297f,0.6899f,0.7203f,-0.0727f,1.0234f,0f,0f,0f,1f],start_interpolation: 0,interpolation_duration: 0}
$data merge entity $(bone83) {transformation: [-0.6876f,0.7109f,-0.1479f,-1.1451f,-0.2105f,-0.0002f,0.9776f,0.0634f,0.6949f,0.7033f,0.1497f,0.9205f,0f,0f,0f,1f],start_interpolation: 0,interpolation_duration: 0}
$data merge entity $(bone82) {transformation: [-0.6259f,0.7109f,-0.3208f,-1.0283f,-0.4563f,-0.0002f,0.8898f,0.1445f,0.6325f,0.7033f,0.3245f,0.8086f,0f,0f,0f,1f],start_interpolation: 0,interpolation_duration: 0}
$data merge entity $(bone103) {transformation: [-0.2427f,0.9473f,-0.209f,-1.0338f,-0.645f,0.0033f,0.7642f,-0.1168f,0.7246f,0.3203f,0.6102f,1.1362f,0f,0f,0f,1f],start_interpolation: 0,interpolation_duration: 0}
$data merge entity $(bone102) {transformation: [-0.2203f,0.9473f,-0.2325f,-0.9945f,-0.7191f,0.0033f,0.6948f,0.0249f,0.659f,0.3203f,0.6805f,1.005f,0f,0f,0f,1f],start_interpolation: 0,interpolation_duration: 0}
$data merge entity $(bone85) {transformation: [-0.2709f,0.9473f,-0.1709f,-0.9353f,-0.5252f,0.0033f,0.8509f,0.1298f,0.8067f,0.3203f,0.4967f,0.8423f,0f,0f,0f,1f],start_interpolation: 0,interpolation_duration: 0}
$data merge entity $(bone64) {transformation: [0.9867f,0.1584f,-0.0372f,-0.7756f,-0.1429f,0.953f,0.267f,1.1046f,0.0777f,-0.2581f,0.963f,0.5185f,0f,0f,0f,1f],start_interpolation: 0,interpolation_duration: 0}
$data merge entity $(bone61) {transformation: [-0.8393f,0.5018f,0.2091f,-0.3501f,0.5213f,0.6335f,0.5718f,1.5615f,0.1545f,0.5889f,-0.7933f,0.988f,0f,0f,0f,1f],start_interpolation: 0,interpolation_duration: 0}
$data merge entity $(bone23) {transformation: [-0.7934f,-0.6088f,0f,0.1071f,-0.0753f,0.0981f,0.9923f,1.484f,-0.6041f,0.7873f,-0.1237f,1.0107f,0f,0f,0f,1f],start_interpolation: 0,interpolation_duration: 0}
$data merge entity $(bone22) {transformation: [-0.7934f,0.6088f,0f,-0.1071f,0.0753f,0.0981f,0.9923f,1.484f,0.6041f,0.7873f,-0.1237f,1.0107f,0f,0f,0f,1f],start_interpolation: 0,interpolation_duration: 0}
$data merge entity $(bone89) {transformation: [-1f,0.0072f,0.0007f,0.002f,0.0056f,0.7182f,0.6958f,2.1839f,0.0045f,0.6958f,-0.7182f,1.4534f,0f,0f,0f,1f],start_interpolation: 0,interpolation_duration: 0}
$data merge entity $(bone90) {transformation: [-1f,0.0069f,0.0019f,0.0013f,0.0056f,0.5865f,0.8099f,2.1184f,0.0045f,0.8099f,-0.5865f,1.3778f,0f,0f,0f,1f],start_interpolation: 0,interpolation_duration: 0}
$data merge entity $(bone88) {transformation: [-1f,0.0071f,0.0013f,0.0312f,0.0056f,0.6548f,0.7557f,1.9733f,0.0045f,0.7557f,-0.6549f,1.2676f,0f,0f,0f,1f],start_interpolation: 0,interpolation_duration: 0}
$data merge entity $(bone42) {transformation: [-1f,0f,0f,0f,0f,0.7449f,0.6672f,1.6954f,0f,0.6672f,-0.7449f,1.6847f,0f,0f,0f,1f],start_interpolation: 0,interpolation_duration: 0}
$data merge entity $(bone87) {transformation: [-0.9998f,0.0157f,-0.0096f,-0.0044f,0.0037f,0.6815f,0.7318f,1.2679f,0.018f,0.7317f,-0.6814f,2.2587f,0f,0f,0f,1f],start_interpolation: 0,interpolation_duration: 0}
$data merge entity $(bone86) {transformation: [-1f,0f,0f,0f,0f,0.7591f,0.6509f,1.4127f,0f,0.6509f,-0.7591f,2.0823f,0f,0f,0f,1f],start_interpolation: 0,interpolation_duration: 0}
$data merge entity $(bone92) {transformation: [-0.8818f,0.2593f,-0.3939f,0.1194f,-0.0452f,0.7851f,0.6178f,1.7699f,0.4695f,0.5625f,-0.6806f,1.7214f,0f,0f,0f,1f],start_interpolation: 0,interpolation_duration: 0}
$data merge entity $(bone3) {transformation: [-0.8818f,-0.2593f,0.3939f,-0.1194f,0.0452f,0.7851f,0.6178f,1.7699f,-0.4695f,0.5625f,-0.6806f,1.7214f,0f,0f,0f,1f],start_interpolation: 0,interpolation_duration: 0}
$data merge entity $(head) {transformation: [-1f,0f,0f,0f,0f,0.7922f,0.6103f,1.6827f,0f,0.6103f,-0.7922f,1.5014f,0f,0f,0f,1f],start_interpolation: 0,interpolation_duration: 0}
$data merge entity $(neck) {transformation: [-1f,0f,0f,0f,0f,0.6072f,0.7945f,1.5803f,0f,0.7945f,-0.6072f,1.3673f,0f,0f,0f,1f],start_interpolation: 0,interpolation_duration: 0}
$data merge entity $(bone2) {transformation: [-1f,0f,0f,0f,0f,0.1237f,0.9923f,1.5203f,0f,0.9923f,-0.1237f,1.055f,0f,0f,0f,1f],start_interpolation: 0,interpolation_duration: 0}
$data merge entity $(bone136) {transformation: [-1f,0f,0f,0f,0f,0.1754f,1.0223f,1.5034f,0f,0.9845f,-0.1822f,0.8591f,0f,0f,0f,1f],start_interpolation: 0,interpolation_duration: 0}
$data merge entity $(bone118) {transformation: [-0.0597f,-0.849f,-0.525f,0.2556f,0.9924f,-0.1073f,0.0607f,1.6655f,-0.1078f,-0.5174f,0.8489f,0.7764f,0f,0f,0f,1f],start_interpolation: 0,interpolation_duration: 0}
$data merge entity $(bone119) {transformation: [-0.1232f,-0.849f,-0.5138f,0.7367f,0.9924f,-0.1073f,-0.0607f,1.686f,-0.0036f,-0.5174f,0.8558f,-0.0289f,0f,0f,0f,1f],start_interpolation: 0,interpolation_duration: 0}
$data merge entity $(bone120) {transformation: [-0.4996f,-0.849f,0.1719f,1.6077f,-0.1555f,-0.1073f,-0.982f,0.9537f,0.8522f,-0.5174f,-0.0785f,0.643f,0f,0f,0f,1f],start_interpolation: 0,interpolation_duration: 0}
$data merge entity $(bone121) {transformation: [0f,0f,0f,0.991f,0f,0f,0f,1.7859f,0f,0f,0f,-0.4554f,0f,0f,0f,1f],start_interpolation: 0,interpolation_duration: 0}
$data merge entity $(bone123) {transformation: [0.0508f,-1.731f,-1.063f,0.9085f,1.9852f,-0.183f,0.393f,1.2327f,-0.4305f,-1.0483f,1.6866f,2.4013f,0f,0f,0f,1f],start_interpolation: 0,interpolation_duration: 0}
$data merge entity $(bone124) {transformation: [-0.1112f,-0.8519f,-0.5118f,0.7486f,0.9937f,-0.0901f,-0.0661f,2.652f,0.0102f,-0.5159f,0.8566f,-0.2568f,0f,0f,0f,1f],start_interpolation: 0,interpolation_duration: 0}
$data merge entity $(bone122) {transformation: [-0.3696f,-1.3126f,-0.7173f,0.573f,1.4526f,-0.1388f,-0.4946f,2.6373f,0.3567f,-0.7949f,1.2708f,0.0341f,0f,0f,0f,1f],start_interpolation: 0,interpolation_duration: 0}
$data merge entity $(bone126) {transformation: [0.2794f,-0.8519f,-0.443f,1.1563f,0.7551f,-0.0901f,0.6494f,1.9312f,-0.5931f,-0.5159f,0.6181f,-0.8031f,0f,0f,0f,1f],start_interpolation: 0,interpolation_duration: 0}
$data merge entity $(bone127) {transformation: [0.1552f,-0.8519f,-0.5002f,0.8151f,0.8974f,-0.0901f,0.4319f,2.3323f,-0.4129f,-0.5159f,0.7505f,-0.3107f,0f,0f,0f,1f],start_interpolation: 0,interpolation_duration: 0}
$data merge entity $(bone125) {transformation: [0.0287f,-1.1942f,-0.7337f,0.6491f,1.3719f,-0.1263f,0.2592f,2.4932f,-0.2869f,-0.7233f,1.1661f,-0.0574f,0f,0f,0f,1f],start_interpolation: 0,interpolation_duration: 0}
$data merge entity $(bone129) {transformation: [1.0363f,-1.5886f,-0.197f,0.4818f,0.0806f,-0.168f,2.0042f,3.7697f,-1.7251f,-0.9621f,-0.0247f,2.6628f,0f,0f,0f,1f],start_interpolation: 0,interpolation_duration: 0}
$data merge entity $(bone130) {transformation: [0.5356f,-0.8519f,-0.1819f,0.8619f,0.1924f,-0.0901f,1.0583f,1.4966f,-0.9179f,-0.5159f,0.1156f,-0.2421f,0f,0f,0f,1f],start_interpolation: 0,interpolation_duration: 0}
$data merge entity $(bone131) {transformation: [0.459f,-0.8519f,-0.3306f,0.7195f,0.4934f,-0.0901f,0.9558f,2.0767f,-0.844f,-0.5159f,0.3789f,-0.1084f,0f,0f,0f,1f],start_interpolation: 0,interpolation_duration: 0}
$data merge entity $(bone128) {transformation: [0.3772f,-0.8981f,-0.4619f,0.6134f,0.7632f,-0.095f,0.8387f,2.3805f,-0.7561f,-0.5439f,0.6162f,0.0033f,0f,0f,0f,1f],start_interpolation: 0,interpolation_duration: 0}
$data merge entity $(bone132) {transformation: [-0.211f,-0.8519f,-0.4793f,0.4911f,0.9606f,-0.0901f,-0.2628f,2.5157f,0.1807f,-0.5159f,0.8373f,0.2043f,0f,0f,0f,1f],start_interpolation: 0,interpolation_duration: 0}
$data merge entity $(bone133) {transformation: [-0.369f,-1.4462f,-0.708f,0.5564f,1.6798f,-0.1529f,-0.3882f,2.5334f,0.316f,-0.8759f,1.2368f,0.105f,0f,0f,0f,1f],start_interpolation: 0,interpolation_duration: 0}
$data merge entity $(w5) {transformation: [-0.211f,-0.8519f,-0.4793f,0.5644f,0.9606f,-0.0901f,-0.2628f,2.4666f,0.1807f,-0.5159f,0.8373f,0.1165f,0f,0f,0f,1f],start_interpolation: 0,interpolation_duration: 0}
$data merge entity $(w2) {transformation: [-0.5079f,-0.849f,-0.1458f,0.7104f,0.4358f,-0.1073f,-0.8936f,1.7025f,0.743f,-0.5174f,0.4245f,-0.0125f,0f,0f,0f,1f],start_interpolation: 0,interpolation_duration: 0}
$data merge entity $(wing3) {transformation: [-0.0597f,-0.849f,-0.525f,0.2175f,0.9924f,-0.1073f,0.0607f,1.7697f,-0.1078f,-0.5174f,0.8489f,0.7825f,0f,0f,0f,1f],start_interpolation: 0,interpolation_duration: 0}
$data merge entity $(bone104) {transformation: [-0.0597f,0.849f,0.525f,-0.2556f,-0.9924f,-0.1073f,0.0607f,1.6655f,0.1078f,-0.5174f,0.8489f,0.7764f,0f,0f,0f,1f],start_interpolation: 0,interpolation_duration: 0}
$data merge entity $(bone105) {transformation: [-0.1232f,0.849f,0.5138f,-0.7367f,-0.9924f,-0.1073f,-0.0607f,1.686f,0.0036f,-0.5174f,0.8558f,-0.0289f,0f,0f,0f,1f],start_interpolation: 0,interpolation_duration: 0}
$data merge entity $(bone106) {transformation: [-0.4996f,0.849f,-0.1719f,-1.6077f,0.1555f,-0.1073f,-0.982f,0.9537f,-0.8522f,-0.5174f,-0.0785f,0.643f,0f,0f,0f,1f],start_interpolation: 0,interpolation_duration: 0}
$data merge entity $(bone107) {transformation: [0f,0f,0f,-0.991f,0f,0f,0f,1.7859f,0f,0f,0f,-0.4554f,0f,0f,0f,1f],start_interpolation: 0,interpolation_duration: 0}
$data merge entity $(bone109) {transformation: [0.0652f,1.731f,1.0001f,-0.9423f,-1.8196f,-0.183f,0.335f,1.3415f,0.4253f,-1.0483f,1.5928f,2.3265f,0f,0f,0f,1f],start_interpolation: 0,interpolation_duration: 0}
$data merge entity $(bone110) {transformation: [-0.0964f,0.8519f,0.4837f,-0.7389f,-0.9076f,-0.0901f,-0.0725f,2.6549f,-0.0007f,-0.5159f,0.8113f,-0.2413f,0f,0f,0f,1f],start_interpolation: 0,interpolation_duration: 0}
$data merge entity $(bone108) {transformation: [-0.3364f,1.3126f,0.6815f,-0.573f,-1.3219f,-0.1388f,-0.4699f,2.6373f,-0.3246f,-0.7949f,1.2072f,0.0341f,0f,0f,0f,1f],start_interpolation: 0,interpolation_duration: 0}
$data merge entity $(bone112) {transformation: [0.2794f,0.8519f,0.443f,-1.1563f,-0.7551f,-0.0901f,0.6494f,1.9312f,0.5931f,-0.5159f,0.6181f,-0.8031f,0f,0f,0f,1f],start_interpolation: 0,interpolation_duration: 0}
$data merge entity $(bone113) {transformation: [0.1552f,0.8519f,0.5002f,-0.8151f,-0.8974f,-0.0901f,0.4319f,2.3323f,0.4129f,-0.5159f,0.7505f,-0.3107f,0f,0f,0f,1f],start_interpolation: 0,interpolation_duration: 0}
$data merge entity $(bone111) {transformation: [0.0287f,1.1942f,0.7337f,-0.6491f,-1.3719f,-0.1263f,0.2592f,2.4932f,0.2869f,-0.7233f,1.1661f,-0.0574f,0f,0f,0f,1f],start_interpolation: 0,interpolation_duration: 0}
$data merge entity $(bone115) {transformation: [1.0363f,1.5886f,0.197f,-0.4818f,-0.0806f,-0.168f,2.0042f,3.7697f,1.7251f,-0.9621f,-0.0247f,2.6628f,0f,0f,0f,1f],start_interpolation: 0,interpolation_duration: 0}
$data merge entity $(bone116) {transformation: [0.5356f,0.8519f,0.1819f,-0.8619f,-0.1924f,-0.0901f,1.0583f,1.4966f,0.9179f,-0.5159f,0.1156f,-0.2421f,0f,0f,0f,1f],start_interpolation: 0,interpolation_duration: 0}
$data merge entity $(bone117) {transformation: [0.459f,0.8519f,0.3306f,-0.7195f,-0.4934f,-0.0901f,0.9558f,2.0767f,0.844f,-0.5159f,0.3789f,-0.1084f,0f,0f,0f,1f],start_interpolation: 0,interpolation_duration: 0}
$data merge entity $(bone114) {transformation: [0.3772f,0.8981f,0.4619f,-0.6134f,-0.7632f,-0.095f,0.8387f,2.3805f,0.7561f,-0.5439f,0.6162f,0.0033f,0f,0f,0f,1f],start_interpolation: 0,interpolation_duration: 0}
$data merge entity $(bone134) {transformation: [-0.211f,0.8519f,0.4793f,-0.4911f,-0.9606f,-0.0901f,-0.2628f,2.5157f,-0.1807f,-0.5159f,0.8373f,0.2043f,0f,0f,0f,1f],start_interpolation: 0,interpolation_duration: 0}
$data merge entity $(bone135) {transformation: [-0.369f,1.4462f,0.708f,-0.5564f,-1.6798f,-0.1529f,-0.3882f,2.5334f,-0.316f,-0.8759f,1.2368f,0.105f,0f,0f,0f,1f],start_interpolation: 0,interpolation_duration: 0}
$data merge entity $(w4) {transformation: [-0.211f,0.8519f,0.4793f,-0.5644f,-0.9606f,-0.0901f,-0.2628f,2.4666f,-0.1807f,-0.5159f,0.8373f,0.1165f,0f,0f,0f,1f],start_interpolation: 0,interpolation_duration: 0}
$data merge entity $(w3) {transformation: [-0.5079f,0.849f,0.1458f,-0.7104f,-0.4358f,-0.1073f,-0.8936f,1.7025f,-0.743f,-0.5174f,0.4245f,-0.0125f,0f,0f,0f,1f],start_interpolation: 0,interpolation_duration: 0}
$data merge entity $(wing2) {transformation: [-0.0597f,0.849f,0.525f,-0.2175f,-0.9924f,-0.1073f,0.0607f,1.7697f,0.1078f,-0.5174f,0.8489f,0.7825f,0f,0f,0f,1f],start_interpolation: 0,interpolation_duration: 0}
$data merge entity $(bone20) {transformation: [-1f,0f,0f,-0.1563f,0f,-0.1804f,0.9836f,1.5261f,0f,0.9836f,0.1804f,0.3246f,0f,0f,0f,1f],start_interpolation: 0,interpolation_duration: 0}
$data merge entity $(bone101) {transformation: [-1f,0f,0f,0f,0f,-0.4579f,0.889f,1.1699f,0f,0.889f,0.4579f,-2.6462f,0f,0f,0f,1f],start_interpolation: 0,interpolation_duration: 0}
$data merge entity $(bone100) {transformation: [-1f,0f,0f,0f,0f,0.0381f,0.9993f,0.7173f,0f,0.9993f,-0.0381f,-2.6227f,0f,0f,0f,1f],start_interpolation: 0,interpolation_duration: 0}
$data merge entity $(bone99) {transformation: [-1f,0f,0f,0f,0f,0.4925f,0.8703f,0.2767f,0f,0.8703f,-0.4925f,-2.3733f,0f,0f,0f,1f],start_interpolation: 0,interpolation_duration: 0}
$data merge entity $(bone98) {transformation: [-1f,0f,0f,0f,0f,0.8912f,0.4536f,0.0528f,0f,0.4536f,-0.8912f,-1.9333f,0f,0f,0f,1f],start_interpolation: 0,interpolation_duration: 0}
$data merge entity $(bone97) {transformation: [-1f,0f,0f,0f,0f,0.99f,-0.1407f,0.1249f,0f,-0.1407f,-0.99f,-1.4259f,0f,0f,0f,1f],start_interpolation: 0,interpolation_duration: 0}
$data merge entity $(bone96) {transformation: [-1f,0f,0f,0f,0f,0.8608f,-0.5089f,0.3794f,0f,-0.5089f,-0.8608f,-0.9955f,0f,0f,0f,1f],start_interpolation: 0,interpolation_duration: 0}
$data merge entity $(bone95) {transformation: [-1f,0f,0f,0f,0f,0.6679f,-0.7442f,0.7468f,0f,-0.7442f,-0.6679f,-0.6657f,0f,0f,0f,1f],start_interpolation: 0,interpolation_duration: 0}
$data merge entity $(bone94) {transformation: [-1f,0f,0f,0f,0f,0.6005f,-0.7996f,1.1416f,0f,-0.7996f,-0.6005f,-0.3692f,0f,0f,0f,1f],start_interpolation: 0,interpolation_duration: 0}
$data merge entity $(bone93) {transformation: [-1f,0f,0f,0f,0f,0.7303f,-0.6832f,1.3999f,0f,-0.6832f,-0.7303f,-0.093f,0f,0f,0f,1f],start_interpolation: 0,interpolation_duration: 0}
$data merge entity $(bone) {transformation: [-1f,0f,0f,0f,0f,0.5373f,0.8434f,1.3077f,0f,0.8434f,-0.5373f,-0.0343f,0f,0f,0f,1f],start_interpolation: 0,interpolation_duration: 0}
$data merge entity $(bone24) {transformation: [-0.9666f,-0.2562f,-0.0097f,0.1031f,-0.256f,0.9621f,0.0944f,1.249f,-0.0149f,0.0937f,-0.9955f,-0.0353f,0f,0f,0f,1f],start_interpolation: 0,interpolation_duration: 0}
$data merge entity $(bone32) {transformation: [-0.9975f,-0.0454f,-0.0547f,0.226f,-0.0681f,0.3898f,0.9184f,0.6052f,-0.0204f,0.9198f,-0.3919f,-0.3422f,0f,0f,0f,1f],start_interpolation: 0,interpolation_duration: 0}
$data merge entity $(bone36) {transformation: [-0.9988f,-0.0352f,-0.0346f,0.3379f,-0.0332f,0.9979f,-0.0557f,0.2742f,0.0365f,-0.0545f,-0.9978f,-1.0355f,0f,0f,0f,1f],start_interpolation: 0,interpolation_duration: 0}
$data merge entity $(bone35) {transformation: [-0.9988f,-0.0132f,-0.0475f,0.2973f,-0.0332f,0.892f,0.4507f,0.4038f,0.0365f,0.4517f,-0.8914f,-0.9634f,0f,0f,0f,1f],start_interpolation: 0,interpolation_duration: 0}
$data merge entity $(bone34) {transformation: [-0.9988f,-0.0069f,-0.0489f,0.2979f,-0.0332f,0.8256f,0.5633f,0.4842f,0.0365f,0.5642f,-0.8248f,-0.9109f,0f,0f,0f,1f],start_interpolation: 0,interpolation_duration: 0}
$data merge entity $(bone77) {transformation: [-0.9299f,0.3677f,-0.0058f,0.105f,-0.0155f,-0.0549f,-0.9984f,0.0691f,-0.3674f,-0.9283f,0.0568f,-0.3587f,0f,0f,0f,1f],start_interpolation: 0,interpolation_duration: 0}
$data merge entity $(bone75) {transformation: [-0.9299f,0.3677f,-0.0058f,0.1698f,-0.0155f,-0.0549f,-0.9984f,0.0608f,-0.3674f,-0.9283f,0.0568f,-0.5331f,0f,0f,0f,1f],start_interpolation: 0,interpolation_duration: 0}
$data merge entity $(bone39) {transformation: [-0.9299f,0.3677f,-0.0058f,0.2338f,-0.0155f,-0.0549f,-0.9984f,0.0494f,-0.3674f,-0.9283f,0.0568f,-0.691f,0f,0f,0f,1f],start_interpolation: 0,interpolation_duration: 0}
$data merge entity $(bone76) {transformation: [-0.9643f,-0.2648f,-0.0059f,0.4963f,0.0092f,-0.0113f,-0.9999f,0.053f,0.2647f,-0.9642f,0.0134f,-0.3314f,0f,0f,0f,1f],start_interpolation: 0,interpolation_duration: 0}
$data merge entity $(bone74) {transformation: [-0.9643f,-0.2648f,-0.0059f,0.4827f,0.0092f,-0.0113f,-0.9999f,0.0596f,0.2647f,-0.9642f,0.0134f,-0.5279f,0f,0f,0f,1f],start_interpolation: 0,interpolation_duration: 0}
$data merge entity $(bone40) {transformation: [-0.9643f,-0.2648f,-0.0059f,0.4362f,0.0092f,-0.0113f,-0.9999f,0.0556f,0.2647f,-0.9642f,0.0134f,-0.6921f,0f,0f,0f,1f],start_interpolation: 0,interpolation_duration: 0}
$data merge entity $(bone79) {transformation: [-0.9989f,0.044f,0.0145f,0.3084f,-0.0151f,-0.0128f,-0.9998f,0.0593f,-0.0438f,-0.9989f,0.0134f,-0.2931f,0f,0f,0f,1f],start_interpolation: 0,interpolation_duration: 0}
$data merge entity $(bone78) {transformation: [-0.9989f,0.044f,0.0145f,0.3212f,-0.0151f,-0.0128f,-0.9998f,0.0588f,-0.0438f,-0.9989f,0.0134f,-0.4935f,0f,0f,0f,1f],start_interpolation: 0,interpolation_duration: 0}
$data merge entity $(bone41) {transformation: [-0.9989f,0.044f,0.0145f,0.3287f,-0.0151f,-0.0128f,-0.9998f,0.0542f,-0.0438f,-0.9989f,0.0134f,-0.6925f,0f,0f,0f,1f],start_interpolation: 0,interpolation_duration: 0}
$data merge entity $(bone38) {transformation: [-0.9999f,-0.01f,0.0093f,0.337f,-0.0132f,0.886f,-0.4636f,0.3075f,-0.0036f,-0.4637f,-0.886f,-0.8003f,0f,0f,0f,1f],start_interpolation: 0,interpolation_duration: 0}
$data merge entity $(bone33) {transformation: [-0.9988f,-0.0438f,-0.0214f,0.3151f,-0.0487f,0.891f,0.4514f,0.5436f,-0.0007f,0.4519f,-0.8921f,-0.6798f,0f,0f,0f,1f],start_interpolation: 0,interpolation_duration: 0}
$data merge entity $(bone31) {transformation: [-0.9975f,-0.0357f,-0.0614f,0.2811f,-0.0681f,0.2329f,0.9701f,0.6162f,-0.0204f,0.9718f,-0.2348f,0.1817f,0f,0f,0f,1f],start_interpolation: 0,interpolation_duration: 0}
$data merge entity $(bone19) {transformation: [-0.9852f,-0.1688f,0.029f,0.1713f,-0.1711f,0.9768f,-0.1287f,1.2566f,-0.0066f,-0.1317f,-0.9913f,-0.0343f,0f,0f,0f,1f],start_interpolation: 0,interpolation_duration: 0}
$data merge entity $(bone44) {transformation: [-0.7972f,0.5343f,0.281f,-0.1115f,0.1728f,0.6479f,-0.7418f,1.2507f,-0.5784f,-0.5429f,-0.6089f,-0.0011f,0f,0f,0f,1f],start_interpolation: 0,interpolation_duration: 0}
$data merge entity $(bone46) {transformation: [-0.8899f,-0.2305f,0.3936f,-0.2903f,0.0652f,0.7897f,0.61f,0.7826f,-0.4515f,0.5685f,-0.6877f,0.1231f,0f,0f,0f,1f],start_interpolation: 0,interpolation_duration: 0}
$data merge entity $(bone50) {transformation: [-0.8717f,-0.1307f,0.4723f,-0.0789f,0.0299f,0.9478f,0.3174f,0.3313f,-0.4892f,0.2908f,-0.8223f,-0.5334f,0f,0f,0f,1f],start_interpolation: 0,interpolation_duration: 0}
$data merge entity $(bone49) {transformation: [-0.8717f,-0.3494f,0.3437f,-0.0984f,0.0299f,0.6621f,0.7488f,0.4257f,-0.4892f,0.663f,-0.5667f,-0.4136f,0f,0f,0f,1f],start_interpolation: 0,interpolation_duration: 0}
$data merge entity $(bone48) {transformation: [-0.8717f,-0.3913f,0.2952f,-0.1365f,0.0299f,0.5587f,0.8288f,0.4811f,-0.4892f,0.7313f,-0.4753f,-0.345f,0f,0f,0f,1f],start_interpolation: 0,interpolation_duration: 0}
$data merge entity $(bone54) {transformation: [-0.9809f,0.1942f,-0.0101f,-0.257f,-0.0016f,-0.0599f,-0.9982f,0.0667f,-0.1944f,-0.9791f,0.0591f,0.217f,0f,0f,0f,1f],start_interpolation: 0,interpolation_duration: 0}
$data merge entity $(bone53) {transformation: [-0.9809f,0.1942f,-0.0101f,-0.217f,-0.0016f,-0.0599f,-0.9982f,0.0575f,-0.1944f,-0.9791f,0.0591f,0.0355f,0f,0f,0f,1f],start_interpolation: 0,interpolation_duration: 0}
$data merge entity $(bone52) {transformation: [-0.9809f,0.1942f,-0.0101f,-0.1851f,-0.0016f,-0.0599f,-0.9982f,0.0452f,-0.1944f,-0.9791f,0.0591f,-0.1319f,0f,0f,0f,1f],start_interpolation: 0,interpolation_duration: 0}
$data merge entity $(bone57) {transformation: [-0.7287f,0.6849f,-0.0054f,-0.5859f,-0.007f,-0.0154f,-0.9999f,0.0576f,-0.6848f,-0.7285f,0.016f,0.065f,0f,0f,0f,1f],start_interpolation: 0,interpolation_duration: 0}
$data merge entity $(bone56) {transformation: [-0.7287f,0.6849f,-0.0054f,-0.482f,-0.007f,-0.0154f,-0.9999f,0.0635f,-0.6848f,-0.7285f,0.016f,-0.1023f,0f,0f,0f,1f],start_interpolation: 0,interpolation_duration: 0}
$data merge entity $(bone55) {transformation: [-0.7287f,0.6849f,-0.0054f,-0.3641f,-0.007f,-0.0154f,-0.9999f,0.0588f,-0.6848f,-0.7285f,0.016f,-0.2258f,0f,0f,0f,1f],start_interpolation: 0,interpolation_duration: 0}
$data merge entity $(bone60) {transformation: [-0.8812f,0.4711f,-0.0394f,-0.4547f,0.0181f,-0.0498f,-0.9986f,0.0735f,-0.4724f,-0.8807f,0.0353f,0.1769f,0f,0f,0f,1f],start_interpolation: 0,interpolation_duration: 0}
$data merge entity $(bone59) {transformation: [-0.8812f,0.4711f,-0.0394f,-0.3635f,0.0181f,-0.0498f,-0.9986f,0.0656f,-0.4724f,-0.8807f,0.0353f,-0.0018f,0f,0f,0f,1f],start_interpolation: 0,interpolation_duration: 0}
$data merge entity $(bone58) {transformation: [-0.8812f,0.4711f,-0.0394f,-0.2686f,0.0181f,-0.0498f,-0.9986f,0.0536f,-0.4724f,-0.8807f,0.0353f,-0.1766f,0f,0f,0f,1f],start_interpolation: 0,interpolation_duration: 0}
$data merge entity $(bone51) {transformation: [-0.8878f,0.2115f,0.4087f,-0.2295f,0.049f,0.9265f,-0.373f,0.3164f,-0.4576f,-0.3111f,-0.8329f,-0.2488f,0f,0f,0f,1f],start_interpolation: 0,interpolation_duration: 0}
$data merge entity $(bone47) {transformation: [-0.8878f,-0.1241f,0.4432f,-0.2535f,0.049f,0.932f,0.3591f,0.5635f,-0.4576f,0.3405f,-0.8214f,-0.1533f,0f,0f,0f,1f],start_interpolation: 0,interpolation_duration: 0}
$data merge entity $(bone45) {transformation: [-0.8899f,-0.2923f,0.3501f,-0.5388f,0.0652f,0.6782f,0.732f,1.0479f,-0.4515f,0.6742f,-0.5845f,0.5044f,0f,0f,0f,1f],start_interpolation: 0,interpolation_duration: 0}
$data merge entity $(bone43) {transformation: [-0.8408f,0.5141f,0.1697f,-0.1713f,0.1157f,0.4767f,-0.8714f,1.2566f,-0.5289f,-0.713f,-0.4603f,-0.0343f,0f,0f,0f,1f],start_interpolation: 0,interpolation_duration: 0}