# This file was generated by Animated Java via MC-Build. It is not recommended to edit this file directly.
$data merge entity $(crown) {transformation: [-0.9615f,-0.2132f,-0.1736f,-0.1206f,-0.2164f,0.9763f,0f,1.9569f,0.1695f,0.0376f,-0.9848f,-0.0497f,0f,0f,0f,1f],start_interpolation: 0,interpolation_duration: 0}
$data merge entity $(head) {transformation: [-0.9615f,-0.2132f,-0.1736f,-0.014f,-0.2164f,0.9763f,0f,1.4688f,0.1695f,0.0376f,-0.9848f,-0.0685f,0f,0f,0f,1f],start_interpolation: 0,interpolation_duration: 0}
$data merge entity $(rwide) {transformation: [-0.9108f,0.398f,0.11f,-0.1649f,-0.1438f,-0.0558f,-0.988f,1.2188f,-0.3871f,-0.9157f,0.1081f,-0.1089f,0f,0f,0f,1f],start_interpolation: 0,interpolation_duration: 0}
$data merge entity $(rslim) {transformation: [0f,0f,0f,-0.1649f,0f,0f,0f,1.2188f,0f,0f,0f,-0.1089f,0f,0f,0f,1f],start_interpolation: 0,interpolation_duration: 0}
$data merge entity $(right_item) {transformation: [0f,0f,0f,-0.5632f,0f,0f,0f,1.2152f,0f,0f,0f,0.2643f,0f,0f,0f,1f],start_interpolation: 0,interpolation_duration: 0}
$data merge entity $(right_item2) {transformation: [0f,0f,0f,-0.4685f,0f,0f,0f,1.3355f,0f,0f,0f,0.4005f,0f,0f,0f,1f],start_interpolation: 0,interpolation_duration: 0}
$data merge entity $(binding_blade) {transformation: [0f,0f,0f,-0.4775f,0f,0f,0f,1.3064f,0f,0f,0f,0.4325f,0f,0f,0f,1f],start_interpolation: 0,interpolation_duration: 0}
$data merge entity $(heros_shield_toon) {transformation: [0f,0f,0f,-0.5667f,0f,0f,0f,1.2221f,0f,0f,0f,0.3306f,0f,0f,0f,1f],start_interpolation: 0,interpolation_duration: 0}
$data merge entity $(blaster) {transformation: [0f,0f,0f,-0.4672f,0f,0f,0f,1.2138f,0f,0f,0f,0.4426f,0f,0f,0f,1f],start_interpolation: 0,interpolation_duration: 0}
$data merge entity $(mr_baseball_bat) {transformation: [-0.3592f,0.2036f,-0.9108f,-0.4627f,0.7381f,0.6592f,-0.1438f,1.2283f,0.5711f,-0.7239f,-0.3871f,0.4266f,0f,0f,0f,1f],start_interpolation: 0,interpolation_duration: 0}
$data merge entity $(sword_of_light) {transformation: [0f,0f,0f,-0.4627f,0f,0f,0f,1.2283f,0f,0f,0f,0.4266f,0f,0f,0f,1f],start_interpolation: 0,interpolation_duration: 0}
$data merge entity $(lwide) {transformation: [-0.2596f,0.9656f,0.0153f,0.2091f,0.2255f,0.076f,-0.9713f,1.2969f,-0.939f,-0.2487f,-0.2375f,0.1854f,0f,0f,0f,1f],start_interpolation: 0,interpolation_duration: 0}
$data merge entity $(lslim) {transformation: [0f,0f,0f,0.2091f,0f,0f,0f,1.2969f,0f,0f,0f,0.1854f,0f,0f,0f,1f],start_interpolation: 0,interpolation_duration: 0}
$data merge entity $(left_item) {transformation: [0f,0f,0f,-0.3494f,0f,0f,0f,1.3287f,0f,0f,0f,0.414f,0f,0f,0f,1f],start_interpolation: 0,interpolation_duration: 0}
$data merge entity $(left_item2) {transformation: [0f,0f,0f,-0.2169f,0f,0f,0f,1.2095f,0f,0f,0f,0.5152f,0f,0f,0f,1f],start_interpolation: 0,interpolation_duration: 0}
$data merge entity $(mega_buster) {transformation: [0f,0f,0f,-0.3781f,0f,0f,0f,1.2353f,0f,0f,0f,0.3995f,0f,0f,0f,1f],start_interpolation: 0,interpolation_duration: 0}
$data merge entity $(master_sword) {transformation: [0f,0f,0f,-0.3743f,0f,0f,0f,1.2469f,0f,0f,0f,0.4179f,0f,0f,0f,1f],start_interpolation: 0,interpolation_duration: 0}
$data merge entity $(heros_shield) {transformation: [0f,0f,0f,-0.07f,0f,0f,0f,1.2278f,0f,0f,0f,0.4684f,0f,0f,0f,1f],start_interpolation: 0,interpolation_duration: 0}
$data merge entity $(body) {transformation: [-0.9659f,0f,0.2588f,0f,0f,1f,0f,0.75f,-0.2588f,0f,-0.9659f,0f,0f,0f,0f,1f],start_interpolation: 0,interpolation_duration: 0}
$data merge entity $(right_leg) {transformation: [-0.9967f,0.0694f,0.0427f,-0.1177f,0.0747f,0.9877f,0.1376f,0.75f,-0.0326f,0.1403f,-0.9896f,-0.0155f,0f,0f,0f,1f],start_interpolation: 0,interpolation_duration: 0}
$data merge entity $(left_leg) {transformation: [-0.9952f,-0.0435f,0.0872f,0.1177f,-0.0436f,0.999f,0f,0.75f,-0.0871f,-0.0038f,-0.9962f,0.0155f,0f,0f,0f,1f],start_interpolation: 0,interpolation_duration: 0}
execute unless entity @s[tag=aj.transforms_only] run function ssbrc:booth/fighter_select/rig/variants/ness/apply