# This file was generated by Animated Java via MC-Build. It is not recommended to edit this file directly.
$data merge entity $(crown) {transformation: [-0.9962f,-0.0076f,0.087f,0.0019f,-0.0038f,0.999f,0.0435f,1.9676f,-0.0872f,0.043f,-0.9953f,-0.0107f,0f,0f,0f,1f],start_interpolation: 0,interpolation_duration: 0}
$data merge entity $(head) {transformation: [-0.9962f,-0.0076f,0.087f,0.0057f,-0.0038f,0.999f,0.0435f,1.468f,-0.0872f,0.043f,-0.9953f,-0.0322f,0f,0f,0f,1f],start_interpolation: 0,interpolation_duration: 0}
$data merge entity $(rwide) {transformation: [-0.8506f,0.1693f,0.4979f,-0.3035f,0.1556f,0.9854f,-0.0692f,1.2807f,-0.5023f,0.0186f,-0.8645f,-0.0784f,0f,0f,0f,1f],start_interpolation: 0,interpolation_duration: 0}
$data merge entity $(rslim) {transformation: [0f,0f,0f,-0.3035f,0f,0f,0f,1.2807f,0f,0f,0f,-0.0784f,0f,0f,0f,1f],start_interpolation: 0,interpolation_duration: 0}
$data merge entity $(right_item) {transformation: [0f,0f,0f,-0.5742f,0f,0f,0f,0.822f,0f,0f,0f,-0.1976f,0f,0f,0f,1f],start_interpolation: 0,interpolation_duration: 0}
$data merge entity $(right_item2) {transformation: [0f,0f,0f,-0.5038f,0f,0f,0f,0.7118f,0f,0f,0f,-0.0398f,0f,0f,0f,1f],start_interpolation: 0,interpolation_duration: 0}
$data merge entity $(binding_blade) {transformation: [0f,0f,0f,-0.4936f,0f,0f,0f,0.6789f,0f,0f,0f,-0.0674f,0f,0f,0f,1f],start_interpolation: 0,interpolation_duration: 0}
$data merge entity $(heros_shield_toon) {transformation: [0f,0f,0f,-0.5648f,0f,0f,0f,0.7568f,0f,0f,0f,-0.187f,0f,0f,0f,1f],start_interpolation: 0,interpolation_duration: 0}
$data merge entity $(blaster) {transformation: [0f,0f,0f,-0.4469f,0f,0f,0f,0.6724f,0f,0f,0f,-0.1484f,0f,0f,0f,1f],start_interpolation: 0,interpolation_duration: 0}
$data merge entity $(mr_baseball_bat) {transformation: [0f,0f,0f,-0.4466f,0f,0f,0f,0.7669f,0f,0f,0f,-0.1197f,0f,0f,0f,1f],start_interpolation: 0,interpolation_duration: 0}
$data merge entity $(sword_of_light) {transformation: [-0.1605f,-0.5007f,-0.8506f,-0.4673f,-0.9865f,0.052f,0.1556f,0.7856f,-0.0337f,0.864f,-0.5023f,-0.0789f,0f,0f,0f,1f],start_interpolation: 0,interpolation_duration: 0}
$data merge entity $(lwide) {transformation: [-0.8976f,-0.1218f,0.4237f,0.3174f,-0.2209f,0.956f,-0.193f,1.2794f,-0.3816f,-0.2668f,-0.885f,-0.0006f,0f,0f,0f,1f],start_interpolation: 0,interpolation_duration: 0}
$data merge entity $(lslim) {transformation: [0f,0f,0f,0.3174f,0f,0f,0f,1.2794f,0f,0f,0f,-0.0006f,0f,0f,0f,1f],start_interpolation: 0,interpolation_duration: 0}
$data merge entity $(left_item) {transformation: [0f,0f,0f,0.4061f,0f,0f,0f,0.7436f,0f,0f,0f,0.2646f,0f,0f,0f,1f],start_interpolation: 0,interpolation_duration: 0}
$data merge entity $(left_item2) {transformation: [0f,0f,0f,0.4937f,0f,0f,0f,0.8669f,0f,0f,0f,0.3149f,0f,0f,0f,1f],start_interpolation: 0,interpolation_duration: 0}
$data merge entity $(mega_buster) {transformation: [0f,0f,0f,0.4497f,0f,0f,0f,0.6956f,0f,0f,0f,0.19f,0f,0f,0f,1f],start_interpolation: 0,interpolation_duration: 0}
$data merge entity $(master_sword) {transformation: [0f,0f,0f,0.4571f,0f,0f,0f,0.7021f,0f,0f,0f,0.2098f,0f,0f,0f,1f],start_interpolation: 0,interpolation_duration: 0}
$data merge entity $(heros_shield) {transformation: [-0.8157f,-0.1218f,-0.5655f,0.464f,0.0567f,0.956f,-0.2878f,1.0136f,0.5757f,-0.2668f,-0.7729f,0.2737f,0f,0f,0f,1f],start_interpolation: 0,interpolation_duration: 0}
$data merge entity $(body) {transformation: [-0.9848f,0.0076f,0.1735f,0f,0f,0.999f,-0.0436f,0.7188f,-0.1736f,-0.043f,-0.9839f,0f,0f,0f,0f,1f],start_interpolation: 0,interpolation_duration: 0}
$data merge entity $(right_leg) {transformation: [-0.9848f,0f,0.1736f,-0.15f,0f,1f,0f,0.75f,-0.1736f,0f,-0.9848f,0f,0f,0f,0f,1f],start_interpolation: 0,interpolation_duration: 0}
$data merge entity $(left_leg) {transformation: [-0.9811f,-0.0704f,-0.1805f,0.15f,-0.0872f,0.9924f,0.0868f,0.75f,0.173f,0.1009f,-0.9797f,0f,0f,0f,0f,1f],start_interpolation: 0,interpolation_duration: 0}
execute unless entity @s[tag=aj.transforms_only] run function ssbrc:booth/fighter_select/rig/variants/hero/apply